param n := 20;
param m := 2;
param L := 30;
param Q := 3;
param T := 600;
param t :
    1   2   3   4   5   6   7   8   9  10  11  12  13  14  15  16  17  18  19  20  21  22  23  24  25  26  27  28  29  30  31  32  33  34  35  36  37  38  39  40  41  42 :=
1 0.000 8.776 2.590 10.833 8.323 9.097 8.038 2.303 4.001 12.828 5.120 8.054 8.145 11.837 9.598 7.167 8.844 12.772 13.586 9.837 2.348 8.388 4.409 10.515 7.891 9.997 8.792 4.992 11.230 13.589 5.806 7.532 9.247 9.630 10.220 6.511 2.029 9.065 7.861 7.198 7.153 0.000 
2 8.776 0.000 6.410 16.412 10.550 0.331 6.383 10.254 4.788 17.317 12.088 13.908 16.146 13.996 16.502 12.869 8.645 4.304 22.208 17.443 8.344 5.017 12.865 16.992 9.881 10.874 14.771 12.848 19.462 22.176 13.542 12.277 16.291 10.599 14.355 2.306 8.566 17.811 15.231 14.464 5.108 8.776 
3 2.590 6.410 0.000 11.266 8.990 6.718 7.314 3.862 1.695 12.851 6.059 8.507 9.858 12.732 11.875 7.488 8.732 10.248 16.162 11.315 3.558 7.187 6.457 11.378 8.425 10.360 10.774 7.438 13.806 16.171 8.237 9.032 11.557 8.202 11.669 4.265 3.498 11.435 9.158 9.527 6.091 2.590 
4 10.833 16.412 11.266 0.000 19.093 16.622 18.519 8.585 12.750 2.615 5.753 2.795 5.825 22.411 17.614 3.781 19.629 18.709 15.920 4.725 13.174 18.449 7.972 1.889 18.701 20.819 17.968 13.432 16.104 16.164 14.025 17.735 17.180 7.597 20.282 14.924 12.832 10.099 4.285 15.510 17.353 10.833 
5 8.323 10.550 8.990 19.093 0.000 10.819 4.489 10.511 8.565 21.151 13.340 16.342 15.410 3.776 7.888 15.484 2.644 14.600 15.946 17.315 5.984 6.023 11.686 18.573 0.672 1.903 5.634 7.253 12.368 15.759 7.329 3.024 7.910 17.186 3.962 8.929 6.295 14.284 15.682 7.043 5.474 8.323 
6 9.097 0.331 6.718 16.622 10.819 0.000 6.610 10.556 5.106 17.487 12.358 14.138 16.432 14.238 16.824 13.101 8.874 3.982 22.538 17.714 8.675 5.214 13.171 17.228 10.152 11.106 15.085 13.179 19.793 22.506 13.873 12.581 16.615 10.703 14.640 2.636 8.897 18.128 15.499 14.792 5.363 9.097 
7 8.038 6.383 7.314 18.519 4.489 6.610 0.000 10.306 6.123 20.164 13.018 15.733 16.127 7.647 11.791 14.741 2.263 10.210 19.094 17.867 6.050 1.538 12.314 18.446 3.876 4.497 9.685 9.591 15.764 18.966 10.008 6.965 11.710 14.884 8.449 5.300 6.433 16.183 15.892 10.327 1.458 8.038 
8 2.303 10.254 3.862 8.585 10.511 10.556 10.306 0.000 5.547 10.683 2.839 5.833 6.047 13.904 10.533 5.013 11.144 13.927 12.954 7.632 4.605 10.562 2.635 8.212 10.117 12.237 10.175 5.832 11.168 13.018 6.611 9.376 10.136 8.492 12.024 8.126 4.254 7.753 5.590 8.143 9.351 2.303 
9 4.001 4.788 1.695 12.750 8.565 5.106 6.123 5.547 0.000 14.177 7.715 10.031 11.552 12.340 12.603 8.996 7.832 8.794 17.538 12.999 4.093 5.751 8.118 12.971 7.941 9.690 11.240 8.448 14.986 17.526 9.209 9.174 12.324 8.839 11.690 2.582 4.192 13.023 10.832 10.352 4.773 4.001 
10 12.828 17.317 12.851 2.615 21.151 17.487 20.164 10.683 14.177 0.000 7.940 4.906 8.438 24.587 20.140 5.673 21.463 19.075 18.479 7.231 15.173 19.928 10.419 4.347 20.715 22.807 20.396 15.853 18.719 18.731 16.481 19.999 19.707 7.388 22.596 16.105 14.855 12.700 6.887 17.988 18.909 12.828 
11 5.120 12.088 6.059 5.753 13.340 12.358 13.018 2.839 7.715 7.940 0.000 3.040 4.245 16.680 12.565 2.369 13.961 15.287 13.243 5.356 7.443 13.142 2.919 5.428 12.954 15.076 12.559 8.043 12.217 13.381 8.736 12.060 12.143 7.309 14.660 10.185 7.093 7.421 3.146 10.277 11.970 5.120 
12 8.054 13.908 8.507 2.795 16.342 14.138 15.733 5.833 10.031 4.906 3.040 0.000 4.708 19.716 15.370 1.045 16.836 16.531 14.845 4.620 10.400 15.694 5.599 3.109 15.936 18.049 15.518 10.980 14.443 15.042 11.632 15.098 14.941 6.400 17.690 12.289 10.064 8.868 2.921 13.156 14.583 8.054 
13 8.145 16.146 9.858 5.825 15.410 16.432 16.127 6.047 11.552 8.438 4.245 4.708 0.000 18.226 12.266 5.065 16.621 19.503 10.223 1.940 10.121 16.533 3.828 4.243 15.178 17.282 13.016 8.681 10.297 10.442 9.086 13.403 11.833 10.887 15.693 14.111 9.736 4.299 1.790 10.420 15.298 8.145 
14 11.837 13.996 12.732 22.411 3.776 14.238 7.647 13.904 12.340 24.587 16.680 19.716 18.226 0.000 8.234 18.917 5.399 17.833 16.751 20.164 9.557 9.136 14.695 21.719 4.405 3.178 6.144 9.604 13.058 16.498 9.381 4.825 8.449 20.934 3.090 12.570 9.825 16.383 18.742 8.499 8.897 11.837 
15 9.598 16.502 11.875 17.614 7.888 16.824 11.791 10.533 12.603 20.140 12.565 15.370 12.266 8.234 0.000 14.914 10.465 20.806 8.517 14.115 8.511 13.167 9.772 16.381 8.251 9.404 2.277 4.715 4.824 8.266 3.923 4.912 0.435 18.992 5.146 14.328 8.449 9.169 13.395 2.413 12.186 9.598 
16 7.167 12.869 7.488 3.781 15.484 13.101 14.741 5.013 8.996 5.673 2.369 1.045 5.065 18.917 14.914 0.000 15.893 15.546 14.973 5.328 9.515 14.674 5.184 4.131 15.058 17.160 14.926 10.412 14.310 15.148 11.101 14.362 14.489 5.827 16.985 11.244 9.191 9.010 3.357 12.641 13.573 7.167 
17 8.844 8.645 8.732 19.629 2.644 8.874 2.263 11.144 7.832 21.463 13.961 16.836 16.621 5.399 10.465 15.893 0.000 12.436 18.303 18.456 6.577 3.737 12.800 19.356 2.214 2.235 8.238 9.154 14.802 18.138 9.399 5.555 10.456 16.671 6.512 7.440 6.952 16.081 16.625 9.384 3.615 8.844 
18 12.772 4.304 10.248 18.709 14.600 3.982 10.210 13.927 8.794 19.075 15.287 16.531 19.503 17.833 20.806 15.546 12.436 0.000 26.332 20.562 12.596 8.699 16.561 19.630 13.945 14.658 19.056 17.094 23.697 26.317 17.806 16.524 20.596 11.764 18.491 6.542 12.794 21.650 18.348 18.761 9.134 12.772 
19 13.586 22.208 16.162 15.920 15.946 22.538 19.094 12.954 17.538 18.479 13.243 14.845 10.223 16.751 8.517 14.973 18.303 26.332 0.000 11.258 13.968 20.211 10.631 14.135 16.151 17.662 10.682 9.602 3.693 0.362 9.095 12.943 8.318 20.545 13.662 19.903 13.696 5.978 11.986 8.924 19.036 13.586 
20 9.837 17.443 11.315 4.725 17.315 17.714 17.867 7.632 12.999 7.231 5.356 4.620 1.940 20.164 14.115 5.328 18.456 20.562 11.258 0.000 11.915 18.192 5.663 2.884 17.067 19.179 14.935 10.620 11.820 11.518 11.016 15.342 13.685 11.019 17.631 15.512 11.531 5.633 2.221 12.330 16.973 9.837 
21 2.348 8.344 3.558 13.174 5.984 8.675 6.050 4.605 4.093 15.173 7.443 10.400 10.121 9.557 8.511 9.515 6.577 12.596 13.968 11.915 0.000 6.691 6.294 12.797 5.543 7.649 7.243 4.504 11.119 13.910 5.211 5.509 8.231 11.569 8.177 6.057 0.386 10.273 10.048 6.269 5.437 2.348 
22 8.388 5.017 7.187 18.449 6.023 5.214 1.538 10.562 5.751 19.928 13.142 15.694 16.533 9.136 13.167 14.674 3.737 8.699 20.211 18.192 6.691 0.000 12.776 18.533 5.402 5.965 11.112 10.630 16.976 20.102 11.120 8.408 13.061 14.223 9.981 4.330 7.057 16.959 16.135 11.576 1.256 8.388 
23 4.409 12.865 6.457 7.972 11.686 13.171 12.314 2.635 8.118 10.419 2.919 5.599 3.828 14.695 9.772 5.184 12.800 16.561 10.631 5.663 6.294 12.776 0.000 7.046 11.416 13.535 9.997 5.461 9.331 10.733 6.063 9.914 9.343 10.093 12.376 10.699 5.909 5.160 4.047 7.571 11.531 4.409 
24 10.515 16.992 11.378 1.889 18.573 17.228 18.446 8.212 12.971 4.347 5.428 3.109 4.243 21.719 16.381 4.131 19.356 19.630 14.135 2.884 12.797 18.533 7.046 0.000 18.236 20.365 16.930 12.444 14.522 14.390 12.966 16.956 15.946 9.038 19.414 15.311 12.433 8.411 3.032 14.396 17.378 10.515 
25 7.891 9.881 8.425 18.701 0.672 10.152 3.876 10.117 7.941 20.715 12.954 15.936 15.178 4.405 8.251 15.058 2.214 13.945 16.151 17.067 5.543 5.402 11.416 18.236 0.000 2.129 6.031 7.223 12.618 15.976 7.373 3.341 8.243 16.607 4.582 8.259 5.873 14.238 15.379 7.227 4.814 7.891 
26 9.997 10.874 10.360 20.819 1.903 11.106 4.497 12.237 9.690 22.807 15.076 18.049 17.282 3.178 9.404 17.160 2.235 14.658 17.662 19.179 7.649 5.965 13.535 20.365 2.129 0.000 7.127 9.150 14.037 17.459 9.201 4.733 9.482 18.478 4.798 9.583 7.987 16.180 17.506 8.818 5.810 9.997 
27 8.792 14.771 10.774 17.968 5.634 15.085 9.685 10.175 11.240 20.396 12.559 15.518 13.016 6.144 2.277 14.926 8.238 19.056 10.682 14.935 7.243 11.112 9.997 16.930 6.031 7.127 0.000 4.542 7.001 10.451 3.964 2.725 2.379 18.406 3.084 12.690 7.276 10.509 13.900 2.624 10.207 8.792 
28 4.992 12.848 7.438 13.432 7.253 13.179 9.591 5.832 8.448 15.853 8.043 10.980 8.681 9.604 4.715 10.412 9.154 17.094 9.602 10.620 4.504 10.630 5.461 12.444 7.223 9.150 4.542 0.000 6.616 9.512 0.816 4.795 4.331 14.278 7.016 10.559 4.302 7.031 9.414 2.312 9.441 4.992 
29 11.230 19.462 13.806 16.104 12.368 19.793 15.764 11.168 14.986 18.719 12.217 14.443 10.297 13.058 4.824 14.310 14.802 23.697 3.693 11.820 11.119 16.976 9.331 14.522 12.618 14.037 7.001 6.616 0.000 3.450 5.957 9.348 4.630 19.405 9.969 17.170 10.904 6.208 11.861 5.448 15.853 11.230 
30 13.589 22.176 16.171 16.164 15.759 22.506 18.966 13.018 17.526 18.731 13.381 15.042 10.442 16.498 8.266 15.148 18.138 26.317 0.362 11.518 13.910 20.102 10.733 14.390 15.976 17.459 10.451 9.512 3.450 0.000 8.982 12.749 8.079 20.688 13.412 19.870 13.645 6.175 12.197 8.754 18.935 13.589 
31 5.806 13.542 8.237 14.025 7.329 13.873 10.008 6.611 9.209 16.481 8.736 11.632 9.086 9.381 3.923 11.101 9.399 17.806 9.095 11.016 5.211 11.120 6.063 12.966 7.373 9.201 3.964 0.816 5.957 8.982 0.000 4.650 3.530 15.074 6.645 11.265 5.037 7.050 9.935 1.547 9.958 5.806 
32 7.532 12.277 9.032 17.735 3.024 12.581 6.965 9.376 9.174 19.999 12.060 15.098 13.403 4.825 4.912 14.362 5.555 16.524 12.943 15.342 5.509 8.408 9.914 16.956 3.341 4.733 2.725 4.795 9.348 12.749 4.650 0.000 4.904 17.061 2.689 10.303 5.668 11.700 13.959 4.089 7.547 7.532 
33 9.247 16.291 11.557 17.180 7.910 16.615 11.710 10.136 12.324 19.707 12.143 14.941 11.833 8.449 0.435 14.489 10.456 20.596 8.318 13.685 8.231 13.061 9.343 15.946 8.243 9.482 2.379 4.331 4.630 8.079 3.530 4.904 0.000 18.605 5.360 14.099 8.154 8.768 12.960 2.049 12.055 9.247 
34 9.630 10.599 8.202 7.597 17.186 10.703 14.884 8.492 8.839 7.388 7.309 6.400 10.887 20.934 18.992 5.827 16.671 11.764 20.545 11.019 11.569 14.223 10.093 9.038 16.607 18.478 18.406 14.278 19.405 20.688 15.074 17.061 18.605 0.000 19.742 9.967 11.394 14.666 9.178 16.586 13.463 9.630 
35 10.220 14.355 11.669 20.282 3.962 14.640 8.449 12.024 11.690 22.596 14.660 17.690 15.693 3.090 5.146 16.985 6.512 18.491 13.662 17.631 8.177 9.981 12.376 19.414 4.582 4.798 3.084 7.016 9.969 13.412 6.645 2.689 5.360 19.742 0.000 12.551 8.350 13.502 16.393 5.567 9.361 10.220 
36 6.511 2.306 4.265 14.924 8.929 2.636 5.300 8.126 2.582 16.105 10.185 12.289 14.111 12.570 14.328 11.244 7.440 6.542 19.903 15.512 6.057 4.330 10.699 15.311 8.259 9.583 12.690 10.559 17.170 19.870 11.265 10.303 14.099 9.967 12.551 0.000 6.268 15.569 13.324 12.232 3.852 6.511 
37 2.029 8.566 3.498 12.832 6.295 8.897 6.433 4.254 4.192 14.855 7.093 10.064 9.736 9.825 8.449 9.191 6.952 12.794 13.696 11.531 0.386 7.057 5.909 12.433 5.873 7.987 7.276 4.302 10.904 13.645 5.037 5.668 8.154 11.394 8.350 6.268 0.000 9.916 9.672 6.164 5.801 2.029 
38 9.065 17.811 11.435 10.099 14.284 18.128 16.183 7.753 13.023 12.700 7.421 8.868 4.299 16.383 9.169 9.010 16.081 21.650 5.978 5.633 10.273 16.959 5.160 8.411 14.238 16.180 10.509 7.031 6.208 6.175 7.050 11.700 8.768 14.666 13.502 15.569 9.916 0.000 6.029 7.935 15.707 9.065 
39 7.861 15.231 9.158 4.285 15.682 15.499 15.892 5.590 10.832 6.887 3.146 2.921 1.790 18.742 13.395 3.357 16.625 18.348 11.986 2.221 10.048 16.135 4.047 3.032 15.379 17.506 13.900 9.414 11.861 12.197 9.935 13.959 12.960 9.178 16.393 13.324 9.672 6.029 0.000 11.373 14.933 7.861 
40 7.198 14.464 9.527 15.510 7.043 14.792 10.327 8.143 10.352 17.988 10.277 13.156 10.420 8.499 2.413 12.641 9.384 18.761 8.924 12.330 6.269 11.576 7.571 14.396 7.227 8.818 2.624 2.312 5.448 8.754 1.547 4.089 2.049 16.586 5.567 12.232 6.164 7.935 11.373 0.000 10.490 7.198 
41 7.153 5.108 6.091 17.353 5.474 5.363 1.458 9.351 4.773 18.909 11.970 14.583 15.298 8.897 12.186 13.573 3.615 9.134 19.036 16.973 5.437 1.256 11.531 17.378 4.814 5.810 10.207 9.441 15.853 18.935 9.958 7.547 12.055 13.463 9.361 3.852 5.801 15.707 14.933 10.490 0.000 7.153 
42 0.000 8.776 2.590 10.833 8.323 9.097 8.038 2.303 4.001 12.828 5.120 8.054 8.145 11.837 9.598 7.167 8.844 12.772 13.586 9.837 2.348 8.388 4.409 10.515 7.891 9.997 8.792 4.992 11.230 13.589 5.806 7.532 9.247 9.630 10.220 6.511 2.029 9.065 7.861 7.198 7.153 0.000 ;
param d := 
1 0
2 3
3 3
4 3
5 3
6 3
7 3
8 3
9 3
10 3
11 3
12 3
13 3
14 3
15 3
16 3
17 3
18 3
19 3
20 3
21 3
22 3
23 3
24 3
25 3
26 3
27 3
28 3
29 3
30 3
31 3
32 3
33 3
34 3
35 3
36 3
37 3
38 3
39 3
40 3
41 3
42 0;
param q := 
1 0
2 1
3 1
4 1
5 1
6 1
7 1
8 1
9 1
10 1
11 1
12 1
13 1
14 1
15 1
16 1
17 1
18 1
19 1
20 1
21 1
22 -1
23 -1
24 -1
25 -1
26 -1
27 -1
28 -1
29 -1
30 -1
31 -1
32 -1
33 -1
34 -1
35 -1
36 -1
37 -1
38 -1
39 -1
40 -1
41 -1
42 0;
param e := 
1 0
2 0
3 0
4 0
5 0
6 0
7 0
8 0
9 0
10 0
11 0
12 522
13 223
14 321
15 421
16 179
17 82
18 19
19 516
20 236
21 455
22 469
23 429
24 268
25 331
26 396
27 85
28 488
29 417
30 558
31 579
32 0
33 0
34 0
35 0
36 0
37 0
38 0
39 0
40 0
41 0
42 0;
param l := 
1 600
2 1440
3 1440
4 1440
5 1440
6 1440
7 1440
8 1440
9 1440
10 1440
11 1440
12 537
13 238
14 336
15 436
16 194
17 97
18 34
19 531
20 251
21 470
22 484
23 444
24 283
25 346
26 411
27 100
28 503
29 432
30 573
31 594
32 1440
33 1440
34 1440
35 1440
36 1440
37 1440
38 1440
39 1440
40 1440
41 1440
42 600;

