param n := 48;
param m := 4;
param L := 30;
param Q := 3;
param T := 720;
param t :
    1   2   3   4   5   6   7   8   9  10  11  12  13  14  15  16  17  18  19  20  21  22  23  24  25  26  27  28  29  30  31  32  33  34  35  36  37  38  39  40  41  42  43  44  45  46  47  48  49  50  51  52  53  54  55  56  57  58  59  60  61  62  63  64  65  66  67  68  69  70  71  72  73  74  75  76  77  78  79  80  81  82  83  84  85  86  87  88  89  90  91  92  93  94  95  96  97  98 :=
1 0.000 6.893 7.634 5.273 5.096 6.866 7.400 10.168 9.014 6.898 9.318 8.530 6.305 3.590 5.790 8.387 8.811 7.622 5.211 8.626 11.472 5.833 4.147 4.899 7.591 4.347 11.284 9.849 8.830 9.377 9.607 7.827 3.389 9.438 4.378 2.392 1.419 7.591 7.854 8.100 7.600 4.279 3.875 8.202 9.593 9.005 7.212 8.565 11.004 11.103 8.135 8.825 8.173 3.843 7.082 11.688 9.368 8.685 10.923 9.514 4.356 6.399 6.972 6.208 11.803 12.413 10.716 4.645 9.868 4.484 10.045 5.705 2.258 6.617 11.597 6.493 6.319 7.704 3.718 9.905 5.020 1.283 8.174 10.098 9.169 11.249 3.356 9.357 11.335 10.300 8.295 8.556 7.962 6.413 8.921 7.459 3.082 0.000 
2 6.893 0.000 3.645 12.165 11.009 9.961 11.744 3.541 12.026 11.287 15.967 9.181 8.818 5.084 6.538 15.103 12.823 7.853 5.946 13.008 13.730 5.182 6.439 10.339 7.338 5.800 14.827 16.285 11.721 15.717 15.029 13.375 9.301 2.566 2.534 6.189 5.483 13.768 12.400 14.402 0.793 10.881 4.851 15.026 7.542 11.536 4.917 10.825 10.429 15.511 6.923 15.701 11.833 5.099 0.329 4.968 14.658 15.535 17.790 11.701 11.243 12.455 1.316 13.073 11.757 15.202 10.399 6.655 4.574 9.471 3.202 12.523 4.929 13.039 4.705 6.562 12.936 14.590 6.894 6.802 10.655 5.957 13.646 5.575 8.013 10.996 3.559 11.692 4.455 15.310 14.333 6.359 1.485 13.292 5.029 13.525 9.338 6.893 
3 7.634 3.645 0.000 12.561 10.172 7.742 9.863 6.233 14.835 9.491 16.908 12.456 6.569 7.500 4.188 15.949 10.651 4.816 8.883 11.005 10.754 8.379 8.968 12.129 10.684 4.333 17.552 15.491 9.158 14.846 13.461 12.021 10.793 4.249 4.124 8.062 6.350 15.191 14.679 13.569 4.112 11.913 4.006 14.908 3.914 8.845 8.438 8.107 6.892 17.930 10.412 16.124 14.424 7.624 3.387 7.208 16.651 16.074 17.733 8.857 11.557 13.951 2.329 13.613 8.263 18.169 6.912 9.322 8.034 11.419 4.447 13.213 5.384 14.249 6.177 9.769 12.558 14.741 9.205 10.447 9.680 7.250 15.522 9.147 4.503 7.494 4.759 8.905 6.150 17.456 15.865 2.773 4.889 13.762 1.522 15.028 9.021 7.634 
4 5.273 12.165 12.561 0.000 4.272 8.558 7.556 15.381 9.727 7.236 4.644 11.225 8.744 8.152 9.588 3.631 8.806 11.013 9.160 8.252 12.457 10.127 7.862 4.864 11.089 8.527 10.859 5.801 9.947 5.622 7.494 6.080 4.189 14.711 9.650 6.663 6.689 4.440 7.319 4.734 12.865 2.327 8.564 3.253 13.601 10.382 11.672 10.305 14.045 9.754 11.941 3.581 8.538 8.343 12.355 16.909 7.266 3.514 5.743 11.028 1.011 4.083 12.204 1.114 14.394 12.497 13.662 8.201 14.797 5.473 15.315 1.147 7.403 3.242 16.868 10.207 2.695 2.494 7.161 14.148 4.778 6.301 6.166 14.798 12.862 14.060 8.626 10.795 16.602 8.361 5.206 12.808 13.193 1.204 13.659 4.606 3.844 5.273 
5 5.096 11.009 10.172 4.272 0.000 4.419 3.311 14.527 12.889 2.967 8.731 13.325 4.860 8.685 6.381 7.737 4.638 7.371 10.271 4.175 8.197 10.929 9.120 7.963 12.603 5.840 14.542 5.350 5.677 4.739 4.519 2.742 6.643 13.324 8.577 7.426 6.058 8.646 10.900 3.432 11.794 5.693 6.384 5.082 10.173 6.123 12.289 6.094 10.072 13.715 13.209 7.005 11.807 8.939 11.093 15.977 11.356 7.184 7.815 6.773 3.572 8.047 10.589 5.286 10.268 16.022 9.667 9.594 14.697 8.144 13.828 5.405 6.186 7.430 15.549 11.532 2.638 5.335 8.574 14.994 0.590 6.370 10.187 15.071 9.265 10.006 7.637 6.535 15.363 12.443 9.428 9.623 12.338 5.222 10.920 8.760 2.021 5.096 
6 6.866 9.961 7.742 8.558 4.419 0.000 2.257 13.400 15.820 2.046 13.122 15.266 1.180 9.846 3.581 12.119 2.921 3.518 11.662 3.275 4.606 11.936 10.836 11.255 14.071 4.206 17.901 8.746 2.002 8.050 5.929 4.843 9.741 11.718 8.115 9.102 6.939 12.738 14.313 6.981 10.728 9.465 5.264 9.364 6.358 2.141 12.935 1.804 5.692 17.396 14.383 11.416 14.895 10.103 9.911 14.647 15.241 11.602 11.944 2.686 7.708 11.931 9.068 9.628 5.855 19.171 5.276 11.343 14.360 11.120 12.060 9.642 6.383 11.532 13.828 12.945 6.982 9.735 10.524 15.596 3.845 7.786 14.031 15.088 5.295 5.592 7.539 2.507 13.745 16.295 13.526 6.183 11.442 9.597 7.936 12.787 5.044 6.866 
7 7.400 11.744 9.863 7.556 3.311 2.257 0.000 15.254 15.938 0.507 11.866 15.926 3.343 10.782 5.675 10.899 1.428 5.773 12.535 1.295 4.903 12.985 11.542 11.105 14.946 5.957 17.747 6.629 2.531 5.932 3.676 2.688 9.691 13.689 9.651 9.781 7.881 11.955 14.106 4.984 12.530 8.960 6.905 7.664 8.600 3.062 14.152 3.285 7.620 16.996 15.394 9.920 14.909 11.044 11.735 16.570 14.662 10.182 10.056 3.710 6.883 11.348 10.979 8.525 7.490 19.166 7.189 12.043 15.968 11.165 14.077 8.697 7.581 10.739 15.848 13.830 5.462 8.223 11.110 16.863 2.904 8.534 13.487 16.577 7.519 7.394 8.916 3.458 15.738 15.747 12.735 8.436 13.201 8.425 10.156 12.071 4.781 7.400 
8 10.168 3.541 6.233 15.381 14.527 13.400 15.254 0.000 13.362 14.805 18.850 9.861 12.237 7.588 9.886 18.055 16.291 10.959 7.685 16.507 16.913 6.620 8.624 12.857 8.045 9.297 16.155 19.769 15.079 19.216 18.569 16.916 12.082 2.097 5.967 8.967 8.805 16.410 14.373 17.901 2.749 13.852 8.382 18.367 9.975 14.845 5.507 14.118 13.052 17.206 7.231 18.841 13.477 7.496 3.520 1.530 16.821 18.627 21.084 14.944 14.509 15.091 4.343 16.212 14.447 16.141 13.109 8.653 2.645 11.915 2.305 15.610 8.385 15.839 2.159 7.719 16.367 17.851 9.242 5.887 14.186 9.081 15.947 3.953 10.709 13.677 6.958 14.962 1.770 17.305 16.881 8.953 2.214 16.455 7.146 16.119 12.803 10.168 
9 9.014 12.026 14.835 9.727 12.889 15.820 15.938 13.362 0.000 15.474 9.518 3.849 15.318 7.345 14.560 9.381 17.360 16.446 6.081 17.008 20.397 6.923 5.881 4.974 5.397 13.065 2.817 15.451 17.730 15.335 17.021 15.400 6.258 14.098 10.716 7.164 9.436 6.676 2.741 14.445 12.237 7.487 12.253 12.565 17.915 17.958 7.856 17.558 19.827 4.025 6.371 11.155 1.214 7.211 12.352 14.639 4.879 10.668 14.045 18.494 9.758 6.013 13.005 9.548 20.738 3.433 19.580 5.513 11.255 4.773 14.740 8.881 10.385 7.221 15.490 5.663 12.361 11.471 5.775 8.629 13.119 8.403 4.849 10.394 17.756 20.139 10.254 18.325 15.108 4.734 6.500 16.731 11.960 9.859 16.350 6.279 11.158 9.014 
10 6.898 11.287 9.491 7.236 2.967 2.046 0.507 14.805 15.474 0.000 11.620 15.426 3.041 10.275 5.311 10.642 1.917 5.547 12.029 1.794 5.234 12.478 11.038 10.663 14.440 5.513 17.313 6.711 2.734 6.014 3.984 2.797 9.234 13.266 9.169 9.277 7.374 11.607 13.675 4.985 12.075 8.557 6.442 7.541 8.399 3.221 13.648 3.333 7.602 16.594 14.887 9.736 14.454 10.537 11.285 16.133 14.284 9.977 10.015 3.876 6.524 10.964 10.546 8.232 7.566 18.716 7.175 11.540 15.487 10.702 13.665 8.371 7.081 10.390 15.434 13.324 5.265 8.038 10.610 16.360 2.512 8.028 13.101 16.085 7.342 7.419 8.423 3.630 15.318 15.366 12.391 8.170 12.739 8.148 9.841 11.712 4.322 6.898 
11 9.318 15.967 16.908 4.644 8.731 13.122 11.866 18.850 9.518 11.620 0.000 12.376 13.374 11.272 14.196 1.013 12.964 15.655 11.657 12.328 16.732 12.760 10.451 6.256 12.927 13.064 9.366 7.717 14.354 7.967 10.803 9.861 6.769 18.529 13.566 9.890 10.698 2.920 6.785 7.782 16.582 5.095 12.974 4.819 18.215 14.830 14.293 14.825 18.674 7.623 13.936 2.398 8.364 11.387 16.203 20.370 5.123 1.922 4.896 15.484 5.615 4.033 16.237 3.533 18.976 11.181 18.286 10.602 17.762 7.214 19.168 3.740 11.570 3.040 20.574 12.352 6.438 3.842 9.757 16.354 9.285 10.029 4.692 17.464 17.498 18.670 12.585 15.242 20.268 6.002 3.028 17.382 16.766 3.528 18.103 3.319 8.481 9.318 
12 8.530 9.181 12.456 11.225 13.325 15.266 15.926 9.861 3.849 15.426 12.376 0.000 14.516 5.552 13.202 11.993 17.340 15.056 3.768 17.136 19.848 4.076 4.430 6.512 1.870 11.763 6.458 16.992 17.262 16.728 17.784 16.038 7.084 10.896 8.548 6.180 8.350 9.461 5.922 15.638 9.208 8.913 10.772 14.402 15.972 17.370 4.452 16.846 18.314 7.874 2.648 13.542 4.478 5.321 9.508 11.026 8.417 13.117 16.385 17.815 10.908 8.422 10.343 11.416 19.407 6.280 18.138 3.923 7.563 5.763 11.501 10.692 9.076 9.597 12.019 2.690 13.558 13.422 4.817 4.784 13.389 7.484 8.036 6.606 16.042 18.730 8.429 17.689 11.630 8.479 9.535 14.744 8.778 11.735 13.967 9.066 11.355 8.530 
13 6.305 8.818 6.569 8.744 4.860 1.180 3.343 12.237 15.318 3.041 13.374 14.516 0.000 9.022 2.401 12.362 4.100 2.582 10.846 4.437 5.362 11.042 10.105 10.936 13.236 3.123 17.520 9.608 2.961 8.918 7.010 5.786 9.399 10.541 7.059 8.410 6.168 12.731 13.986 7.774 9.579 9.363 4.204 9.928 5.444 2.914 11.967 2.332 5.301 17.143 13.489 11.828 14.453 9.273 8.759 13.474 15.099 11.968 12.604 3.303 7.825 11.827 7.901 9.845 5.745 18.710 4.920 10.608 13.253 10.704 10.881 9.772 5.501 11.546 12.648 12.113 7.495 10.180 9.853 14.598 4.270 7.089 13.881 14.016 4.454 5.339 6.553 3.193 12.566 16.128 13.514 5.134 10.302 9.851 6.813 12.742 5.009 6.305 
14 3.590 5.084 7.500 8.152 8.685 9.846 10.782 7.588 7.345 10.275 11.272 5.552 9.022 0.000 7.655 10.503 12.151 9.518 1.824 12.049 14.379 2.247 1.468 5.320 4.225 6.211 10.052 13.302 11.847 12.873 13.191 11.411 4.504 7.525 3.376 1.489 2.925 8.840 7.347 11.622 5.538 6.350 5.229 11.337 10.647 11.911 3.649 11.354 12.814 10.524 4.613 11.430 6.937 0.262 5.383 9.102 9.574 11.167 13.887 12.325 7.421 7.519 5.826 8.839 13.872 10.717 12.620 1.853 6.657 4.415 8.187 8.185 3.537 8.253 9.409 3.099 9.736 10.643 1.812 6.321 8.589 2.319 8.572 6.672 10.599 13.207 2.967 12.212 9.080 10.238 9.348 9.441 5.575 9.111 9.010 8.564 6.672 3.590 
15 5.790 6.538 4.188 9.588 6.381 3.581 5.675 9.886 14.560 5.311 14.196 13.202 2.401 7.655 0.000 13.190 6.501 1.888 9.442 6.824 7.250 9.432 8.935 10.685 11.735 1.495 16.992 11.547 5.197 10.878 9.290 7.912 9.161 8.148 5.092 7.409 5.124 13.067 13.634 9.647 7.276 9.630 2.432 11.387 4.020 4.999 10.148 4.291 5.268 16.892 11.838 12.978 13.840 7.882 6.449 11.092 15.110 13.030 14.171 5.189 8.591 11.995 5.544 10.699 6.229 17.992 5.023 9.414 11.056 10.251 8.480 10.468 4.205 11.957 10.247 10.641 8.950 11.431 8.841 12.674 5.830 6.160 13.902 11.906 3.409 5.592 4.838 5.164 10.167 16.069 13.822 3.270 8.022 10.774 4.609 13.004 5.757 5.790 
16 8.387 15.103 15.949 3.631 7.737 12.119 10.899 18.055 9.381 10.642 1.013 11.993 12.362 10.503 13.190 0.000 12.023 14.643 11.003 11.397 15.777 12.091 9.765 5.674 12.411 12.069 9.531 7.078 13.376 7.261 9.984 8.961 6.006 17.668 12.675 9.089 9.780 2.711 6.644 6.962 15.736 4.225 12.000 4.089 17.208 13.846 13.638 13.829 17.662 7.917 13.399 1.891 8.192 10.632 15.332 19.581 5.336 1.369 4.707 14.499 4.605 3.571 15.333 2.520 17.972 11.331 17.276 9.953 17.060 6.608 18.302 2.750 10.632 2.427 19.738 11.771 5.501 3.029 9.061 15.792 8.287 9.150 4.683 16.818 16.487 17.662 11.683 14.258 19.439 6.314 3.078 16.383 15.946 2.523 17.128 3.103 7.469 8.387 
17 8.811 12.823 10.651 8.806 4.638 2.921 1.428 16.291 17.360 1.917 12.964 17.340 4.100 12.151 6.501 12.023 0.000 6.200 13.919 0.718 3.794 14.338 12.946 12.512 16.333 7.027 19.142 7.038 2.036 6.365 3.548 3.273 11.109 14.635 10.846 11.184 9.237 13.235 15.500 5.651 13.599 10.324 8.038 8.543 8.886 2.609 15.467 3.125 7.405 18.352 16.759 10.905 16.325 12.413 12.788 17.558 15.985 11.210 10.718 3.157 8.196 12.683 11.972 9.725 7.014 20.576 6.974 13.449 17.146 12.588 14.981 9.952 8.876 12.024 16.748 15.215 6.526 9.223 12.525 18.169 4.285 9.925 14.822 17.808 7.759 7.064 10.166 2.915 16.665 17.074 14.009 8.917 14.296 9.599 10.764 13.370 6.203 8.811 
18 7.622 7.853 4.816 11.013 7.371 3.518 5.773 10.959 16.446 5.547 15.655 15.056 2.582 9.518 1.888 14.643 6.200 0.000 11.290 6.691 5.956 11.228 10.817 12.499 13.551 3.382 18.862 12.184 4.459 11.493 9.438 8.332 10.965 9.047 6.784 9.298 7.010 14.727 15.476 10.356 8.525 11.296 4.290 12.453 2.865 4.080 11.850 3.347 3.390 18.721 13.605 14.255 15.715 9.740 7.704 12.014 16.877 14.358 15.160 4.045 10.045 13.707 6.697 12.127 4.354 19.878 3.135 11.292 12.426 12.100 9.262 11.969 6.092 13.585 10.981 12.469 10.008 12.639 10.729 14.295 6.785 8.044 15.663 13.374 1.894 3.705 6.650 4.104 10.965 17.856 15.494 2.717 9.302 12.167 4.616 14.689 7.178 7.622 
19 5.211 5.946 8.883 9.160 10.271 11.662 12.535 7.685 6.081 12.029 11.657 3.768 10.846 1.824 9.442 11.003 13.919 11.290 0.000 13.790 16.203 1.118 1.299 5.422 2.417 8.015 8.882 14.609 13.664 14.231 14.790 13.012 5.111 8.107 4.849 2.845 4.728 8.976 6.696 13.024 6.192 7.090 7.010 12.408 12.259 13.733 2.636 13.178 14.549 9.650 2.941 12.169 5.931 1.576 6.271 9.115 9.137 11.844 14.797 14.149 8.565 7.690 6.941 9.682 15.640 9.316 14.371 1.055 6.149 4.457 8.762 8.982 5.359 8.623 9.710 1.295 11.049 11.602 2.008 4.989 10.227 4.005 8.295 5.815 12.289 14.963 4.663 14.035 9.347 9.633 9.354 11.037 5.995 9.979 10.405 8.646 8.250 5.211 
20 8.626 13.008 11.005 8.252 4.175 3.275 1.295 16.507 17.008 1.794 12.328 17.136 4.437 12.049 6.824 11.397 0.718 6.691 13.790 0.000 4.479 14.260 12.773 12.118 16.196 7.211 18.716 6.321 2.711 5.647 2.879 2.572 10.750 14.907 10.941 11.015 9.158 12.690 15.074 4.943 13.791 9.864 8.180 7.857 9.436 3.288 15.440 3.754 8.075 17.871 16.662 10.238 15.950 12.311 12.991 17.806 15.471 10.553 10.004 3.857 7.690 12.185 12.213 9.139 7.720 20.183 7.642 13.272 17.257 12.241 15.278 9.398 8.874 11.485 17.048 15.084 5.896 8.564 12.321 18.153 3.890 9.786 14.321 17.871 8.319 7.752 10.211 3.611 16.950 16.564 13.458 9.399 14.471 9.001 11.200 12.839 5.878 8.626 
21 11.472 13.730 10.754 12.457 8.197 4.606 4.903 16.913 20.397 5.234 16.732 19.848 5.362 14.379 7.250 15.777 3.794 5.956 16.203 4.479 0.000 16.401 15.423 15.737 18.597 8.389 22.402 10.648 2.670 10.005 6.939 7.049 14.251 14.997 12.294 13.698 11.502 16.841 18.783 9.410 14.434 13.755 9.477 12.334 7.765 2.478 17.286 3.043 5.198 21.778 18.847 14.698 19.445 14.632 13.607 17.962 19.505 14.997 14.435 2.082 11.758 16.183 12.626 13.426 4.211 23.723 4.845 15.929 18.284 15.667 15.191 13.596 10.863 15.624 16.884 17.474 10.297 13.013 15.126 19.879 7.741 12.380 18.316 19.155 6.683 4.621 11.879 2.170 16.888 20.583 17.624 8.318 15.201 13.321 10.327 16.944 9.404 11.472 
22 5.833 5.182 8.379 10.127 10.929 11.936 12.985 6.620 6.923 12.478 12.760 4.076 11.042 2.247 9.432 12.091 14.338 11.228 1.118 14.260 16.401 0.000 2.332 6.535 2.353 8.075 9.740 15.462 13.929 15.055 15.437 13.658 6.157 7.177 4.539 3.593 5.104 10.093 7.754 13.821 5.324 8.123 7.018 13.361 11.939 13.953 1.559 13.360 14.393 10.628 2.448 13.217 6.896 1.991 5.511 8.028 10.222 12.905 15.806 14.328 9.480 8.804 6.290 10.700 15.548 10.025 14.246 2.167 5.031 5.569 7.822 10.009 5.555 9.723 8.679 1.396 11.893 12.591 3.045 4.104 10.835 4.565 9.401 4.736 12.070 14.845 4.595 14.232 8.309 10.685 10.472 10.707 5.042 10.991 9.891 9.763 8.914 5.833 
23 4.147 6.439 8.968 7.862 9.120 10.836 11.542 8.624 5.881 11.038 10.451 4.430 10.105 1.468 8.935 9.765 12.946 10.817 1.299 12.773 15.423 2.332 0.000 4.271 3.484 7.460 8.584 13.337 12.832 12.972 13.633 11.861 3.828 8.793 4.844 1.762 3.940 7.841 5.962 11.779 6.819 5.801 6.537 11.110 12.072 12.945 3.889 12.430 14.151 9.093 4.167 10.889 5.476 1.367 6.749 10.100 8.278 10.573 13.502 13.398 7.276 6.535 7.258 8.389 15.165 9.266 13.939 0.507 7.312 3.312 9.455 7.691 4.741 7.411 10.560 2.440 9.784 10.303 0.715 6.287 9.116 3.054 7.342 7.069 11.982 14.519 4.389 13.268 10.212 8.881 8.272 10.875 6.755 8.684 10.478 7.530 7.108 4.147 
24 4.899 10.339 12.129 4.864 7.963 11.255 11.105 12.857 4.974 10.663 6.256 6.512 10.936 5.320 10.685 5.674 12.512 12.499 5.422 12.118 15.737 6.535 4.271 0.000 6.747 9.245 6.665 10.661 13.071 10.481 12.048 10.429 1.543 12.831 8.224 4.181 5.869 3.570 3.059 9.522 10.844 2.554 8.697 7.934 14.467 13.361 8.051 13.045 15.866 6.231 7.726 7.071 3.850 5.377 10.619 14.349 4.534 6.674 9.884 13.939 4.794 2.270 10.896 4.918 16.595 8.066 15.563 4.368 11.561 0.966 13.490 4.199 6.890 3.252 14.726 6.104 7.426 6.923 3.618 10.120 8.235 4.893 3.393 11.214 14.068 16.078 7.398 13.748 14.392 5.414 4.030 13.395 10.893 5.238 13.538 3.264 6.353 4.899 
25 7.591 7.338 10.684 11.089 12.603 14.071 14.946 8.045 5.397 14.440 12.927 1.870 13.236 4.225 11.735 12.411 16.333 13.551 2.417 16.196 18.597 2.353 3.484 6.747 0.000 10.344 8.143 16.717 16.072 16.384 17.117 15.345 6.907 9.028 6.891 5.202 7.142 10.072 6.974 15.217 7.343 8.866 9.308 14.334 14.287 16.132 2.588 15.565 16.740 9.372 1.050 13.790 5.744 3.969 7.664 9.265 9.524 13.411 16.546 16.536 10.613 8.895 8.526 11.457 17.882 8.114 16.587 3.023 5.858 5.850 9.636 10.736 7.736 9.984 10.197 1.126 13.190 13.440 4.075 3.491 12.590 6.412 8.942 5.040 14.422 17.185 6.903 16.428 9.810 9.760 10.284 13.055 6.908 11.769 12.185 9.698 10.589 7.591 
26 4.347 5.800 4.333 8.527 5.840 4.206 5.957 9.297 13.065 5.513 13.064 11.763 3.123 6.211 1.495 12.069 7.027 3.382 8.015 7.211 8.389 8.075 7.460 9.245 10.344 0.000 15.504 11.167 6.083 10.529 9.366 7.813 7.734 7.772 3.938 5.916 3.629 11.760 12.168 9.245 6.581 8.335 1.089 10.634 5.282 6.002 8.898 5.354 6.763 15.433 10.505 12.019 12.349 6.445 5.780 10.621 13.705 12.023 13.454 6.307 7.517 10.646 5.037 9.623 7.711 16.498 6.517 7.944 10.154 8.782 8.201 9.324 2.721 10.685 9.963 9.238 8.252 10.549 7.351 11.498 5.355 4.665 12.503 10.895 4.823 7.084 3.500 6.238 9.829 14.646 12.501 4.334 7.270 9.729 5.191 11.675 4.798 4.347 
27 11.284 14.827 17.552 10.859 14.542 17.901 17.747 16.155 2.817 17.313 9.366 6.458 17.520 10.052 16.992 9.531 19.142 18.862 8.882 18.716 22.402 9.740 8.584 6.665 8.143 15.504 0.000 16.265 19.735 16.267 18.346 16.848 8.161 16.915 13.427 9.697 11.900 6.931 3.643 15.555 15.051 8.876 14.765 13.256 20.500 20.017 10.648 19.681 22.252 2.020 9.073 11.415 3.169 9.939 15.152 17.407 4.243 10.897 14.210 20.588 11.133 6.796 15.781 10.402 23.086 1.817 21.981 8.254 13.988 6.818 17.556 9.838 12.888 7.850 18.290 8.474 13.554 12.122 8.387 11.213 14.857 10.855 4.910 13.064 20.271 22.523 12.899 20.401 17.908 3.489 6.453 19.338 14.777 10.680 19.059 6.596 13.014 11.284 
28 9.849 16.285 15.491 5.801 5.350 8.746 6.629 19.769 15.451 6.711 7.717 16.992 9.608 13.302 11.547 7.078 7.038 12.184 14.609 6.321 10.648 15.462 13.337 10.661 16.717 11.167 16.265 0.000 8.977 0.697 3.756 3.941 9.912 18.650 13.802 11.871 11.066 9.373 12.908 1.922 17.061 8.127 11.733 3.031 15.049 9.551 16.945 9.891 14.244 14.856 17.497 5.319 14.245 13.531 16.389 21.245 12.256 5.804 3.910 10.154 6.110 9.540 15.926 5.919 14.016 17.996 13.812 13.737 19.710 11.262 19.166 6.570 11.384 8.420 20.876 15.759 3.568 4.163 12.675 19.560 5.812 11.106 11.369 19.932 14.025 13.989 12.820 9.904 20.680 13.298 9.973 14.685 17.562 5.620 16.149 9.681 6.970 9.849 
29 8.830 11.721 9.158 9.947 5.677 2.002 2.531 15.079 17.730 2.734 14.354 17.262 2.961 11.847 5.197 13.376 2.036 4.459 13.664 2.711 2.670 13.929 12.832 13.071 16.072 6.083 19.735 8.977 0.000 8.291 5.581 5.089 11.582 13.294 10.020 11.093 8.940 14.278 16.120 7.452 12.469 11.128 7.165 10.193 6.982 0.578 14.904 1.154 5.370 19.136 16.377 12.446 16.775 12.104 11.642 16.255 16.895 12.699 12.539 1.191 9.193 13.571 10.737 10.958 5.040 21.054 4.938 13.339 16.196 12.997 13.578 11.074 8.374 13.062 15.328 14.947 7.981 10.748 12.509 17.549 5.178 9.780 15.697 16.975 5.843 5.042 9.496 0.937 15.279 17.966 15.064 7.147 13.207 10.880 9.076 14.363 6.750 8.830 
30 9.377 15.717 14.846 5.622 4.739 8.050 5.932 19.216 15.335 6.014 7.967 16.728 8.918 12.873 10.878 7.261 6.365 11.493 14.231 5.647 10.005 15.055 12.972 10.481 16.384 10.529 16.267 0.697 8.291 0.000 3.167 3.244 9.646 18.059 13.250 11.462 10.557 9.427 12.846 1.315 16.497 7.930 11.121 3.172 14.358 8.864 16.522 9.197 13.549 14.925 17.138 5.585 14.138 13.107 15.813 20.682 12.331 6.045 4.474 9.470 5.821 9.498 15.327 5.871 13.330 17.975 13.117 13.386 19.219 11.034 18.567 6.481 10.835 8.419 20.285 15.404 3.194 4.267 12.324 19.158 5.179 10.646 11.397 19.474 13.331 13.297 12.277 9.220 20.095 13.390 10.062 14.004 17.013 5.587 15.483 9.716 6.438 9.377 
31 9.607 15.029 13.461 7.494 4.519 5.929 3.676 18.569 17.021 3.984 10.803 17.784 7.010 13.191 9.290 9.984 3.548 9.438 14.790 2.879 6.939 15.437 13.633 12.048 17.117 9.366 18.346 3.756 5.581 3.167 0.000 1.780 10.903 17.136 12.746 11.945 10.481 11.788 14.769 3.024 15.822 9.558 10.196 6.019 12.240 6.156 16.771 6.631 10.950 17.223 17.728 8.501 15.875 13.446 15.060 19.949 14.687 8.908 7.640 6.699 7.274 11.576 14.394 8.110 10.541 19.955 10.518 14.103 19.008 12.392 17.564 8.564 10.456 10.656 19.329 16.050 4.808 6.968 13.074 19.484 4.617 10.873 13.635 19.470 11.140 10.612 11.887 6.460 19.193 15.776 12.500 12.111 16.440 7.889 13.821 12.016 6.540 9.607 
32 7.827 13.375 12.021 6.080 2.742 4.843 2.688 16.916 15.400 2.797 9.861 16.038 5.786 11.411 7.912 8.961 3.273 8.332 13.012 2.572 7.049 13.658 11.861 10.429 15.345 7.813 16.848 3.941 5.089 3.244 1.780 0.000 9.221 15.550 11.045 10.167 8.715 10.486 13.237 2.381 14.168 7.993 8.576 5.295 11.189 5.655 14.995 5.958 10.306 15.829 15.949 7.705 14.275 11.667 13.422 18.320 13.344 8.042 7.464 6.278 5.717 10.140 12.801 6.841 10.121 18.413 9.874 12.333 17.276 10.719 16.004 7.201 8.723 9.311 17.759 14.275 3.506 6.051 11.309 17.707 2.848 9.093 12.244 17.715 10.138 10.064 10.162 6.025 17.607 14.439 11.230 10.916 14.766 6.663 12.508 10.677 4.762 7.827 
33 3.389 9.301 10.793 4.189 6.643 9.741 9.691 12.082 6.258 9.234 6.769 7.084 9.399 4.504 9.161 6.006 11.109 10.965 5.111 10.750 14.251 6.157 3.828 1.543 6.907 7.734 8.161 9.912 11.582 9.646 10.903 9.221 0.000 11.843 7.031 3.137 4.462 4.483 4.588 8.577 9.873 1.985 7.232 7.428 12.979 11.857 7.716 11.524 14.328 7.773 7.785 7.061 5.220 4.627 9.559 13.601 5.982 6.750 9.702 12.427 3.826 3.190 9.727 4.586 15.053 9.489 14.022 4.097 11.068 1.502 12.493 3.877 5.470 3.764 13.838 6.063 6.485 6.543 3.113 10.057 6.861 3.553 4.796 10.892 12.553 14.536 6.132 12.240 13.523 6.912 5.101 11.928 10.015 4.890 12.164 4.271 4.912 3.389 
34 9.438 2.566 4.249 14.711 13.324 11.718 13.689 2.097 14.098 13.266 18.529 10.896 10.541 7.525 8.148 17.668 14.635 9.047 8.107 14.907 14.997 7.177 8.793 12.831 9.028 7.772 16.915 18.650 13.294 18.059 17.136 15.550 11.843 0.000 5.061 8.717 8.022 16.296 14.735 16.747 1.988 13.445 6.982 17.522 7.898 13.021 6.445 12.286 10.986 17.757 8.380 18.257 14.037 7.504 2.356 2.969 17.067 18.096 20.304 13.074 13.778 14.980 2.749 15.631 12.387 17.109 11.057 8.941 4.460 11.939 0.663 15.086 7.398 15.591 2.226 8.464 15.377 17.120 9.311 7.508 12.926 8.523 16.093 5.749 8.668 11.618 6.087 13.108 2.058 17.666 16.844 6.908 2.140 15.846 5.060 16.044 11.758 9.438 
35 4.378 2.534 4.124 9.650 8.577 8.115 9.651 5.967 10.716 9.169 13.566 8.548 7.059 3.376 5.092 12.675 10.846 6.784 4.849 10.941 12.294 4.539 4.844 8.224 6.891 3.938 13.427 13.802 10.020 13.250 12.746 11.045 7.031 5.061 0.000 4.057 2.961 11.511 10.611 11.936 3.279 8.471 2.856 12.492 7.424 9.935 5.068 9.274 9.868 13.840 6.845 13.200 10.303 3.506 2.706 7.449 12.688 13.050 15.257 10.214 8.718 10.219 2.698 10.579 11.053 14.068 9.735 5.206 6.318 7.438 5.668 10.050 2.419 10.700 7.235 5.871 10.418 12.062 5.097 7.589 8.263 3.541 11.603 6.975 7.532 10.337 1.027 10.158 6.989 13.439 12.125 6.197 3.764 10.789 5.635 11.300 6.837 4.378 
36 2.392 6.189 8.062 6.663 7.426 9.102 9.781 8.967 7.164 9.277 9.890 6.180 8.410 1.489 7.409 9.089 11.184 9.298 2.845 11.015 13.698 3.593 1.762 4.181 5.202 5.916 9.697 11.871 11.093 11.462 11.945 10.167 3.137 8.717 4.057 0.000 2.298 7.581 6.623 10.230 6.741 4.900 5.090 9.853 10.803 11.221 5.082 10.725 12.670 9.890 5.784 9.959 6.528 1.686 6.458 10.492 8.632 9.707 12.399 11.689 5.941 6.267 6.716 7.358 13.618 10.596 12.432 2.266 8.142 3.381 9.370 6.713 3.221 6.901 10.700 4.112 8.303 9.154 1.450 7.697 7.391 1.321 7.549 8.151 10.598 13.000 3.304 11.552 10.387 9.401 8.146 9.647 6.880 7.627 9.522 7.336 5.406 2.392 
37 1.419 5.483 6.350 6.689 6.058 6.939 7.881 8.805 9.436 7.374 10.698 8.350 6.168 2.925 5.124 9.780 9.237 7.010 4.728 9.158 11.502 5.104 3.940 5.869 7.142 3.629 11.900 11.066 8.940 10.557 10.481 8.715 4.462 8.022 2.961 2.298 0.000 8.843 8.652 9.258 6.201 5.625 2.879 9.569 8.659 9.026 6.319 8.496 10.391 11.933 7.523 10.243 8.737 3.185 5.666 10.317 10.400 10.102 12.314 9.466 5.760 7.602 5.560 7.626 11.322 12.869 10.145 4.442 8.669 5.276 8.627 7.116 1.023 7.929 10.188 6.017 7.589 9.107 3.745 9.039 5.867 1.045 9.238 9.014 8.372 10.708 1.938 9.341 9.932 11.272 9.515 7.550 6.593 7.832 7.703 8.679 4.133 1.419 
38 7.591 13.768 15.191 4.440 8.646 12.738 11.955 16.410 6.676 11.607 2.920 9.461 12.731 8.840 13.067 2.711 13.235 14.727 8.976 12.690 16.841 10.093 7.841 3.570 10.072 11.760 6.931 9.373 14.278 9.427 11.788 10.486 4.483 16.296 11.511 7.581 8.843 0.000 3.937 8.853 14.317 3.437 11.448 6.347 17.037 14.679 11.591 14.528 17.960 5.498 11.096 4.540 5.495 8.916 14.032 17.909 2.913 4.034 7.407 15.312 5.086 1.321 14.208 3.678 18.471 8.706 17.608 7.926 15.123 4.532 16.951 3.297 9.813 1.217 18.245 9.563 7.008 5.212 7.183 13.529 9.107 8.006 2.024 14.736 16.467 18.060 10.598 15.089 17.918 3.992 0.788 16.075 14.411 3.908 16.510 0.402 7.731 7.591 
39 7.854 12.400 14.679 7.319 10.900 14.313 14.106 14.373 2.741 13.675 6.785 5.922 13.986 7.347 13.634 6.644 15.500 15.476 6.696 15.074 18.783 7.754 5.962 3.059 6.974 12.168 3.643 12.908 16.120 12.846 14.769 13.237 4.588 14.735 10.611 6.623 8.652 3.937 0.000 12.048 12.772 5.248 11.528 9.962 17.311 16.416 9.037 16.103 18.856 3.282 8.023 8.435 1.585 7.306 12.708 15.776 2.550 7.943 11.321 16.997 7.520 3.375 13.167 6.990 19.623 5.186 18.564 5.795 12.611 3.387 15.396 6.366 9.669 4.551 16.405 6.807 10.006 8.847 5.543 10.446 11.215 7.621 2.162 11.965 16.983 19.089 9.925 16.805 16.043 2.938 3.781 16.195 12.659 7.289 16.145 3.541 9.385 7.854 
40 8.100 14.402 13.569 4.734 3.432 6.981 4.984 17.901 14.445 4.985 7.782 15.638 7.774 11.622 9.647 6.962 5.651 10.356 13.024 4.943 9.410 13.821 11.779 9.522 15.217 9.245 15.555 1.922 7.452 1.315 3.024 2.381 8.577 16.747 11.936 10.230 9.258 8.853 12.048 0.000 15.182 6.971 9.816 3.029 13.218 8.011 15.271 8.268 12.584 14.329 15.944 5.503 13.264 11.861 14.499 19.367 11.764 5.895 5.088 8.642 4.763 8.759 14.017 5.191 12.467 17.219 12.155 12.205 17.924 10.007 17.257 5.717 9.522 7.762 18.972 14.217 2.101 3.944 11.145 17.924 3.890 9.375 10.756 18.198 12.217 12.377 10.966 8.389 18.782 12.844 9.542 12.811 15.700 4.945 14.242 9.104 5.132 8.100 
41 7.600 0.793 4.112 12.865 11.794 10.728 12.530 2.749 12.237 12.075 16.582 9.208 9.579 5.538 7.276 15.736 13.599 8.525 6.192 13.791 14.434 5.324 6.819 10.844 7.343 6.581 15.051 17.061 12.469 16.497 15.822 14.168 9.873 1.988 3.279 6.741 6.201 14.317 12.772 15.182 0.000 11.511 5.641 15.762 8.025 12.271 4.822 11.554 10.980 15.827 6.823 16.384 12.119 5.520 0.829 4.185 15.087 16.204 18.515 12.418 11.955 12.999 1.848 13.753 12.331 15.334 10.974 6.986 3.944 9.951 2.649 13.188 5.691 13.628 4.012 6.665 13.696 15.304 7.327 6.430 11.444 6.614 14.107 5.035 8.572 11.565 4.296 12.416 3.737 15.699 14.859 6.876 0.786 13.978 5.385 14.061 10.106 7.600 
42 4.279 10.881 11.913 2.327 5.693 9.465 8.960 13.852 7.487 8.557 5.095 8.913 9.363 6.350 9.630 4.225 10.324 11.296 7.090 9.864 13.755 8.123 5.801 2.554 8.866 8.335 8.876 8.127 11.128 7.930 9.558 7.993 1.985 13.445 8.471 4.900 5.625 3.437 5.248 6.971 11.511 0.000 8.074 5.499 13.607 11.483 9.681 11.268 14.552 8.037 9.761 5.102 6.324 6.501 11.113 15.380 5.778 4.819 7.717 12.099 2.285 2.469 11.146 2.602 15.108 10.420 14.207 6.081 12.980 3.152 14.081 1.893 6.536 2.358 15.514 8.045 4.878 4.573 5.086 12.041 6.056 4.935 4.573 12.851 13.031 14.672 7.493 11.887 15.217 6.841 4.198 12.660 11.728 2.908 13.178 3.396 4.420 4.279 
43 3.875 4.851 4.006 8.564 6.384 5.264 6.905 8.382 12.253 6.442 12.974 10.772 4.204 5.229 2.432 12.000 8.038 4.290 7.010 8.180 9.477 7.018 6.537 8.697 9.308 1.089 14.765 11.733 7.165 11.121 10.196 8.576 7.232 6.982 2.856 5.090 2.879 11.448 11.528 9.816 5.641 8.074 0.000 10.935 5.784 7.091 7.812 6.443 7.615 14.808 9.439 12.120 11.598 5.452 4.866 9.753 13.211 12.078 13.760 7.395 7.556 10.272 4.233 9.626 8.644 15.683 7.403 7.007 9.112 8.147 7.460 9.253 1.878 10.431 9.199 8.210 8.627 10.738 6.492 10.409 5.958 3.920 12.028 9.825 5.509 7.986 2.428 7.327 9.036 14.111 12.162 4.698 6.297 9.766 5.130 11.328 5.042 3.875 
44 8.202 15.026 14.908 3.253 5.082 9.364 7.664 18.367 12.565 7.541 4.819 14.402 9.928 11.337 11.387 4.089 8.543 12.453 12.408 7.857 12.334 13.361 11.110 7.934 14.334 10.634 13.256 3.031 10.193 3.172 6.019 5.295 7.428 17.522 12.492 9.853 9.569 6.347 9.962 3.029 15.762 5.499 10.935 0.000 15.247 10.725 14.899 10.872 15.056 11.825 15.193 2.482 11.353 11.539 15.183 19.884 9.224 2.903 2.826 11.374 3.920 6.587 14.900 3.035 15.106 15.002 14.638 11.454 17.948 8.640 18.096 3.740 10.125 5.432 19.721 13.460 2.448 1.135 10.412 17.397 5.668 9.350 8.352 18.004 14.347 14.929 11.469 11.122 19.480 10.267 6.941 14.652 16.158 2.718 15.817 6.663 5.893 8.202 
45 9.593 7.542 3.914 13.601 10.173 6.358 8.600 9.975 17.915 8.399 18.215 15.972 5.444 10.647 4.020 17.208 8.886 2.865 12.259 9.436 7.765 11.939 12.072 14.467 14.287 5.282 20.500 15.049 6.982 14.358 12.240 11.189 12.979 7.898 7.424 10.803 8.659 17.037 17.311 13.218 8.025 13.607 5.784 15.247 0.000 6.500 12.205 5.828 3.102 20.592 14.131 16.953 17.331 10.825 7.295 10.734 18.961 17.023 17.983 6.253 12.607 15.928 6.231 14.713 4.513 21.328 3.228 12.497 11.933 13.931 7.916 14.487 7.645 15.948 9.462 13.291 12.799 15.372 12.144 14.334 9.593 9.695 17.766 13.059 1.141 3.752 7.684 6.393 9.539 19.881 17.781 1.232 8.798 14.782 2.846 16.957 9.762 9.593 
46 9.005 11.536 8.845 10.382 6.123 2.141 3.062 14.845 17.958 3.221 14.830 17.370 2.914 11.911 4.999 13.846 2.609 4.080 13.733 3.288 2.478 13.953 12.945 13.361 16.132 6.002 20.017 9.551 0.578 8.864 6.156 5.655 11.857 13.021 9.935 11.221 9.026 14.679 16.416 8.011 12.271 11.483 7.091 10.725 6.500 0.000 14.878 0.738 4.797 19.466 16.400 12.954 17.027 12.164 11.442 15.988 17.259 13.198 13.097 0.655 9.602 13.938 10.511 11.409 4.468 21.304 4.366 13.451 16.045 13.249 13.282 11.500 8.405 13.464 15.021 15.007 8.484 11.256 12.650 17.498 5.604 9.902 16.056 16.860 5.359 4.464 9.464 0.413 14.985 18.325 15.467 6.729 13.020 11.341 8.684 14.753 7.080 9.005 
47 7.212 4.917 8.438 11.672 12.289 12.935 14.152 5.507 7.856 13.648 14.293 4.452 11.967 3.649 10.148 13.638 15.467 11.850 2.636 15.440 17.286 1.559 3.889 8.051 2.588 8.898 10.648 16.945 14.904 16.522 16.771 14.995 7.716 6.445 5.068 5.082 6.319 11.591 9.037 15.271 4.822 9.681 7.812 14.899 12.205 14.878 0.000 14.248 14.859 11.733 2.008 14.776 8.019 3.415 5.233 6.805 11.552 14.462 17.361 15.204 11.006 10.315 6.177 12.257 16.087 10.697 14.754 3.691 3.585 7.086 7.049 11.567 6.594 11.260 7.644 2.247 13.378 14.142 4.603 2.720 12.154 5.929 10.798 3.182 12.476 15.358 5.413 15.129 7.260 11.936 11.941 10.979 4.338 12.547 9.897 11.253 10.289 7.212 
48 8.565 10.825 8.107 10.305 6.094 1.804 3.285 14.118 17.558 3.333 14.825 16.846 2.332 11.354 4.291 13.829 3.125 3.347 13.178 3.754 3.043 13.360 12.430 13.045 15.565 5.354 19.681 9.891 1.154 9.197 6.631 5.958 11.524 12.286 9.274 10.725 8.496 14.528 16.103 8.268 11.554 11.268 6.443 10.872 5.828 0.738 14.248 0.000 4.358 19.197 15.805 13.031 16.655 11.604 10.726 15.253 17.045 13.248 13.332 0.971 9.480 13.733 9.787 11.359 4.233 20.927 3.925 12.935 15.345 12.885 12.545 11.404 7.829 13.319 14.283 14.444 8.564 11.336 12.164 16.851 5.544 9.403 15.835 16.176 4.689 4.109 8.838 0.884 14.248 18.099 15.316 6.011 12.307 11.311 7.957 14.583 6.848 8.565 
49 11.004 10.429 6.892 14.045 10.072 5.692 7.620 13.052 19.827 7.602 18.674 18.314 5.301 12.814 5.268 17.662 7.405 3.390 14.549 8.075 5.198 14.393 14.151 15.866 16.740 6.763 22.252 14.244 5.370 13.549 10.950 10.306 14.328 10.986 9.868 12.670 10.391 17.960 18.856 12.584 10.980 14.552 7.615 15.056 3.102 4.797 14.859 4.358 0.000 22.094 16.706 17.076 19.105 13.024 10.211 13.835 20.203 17.239 17.610 4.302 13.120 16.992 9.146 15.146 1.412 23.260 0.433 14.617 14.918 15.485 11.017 15.066 9.454 16.793 12.559 15.684 12.668 15.406 14.093 17.148 9.487 11.428 18.986 15.997 2.416 0.667 9.886 4.522 12.640 21.197 18.737 4.120 11.763 15.149 5.946 17.947 10.282 11.004 
50 11.103 15.511 17.930 9.754 13.715 17.396 16.996 17.206 4.025 16.594 7.623 7.874 17.143 10.524 16.892 7.917 18.352 18.721 9.650 17.871 21.778 10.628 9.093 6.231 9.372 15.433 2.020 14.856 19.136 14.925 17.223 15.829 7.773 17.757 13.840 9.890 11.933 5.498 3.282 14.329 15.827 8.037 14.808 11.825 20.592 19.466 11.733 19.197 22.094 0.000 10.371 9.806 3.733 10.458 15.827 18.538 2.602 9.284 12.514 20.065 10.186 5.697 16.347 9.138 22.824 3.748 21.793 8.857 15.214 6.663 18.412 8.660 12.951 6.572 19.299 9.494 12.417 10.694 8.746 12.653 14.093 10.903 3.590 14.398 20.253 22.309 13.186 19.863 18.925 1.621 4.889 19.477 15.643 9.388 19.405 5.226 12.388 11.103 
51 8.135 6.923 10.412 11.941 13.209 14.383 15.394 7.231 6.371 14.887 13.936 2.648 13.489 4.613 11.838 13.399 16.759 13.605 2.941 16.662 18.847 2.448 4.167 7.726 1.050 10.505 9.073 17.497 16.377 17.138 17.728 15.949 7.785 8.380 6.845 5.784 7.523 11.096 8.023 15.944 6.823 9.761 9.439 15.193 14.131 16.400 2.008 15.805 16.706 10.371 0.000 14.739 6.775 4.351 7.240 8.378 10.573 14.371 17.466 16.772 11.415 9.903 8.173 12.361 17.897 8.919 16.579 3.762 4.920 6.810 8.963 11.644 8.003 10.974 9.391 1.740 13.948 14.328 4.822 2.445 13.155 6.901 9.990 4.026 14.348 17.182 7.012 16.678 9.002 10.797 11.322 12.901 6.307 12.669 11.885 10.725 11.188 8.135 
52 8.825 15.701 16.124 3.581 7.005 11.416 9.920 18.841 11.155 9.736 2.398 13.542 11.828 11.430 12.978 1.891 10.905 14.255 12.169 10.238 14.698 13.217 10.889 7.071 13.790 12.019 11.415 5.319 12.446 5.585 8.501 7.705 7.061 18.257 13.200 9.959 10.243 4.540 8.435 5.503 16.384 5.102 12.120 2.482 16.953 12.954 14.776 13.031 17.076 9.806 14.739 0.000 9.951 11.591 15.901 20.372 7.227 0.522 2.892 13.609 4.572 5.199 15.778 2.632 17.245 13.211 16.672 11.142 18.076 7.940 18.869 3.246 10.981 3.984 20.394 13.056 4.471 1.698 10.174 17.078 7.589 9.779 6.546 17.950 16.137 17.007 12.181 13.360 20.119 8.200 4.964 16.235 16.675 2.412 17.186 4.917 7.239 8.825 
53 8.173 11.833 14.424 8.538 11.807 14.895 14.909 13.477 1.214 14.454 8.364 4.478 14.453 6.937 13.840 8.192 16.325 15.715 5.931 15.950 19.445 6.896 5.476 3.850 5.744 12.349 3.169 14.245 16.775 14.138 15.875 14.275 5.220 14.037 10.303 6.528 8.737 5.495 1.585 13.264 12.119 6.324 11.598 11.353 17.331 17.027 8.019 16.655 19.105 3.733 6.775 9.951 0.000 6.842 12.153 14.821 3.952 9.468 12.843 17.579 8.603 4.800 12.723 8.338 19.964 4.278 18.840 5.189 11.535 3.778 14.690 7.675 9.721 6.009 15.566 5.774 11.186 10.257 5.232 9.146 12.062 7.693 3.741 10.783 17.105 19.388 9.743 17.402 15.193 4.030 5.366 16.171 11.917 8.648 15.924 5.096 10.132 8.173 
54 3.843 5.099 7.624 8.343 8.939 10.103 11.044 7.496 7.211 10.537 11.387 5.321 9.273 0.262 7.882 10.632 12.413 9.740 1.576 12.311 14.632 1.991 1.367 5.377 3.969 6.445 9.939 13.531 12.104 13.107 13.446 11.667 4.627 7.504 3.506 1.686 3.185 8.916 7.306 11.861 5.520 6.501 5.452 11.539 10.825 12.164 3.415 11.604 13.024 10.458 4.351 11.591 6.842 0.000 5.404 9.003 9.570 11.320 14.071 12.575 7.628 7.596 5.891 9.010 14.093 10.566 12.835 1.700 6.486 4.455 8.167 8.349 3.783 8.360 9.351 2.844 9.964 10.831 1.807 6.074 8.846 2.575 8.589 6.465 10.797 13.424 3.158 12.464 9.016 10.211 9.407 9.614 5.521 9.285 9.139 8.632 6.924 3.843 
55 7.082 0.329 3.387 12.355 11.093 9.911 11.735 3.520 12.352 11.285 16.203 9.508 8.759 5.383 6.449 15.332 12.788 7.704 6.271 12.991 13.607 5.511 6.749 10.619 7.664 5.780 15.152 16.389 11.642 15.813 15.060 13.422 9.559 2.356 2.706 6.458 5.666 14.032 12.708 14.499 0.829 11.113 4.866 15.183 7.295 11.442 5.233 10.726 10.211 15.827 7.240 15.901 12.153 5.404 0.000 4.898 14.955 15.742 17.957 11.590 11.423 12.722 1.067 13.276 11.551 15.531 10.193 6.972 4.741 9.758 2.973 12.736 5.066 13.289 4.538 6.892 13.067 14.767 7.194 7.070 10.726 6.182 13.936 5.786 7.798 10.787 3.732 11.587 4.308 15.615 14.605 6.124 1.598 13.490 4.741 13.794 9.458 7.082 
56 11.688 4.968 7.208 16.909 15.977 14.647 16.570 1.530 14.639 16.133 20.370 11.026 13.474 9.102 11.092 19.581 17.558 12.014 9.115 17.806 17.962 8.028 10.100 14.349 9.265 10.621 17.407 21.245 16.255 20.682 19.949 18.320 13.601 2.969 7.449 10.492 10.317 17.909 15.776 19.367 4.185 15.380 9.753 19.884 10.734 15.988 6.805 15.253 13.835 18.538 8.378 20.372 14.821 9.003 4.898 0.000 18.248 20.157 22.608 16.043 16.033 16.592 5.593 17.742 15.245 17.290 13.934 10.105 3.501 13.402 2.820 17.141 9.867 17.355 1.549 9.047 17.863 19.376 10.732 6.714 15.620 10.610 17.401 4.689 11.568 14.480 8.452 16.077 1.288 18.700 18.369 9.811 3.726 17.985 7.890 17.613 14.286 11.688 
57 9.368 14.658 16.651 7.266 11.356 15.241 14.662 16.821 4.879 14.284 5.123 8.417 15.099 9.574 15.110 5.336 15.985 16.877 9.137 15.471 19.505 10.222 8.278 4.534 9.524 13.705 4.243 12.256 16.895 12.331 14.687 13.344 5.982 17.067 12.688 8.632 10.400 2.913 2.550 11.764 15.087 5.778 13.211 9.224 18.961 17.259 11.552 17.045 20.203 2.602 10.573 7.227 3.952 9.570 14.955 18.248 0.000 6.705 9.981 17.876 7.789 3.324 15.324 6.581 20.833 6.059 19.877 8.180 15.134 5.251 17.729 6.145 11.420 4.037 18.817 9.336 9.892 8.093 7.766 12.993 11.772 9.425 1.219 14.510 18.513 20.365 11.904 17.663 18.461 1.095 2.288 17.908 15.030 6.819 18.068 2.672 10.197 9.368 
58 8.685 15.535 16.074 3.514 7.184 11.602 10.182 18.627 10.668 9.977 1.922 13.117 11.968 11.167 13.030 1.369 11.210 14.358 11.844 10.553 14.997 12.905 10.573 6.674 13.411 12.023 10.897 5.804 12.699 6.045 8.908 8.042 6.750 18.096 13.050 9.707 10.102 4.034 7.943 5.895 16.204 4.819 12.078 2.903 17.023 13.198 14.462 13.248 17.239 9.284 14.371 0.522 9.468 11.320 15.742 20.157 6.705 0.000 3.378 13.852 4.523 4.739 15.653 2.480 17.447 12.694 16.839 10.809 17.798 7.563 18.714 3.019 10.873 3.532 20.217 12.701 4.720 1.992 9.859 16.726 7.761 9.591 6.033 17.641 16.233 17.189 12.035 13.606 19.935 7.678 4.444 16.275 16.474 2.312 17.170 4.415 7.274 8.685 
59 10.923 17.790 17.733 5.743 7.815 11.944 10.056 21.084 14.045 10.015 4.896 16.385 12.604 13.887 14.171 4.707 10.718 15.160 14.797 10.004 14.435 15.806 13.502 9.884 16.546 13.454 14.210 3.910 12.539 4.474 7.640 7.464 9.702 20.304 15.257 12.399 12.314 7.407 11.321 5.088 18.515 7.717 13.760 2.826 17.983 13.097 17.361 13.332 17.610 12.514 17.466 2.892 12.843 14.071 17.957 22.608 9.981 3.378 0.000 13.730 6.576 8.087 17.703 5.116 17.546 16.017 17.185 13.797 20.538 10.715 20.886 5.826 12.913 6.870 22.492 15.758 5.224 3.249 12.790 19.758 8.391 12.019 9.390 20.510 17.050 17.433 14.231 13.477 22.244 10.894 7.768 17.429 18.884 4.818 18.631 7.791 8.719 10.923 
60 9.514 11.701 8.857 11.028 6.773 2.686 3.710 14.944 18.494 3.876 15.484 17.815 3.303 12.325 5.189 14.499 3.157 4.045 14.149 3.857 2.082 14.328 13.398 13.939 16.536 6.307 20.588 10.154 1.191 9.470 6.699 6.278 12.427 13.074 10.214 11.689 9.466 15.312 16.997 8.642 12.418 12.099 7.395 11.374 6.253 0.655 15.204 0.971 4.302 20.065 16.772 13.609 17.579 12.575 11.590 16.043 17.876 13.852 13.730 0.000 10.240 14.558 10.630 12.059 3.865 21.853 3.878 13.903 16.240 13.805 13.304 12.144 8.799 14.099 15.026 15.414 9.139 11.910 13.127 17.798 6.249 10.368 16.671 17.093 5.118 3.918 9.798 0.253 15.007 18.939 16.100 6.597 13.178 11.992 8.585 15.382 7.687 9.514 
61 4.356 11.243 11.557 1.011 3.572 7.708 6.883 14.509 9.758 6.524 5.615 10.908 7.825 7.421 8.591 4.605 8.196 10.045 8.565 7.690 11.758 9.480 7.276 4.794 10.613 7.517 11.133 6.110 9.193 5.821 7.274 5.717 3.826 13.778 8.718 5.941 5.760 5.086 7.520 4.763 11.955 2.285 7.556 3.920 12.607 9.602 11.006 9.480 13.120 10.186 11.415 4.572 8.603 7.628 11.423 16.033 7.789 4.523 6.576 10.240 0.000 4.495 11.241 2.111 13.514 12.700 12.744 7.654 14.029 5.244 14.375 1.948 6.434 3.869 15.948 9.676 2.664 3.349 6.596 13.548 4.021 5.449 6.631 14.092 11.883 13.157 7.691 10.013 15.690 8.879 5.872 11.803 12.310 2.216 12.648 5.189 2.868 4.356 
