param n := 60;
param m := 5;
param L := 30;
param Q := 3;
param T := 720;
param t :
    1   2   3   4   5   6   7   8   9  10  11  12  13  14  15  16  17  18  19  20  21  22  23  24  25  26  27  28  29  30  31  32  33  34  35  36  37  38  39  40  41  42  43  44  45  46  47  48  49  50  51  52  53  54  55  56  57  58  59  60  61  62  63  64  65  66  67  68  69  70  71  72  73  74  75  76  77  78  79  80  81  82  83  84  85  86  87  88  89  90  91  92  93  94  95  96  97  98  99 100 101 102 103 104 105 106 107 108 109 110 111 112 113 114 115 116 117 118 119 120 121 122 :=
1 0.000 9.840 3.146 9.270 12.861 10.469 7.402 6.087 9.898 5.963 3.671 12.286 11.099 9.878 7.201 12.099 6.401 9.287 13.228 5.729 7.455 8.984 10.430 7.213 9.560 11.988 9.167 6.618 8.911 8.911 7.489 3.770 3.555 9.310 2.973 9.986 5.076 9.825 7.857 10.802 0.659 8.217 4.452 10.939 8.313 4.502 11.677 8.029 3.337 8.097 6.611 10.783 5.071 8.703 6.372 10.440 9.308 7.220 9.154 12.505 4.996 7.569 12.139 8.122 6.696 9.825 6.579 5.145 5.552 7.234 1.056 9.754 10.433 7.214 4.741 11.025 9.301 11.844 11.413 4.664 9.357 11.135 7.986 7.040 4.614 2.775 9.262 9.673 8.555 3.532 5.850 5.298 8.144 6.119 7.605 9.808 6.592 3.306 9.590 12.708 7.521 11.680 10.067 8.210 9.953 7.131 4.451 3.659 8.742 11.559 10.118 3.705 3.407 8.493 3.755 2.112 6.103 10.111 0.755 2.496 10.681 0.000 
2 9.840 0.000 12.986 2.109 9.457 7.472 7.352 15.184 11.930 4.451 6.622 9.142 7.581 19.704 15.722 9.074 5.302 15.064 21.827 14.344 5.458 8.539 17.175 13.511 18.857 8.407 14.181 16.241 8.379 10.615 2.384 13.609 13.100 19.127 11.789 19.546 14.026 6.069 11.970 18.191 9.575 11.818 5.997 18.898 8.668 13.062 18.263 16.076 7.195 14.382 8.794 10.090 5.115 14.743 5.831 9.293 19.058 15.431 17.468 10.152 14.725 14.164 18.967 10.803 7.938 3.506 5.164 14.726 12.555 12.793 10.858 19.140 5.784 9.791 11.814 6.372 19.063 21.097 7.330 6.804 2.849 10.164 7.512 9.672 5.864 11.826 8.571 18.647 13.573 8.560 9.982 11.411 2.150 8.547 12.851 0.629 16.254 8.302 13.229 7.894 2.320 8.366 5.911 7.979 8.140 4.369 11.231 7.153 18.199 18.048 19.928 11.471 7.510 16.468 12.505 11.919 15.295 19.787 9.095 12.195 19.269 9.840 
3 3.146 12.986 0.000 12.357 15.158 12.925 9.814 3.968 11.130 9.017 6.671 14.581 13.581 6.742 5.539 14.387 9.256 9.021 10.900 4.328 10.247 11.164 9.452 7.112 6.939 14.395 9.312 3.762 11.073 10.438 10.634 0.627 1.593 6.194 2.878 7.074 3.419 12.490 8.711 9.475 3.474 9.272 7.460 9.234 10.366 3.654 10.725 6.541 6.234 7.786 8.563 12.689 8.144 8.486 9.157 12.561 6.263 5.750 7.378 14.611 2.092 7.273 11.008 9.551 8.912 12.829 9.444 2.509 5.619 7.627 2.159 7.045 13.201 8.852 5.126 13.741 6.221 9.125 13.963 7.384 12.393 13.065 10.320 8.768 7.623 2.476 11.400 7.323 8.823 5.843 7.328 6.058 11.261 8.154 8.062 12.947 3.729 5.785 10.346 15.320 10.667 14.066 12.766 10.437 12.289 10.104 5.130 6.480 5.962 10.673 6.994 4.147 6.162 7.064 3.117 1.137 3.937 7.099 3.893 1.206 8.494 3.146 
4 9.270 2.109 12.357 0.000 7.443 5.373 8.510 14.069 9.911 3.352 5.708 7.095 5.514 18.948 15.773 7.016 3.684 13.312 20.427 14.332 6.682 9.934 15.499 11.896 18.670 6.374 12.366 15.320 6.317 8.618 2.794 12.961 12.223 18.550 11.620 18.535 12.908 3.966 10.147 18.601 8.882 12.749 6.186 19.172 6.658 13.021 18.864 14.664 6.210 12.726 6.986 7.985 4.213 15.357 6.740 10.872 18.578 14.076 17.615 8.077 13.906 14.636 19.528 11.830 6.107 5.408 3.512 13.815 12.856 13.410 10.324 18.911 7.646 7.933 12.050 8.281 18.213 19.919 5.304 5.465 0.756 8.056 5.510 10.599 6.093 10.857 6.492 18.593 11.781 8.779 8.318 11.817 1.262 6.808 13.534 1.518 15.848 8.456 14.237 9.893 2.530 6.309 3.823 5.963 9.740 5.439 9.856 6.062 17.153 18.666 19.137 11.529 6.419 16.690 12.389 11.239 15.114 18.850 8.517 11.429 17.907 9.270 
5 12.861 9.457 15.158 7.443 0.000 2.520 15.376 14.872 6.115 8.298 9.618 0.578 2.050 20.533 20.061 0.771 7.025 11.015 19.215 18.590 13.729 16.996 13.322 10.761 22.096 1.088 9.813 16.692 4.099 5.657 9.829 15.607 14.240 20.787 15.808 19.201 13.905 3.722 8.158 23.581 12.234 19.066 12.076 23.795 4.850 17.345 24.264 14.055 9.692 11.157 6.642 3.133 8.966 20.952 13.470 18.095 21.124 13.836 22.014 1.260 15.844 19.983 24.810 18.341 6.252 12.851 6.919 15.440 17.981 19.129 13.781 22.199 15.078 6.660 17.115 15.720 19.523 19.767 2.140 8.285 6.691 2.810 4.882 17.033 12.064 12.839 3.792 22.400 9.543 14.230 8.114 17.253 8.232 7.013 19.369 8.828 18.873 13.839 20.611 17.330 9.528 1.271 3.724 4.722 17.001 12.458 10.513 9.314 17.822 24.110 20.578 16.266 9.497 21.332 16.604 14.088 18.855 19.775 12.276 13.967 17.113 12.861 
6 10.469 7.472 12.925 5.373 2.520 0.000 12.924 13.056 5.528 5.792 7.128 1.998 0.664 18.628 17.664 1.851 4.505 10.055 18.078 16.186 11.327 14.574 12.398 9.364 19.838 1.529 8.900 14.778 2.265 4.572 7.491 13.408 12.133 18.741 13.388 17.505 12.015 1.409 6.908 21.124 9.858 16.551 9.563 21.376 3.047 14.925 21.773 12.615 7.236 9.930 4.646 2.853 6.447 18.444 11.011 15.718 19.018 12.277 19.615 2.764 13.788 17.486 22.330 15.838 4.063 10.704 4.399 13.443 15.492 16.614 11.423 19.965 12.872 4.978 14.627 13.536 17.670 18.307 1.162 5.837 4.624 2.812 2.630 14.527 9.555 10.702 2.124 20.083 8.487 11.713 6.243 14.744 5.960 4.913 16.852 6.859 16.654 11.323 18.096 15.213 7.193 1.256 1.576 2.641 14.645 10.063 8.577 6.866 16.103 21.616 18.707 13.797 7.073 18.901 14.189 11.825 16.521 18.021 9.854 11.755 15.803 10.469 
7 7.402 7.352 9.814 8.510 15.376 12.924 0.000 13.418 15.202 7.220 7.114 14.904 13.326 16.075 9.968 14.770 8.665 16.193 20.561 8.915 1.894 1.782 17.658 14.170 13.508 14.295 15.784 13.576 12.601 13.908 5.736 10.376 10.802 14.939 7.317 16.859 12.462 11.655 13.956 11.473 7.677 4.539 3.857 12.421 12.415 7.910 11.235 15.420 7.522 15.106 11.409 14.694 6.811 7.794 1.916 3.198 14.568 14.615 11.339 15.634 11.905 7.514 11.983 3.470 10.910 4.711 8.704 12.248 6.483 5.943 7.917 13.889 3.798 12.397 6.050 4.159 15.823 18.938 13.322 8.468 9.127 14.929 11.481 2.488 3.776 10.176 12.927 12.951 15.127 3.988 11.620 5.231 7.376 10.922 5.875 7.798 11.797 4.122 5.888 5.547 6.021 14.118 11.688 11.923 2.553 3.074 11.314 7.838 15.776 11.001 16.405 6.332 7.987 10.226 7.696 9.184 10.250 16.800 7.016 9.702 18.043 7.402 
8 6.087 15.184 3.968 14.069 14.872 13.056 13.418 0.000 9.628 10.803 8.564 14.323 13.714 5.691 8.772 14.129 10.495 6.049 7.148 7.891 13.537 14.901 5.807 4.679 8.736 14.344 6.745 1.971 10.879 9.407 13.005 3.659 2.631 6.273 6.843 4.523 1.162 13.048 7.086 12.643 6.000 13.239 10.470 12.083 10.088 7.510 14.100 2.738 7.989 4.953 8.412 11.953 10.071 12.281 12.457 16.332 6.848 2.062 10.308 14.041 2.313 11.082 14.251 13.488 9.084 15.772 10.685 1.635 9.554 11.570 5.509 8.630 16.514 8.213 9.093 17.111 4.653 5.921 14.201 8.615 13.897 12.334 10.481 12.640 10.629 3.450 11.135 9.553 6.470 9.446 6.818 10.025 13.187 8.196 12.007 14.996 5.720 9.297 14.305 18.792 12.955 13.995 13.375 10.415 15.952 13.139 4.507 8.054 3.116 14.091 5.711 8.111 7.694 10.318 7.054 4.264 6.988 4.973 6.643 3.724 4.630 6.087 
9 9.898 11.930 11.130 9.911 6.115 5.528 15.202 9.628 0.000 8.422 8.123 5.700 5.980 15.282 16.590 5.542 7.016 4.922 13.132 15.232 14.084 16.982 7.209 5.054 17.833 6.086 3.720 11.580 3.651 1.351 10.989 11.403 9.813 15.864 12.745 13.605 8.885 6.490 2.551 20.449 9.250 17.709 11.358 20.338 3.262 14.183 21.489 8.249 7.808 5.229 3.793 3.009 8.514 18.601 13.388 18.344 16.359 8.191 18.484 4.977 11.146 17.463 21.891 17.312 4.368 14.531 7.076 10.597 15.450 17.072 10.497 17.837 16.385 2.840 14.634 17.084 14.192 13.879 6.549 6.734 9.281 3.307 4.418 16.040 11.429 8.655 3.572 18.386 3.536 12.581 4.049 15.112 9.925 4.287 17.415 11.403 14.571 12.205 19.197 18.890 10.739 5.780 6.806 3.953 17.440 12.979 6.000 7.446 12.293 21.390 15.256 13.603 7.384 18.053 13.448 10.276 15.065 14.261 9.611 9.952 11.131 9.898 
10 5.963 4.451 9.017 3.352 8.298 5.792 7.220 10.803 8.422 0.000 2.356 7.790 6.268 15.596 12.732 7.641 1.471 10.813 17.376 11.263 5.800 8.935 12.832 9.141 15.458 7.246 10.034 11.987 5.424 7.074 2.687 9.617 8.878 15.209 8.484 15.232 9.641 4.655 7.879 15.837 5.544 10.773 3.783 16.275 5.347 9.951 16.298 11.626 2.865 10.038 4.802 7.498 0.901 12.869 5.307 10.183 15.256 10.981 14.629 8.443 10.557 12.004 16.908 10.045 4.071 6.200 1.487 10.478 10.089 10.980 7.019 15.678 7.964 5.852 9.241 8.663 14.869 16.695 6.372 2.368 3.395 7.719 4.317 8.736 3.767 7.528 5.736 15.457 9.396 6.104 5.707 9.194 2.385 4.434 11.182 4.203 12.555 5.730 12.317 10.473 2.498 7.027 4.775 4.781 9.186 4.613 6.781 2.750 13.861 16.121 15.787 8.570 3.111 13.775 9.276 7.894 11.928 15.525 5.215 8.077 14.820 5.963 
11 3.671 6.622 6.671 5.708 9.618 7.128 7.114 8.564 8.123 2.356 0.000 9.060 7.715 13.243 10.679 8.886 2.782 9.423 15.333 9.197 6.226 8.896 11.220 7.541 13.225 8.656 8.844 9.661 6.004 6.866 4.476 7.266 6.537 12.860 6.386 12.937 7.408 6.299 6.888 14.014 3.206 9.794 3.257 14.327 5.612 7.902 14.647 9.646 0.594 8.479 4.341 8.069 1.526 11.348 5.382 10.293 12.922 8.944 12.612 9.476 8.207 10.365 15.202 9.275 3.980 7.603 2.948 8.148 8.365 9.567 4.722 13.424 8.921 5.296 7.499 9.604 12.528 14.482 7.958 1.464 5.722 8.370 4.928 7.978 3.344 5.216 6.358 13.294 8.184 4.721 4.550 7.656 4.685 3.838 9.837 6.462 10.251 4.327 11.325 11.422 4.403 8.378 6.510 5.278 9.463 5.332 4.878 0.754 11.581 14.492 13.438 6.681 1.019 11.834 7.190 5.544 9.735 13.204 2.946 5.721 12.756 3.671 
12 12.286 9.142 14.581 7.095 0.578 1.998 14.904 14.323 5.700 7.790 9.060 0.000 1.606 19.978 19.486 0.195 6.492 10.571 18.758 18.015 13.281 16.540 12.890 10.254 21.518 0.756 9.373 16.134 3.525 5.163 9.403 15.030 13.667 20.220 15.235 18.667 13.348 3.274 7.661 23.013 11.658 18.547 11.561 23.221 4.282 16.772 23.703 13.549 9.126 10.674 6.070 2.694 8.439 20.400 12.994 17.659 20.553 13.315 21.439 1.141 15.276 19.426 24.247 17.835 5.674 12.495 6.392 14.875 17.421 18.584 13.204 21.622 14.705 6.109 16.555 15.355 18.973 19.263 1.821 7.718 6.340 2.403 4.305 16.525 11.552 12.265 3.223 21.821 9.079 13.687 7.552 16.702 7.826 6.437 18.828 8.515 18.296 13.296 20.093 16.988 9.103 0.798 3.314 4.144 16.573 12.012 9.949 8.746 17.285 23.551 20.026 15.700 8.926 20.760 16.031 13.509 18.277 19.235 11.704 13.390 16.628 12.286 
13 11.099 7.581 13.581 5.514 2.050 0.664 13.326 13.714 5.980 6.268 7.715 1.606 0.000 19.290 18.288 1.507 5.042 10.608 18.670 16.809 11.685 14.949 12.951 9.978 20.489 0.978 9.441 15.440 2.889 5.107 7.798 14.067 12.796 19.405 14.007 18.157 12.676 1.674 7.493 21.724 10.493 17.041 10.050 21.993 3.679 15.543 22.350 13.240 7.845 10.523 5.306 3.147 6.964 19.002 11.420 16.058 19.681 12.914 20.238 2.572 14.452 18.059 22.914 16.303 4.726 10.902 4.923 14.107 16.073 17.158 12.061 20.619 13.104 5.611 15.208 13.757 18.331 18.939 0.571 6.453 4.758 3.029 3.294 14.996 10.034 11.364 2.713 20.726 9.049 12.256 6.898 15.303 6.220 5.577 17.387 6.958 17.310 11.868 18.585 15.401 7.498 0.809 1.709 3.300 14.970 10.415 9.238 7.480 16.756 22.190 19.369 14.393 7.697 19.513 14.810 12.479 17.162 18.677 10.475 12.413 16.416 11.099 
14 9.878 19.704 6.742 18.948 20.533 18.628 16.075 5.691 15.282 15.596 13.243 19.978 19.290 0.000 7.665 19.783 15.606 11.233 7.437 7.791 16.797 17.149 10.128 10.257 5.306 19.965 12.142 3.851 16.501 15.097 17.366 6.115 6.748 1.785 8.764 2.570 6.631 18.493 12.755 10.512 10.135 14.220 14.171 9.439 15.716 8.354 12.228 7.426 12.741 10.334 13.990 17.642 14.757 11.888 15.723 18.415 2.660 7.203 8.178 19.726 5.047 10.922 12.062 14.885 14.592 19.509 15.798 5.235 10.323 12.099 8.899 4.944 19.685 13.874 10.337 20.168 1.146 4.642 19.755 13.686 18.906 18.023 16.016 14.490 14.332 8.167 16.771 6.483 11.980 12.278 12.436 11.333 17.910 13.721 12.510 19.637 4.475 12.306 14.763 21.618 17.388 19.618 18.805 15.995 18.379 16.778 10.057 12.918 3.260 12.324 0.408 9.783 12.570 8.812 8.410 7.785 6.330 1.808 10.615 7.530 6.372 9.878 
15 7.201 15.722 5.539 15.773 20.061 17.664 9.968 8.772 16.590 12.732 10.679 19.486 18.288 7.665 0.000 19.298 13.461 14.461 14.404 1.482 11.287 10.526 14.574 12.621 3.591 19.185 14.829 7.437 16.083 15.798 13.388 5.438 7.057 6.020 4.294 9.559 8.669 16.962 14.224 3.946 7.828 6.917 9.733 3.771 15.451 2.784 5.328 11.509 10.462 13.241 13.694 17.883 11.841 4.224 10.380 11.561 5.334 10.809 1.954 19.677 6.463 3.321 5.516 7.793 13.867 14.310 13.625 7.148 3.485 4.721 6.304 4.008 13.765 14.148 4.013 14.085 8.005 11.906 18.585 11.837 16.034 18.246 15.183 7.804 9.861 7.968 16.430 3.001 14.355 7.168 12.661 4.737 14.533 13.228 5.079 15.890 3.470 7.421 7.197 15.209 13.535 18.880 17.184 15.393 11.815 11.770 10.614 10.814 9.156 5.322 8.069 4.261 10.591 1.554 3.490 6.314 1.787 9.100 7.815 6.662 12.484 7.201 
16 12.099 9.074 14.387 7.016 0.771 1.851 14.770 14.129 5.542 7.641 8.886 0.195 1.507 19.783 19.298 0.000 6.331 10.403 18.586 17.828 13.157 16.412 12.725 10.070 21.325 0.754 9.206 15.940 3.330 4.983 9.291 14.836 13.472 20.025 15.050 18.477 13.154 3.159 7.480 22.831 11.470 18.392 11.407 23.035 4.087 16.587 23.527 13.364 8.946 10.496 5.874 2.534 8.280 20.228 12.859 17.540 20.358 13.127 21.252 1.129 15.080 19.250 24.068 17.686 5.481 12.409 6.234 14.680 17.244 18.416 13.015 21.428 14.611 5.916 16.378 15.265 18.779 19.079 1.779 7.538 6.260 2.256 4.116 16.375 11.401 12.070 3.028 21.630 8.906 13.521 7.357 16.531 7.723 6.243 18.662 8.448 18.102 13.129 19.937 16.907 8.991 0.708 3.216 3.951 16.458 11.890 9.754 8.565 17.094 23.375 19.832 15.520 8.743 20.575 15.845 13.317 18.086 19.044 11.520 13.196 16.449 12.099 
17 6.401 5.302 9.256 3.684 7.025 4.505 8.665 10.495 7.016 1.471 2.782 6.492 5.042 15.606 13.461 6.331 0.000 9.762 16.744 11.979 7.270 10.392 11.886 8.244 15.958 6.008 8.896 11.873 3.955 5.665 3.980 9.821 8.861 15.386 9.168 15.000 9.343 3.540 6.696 16.758 5.873 12.067 5.100 17.100 3.888 10.683 17.329 10.982 3.067 9.097 3.536 6.035 1.953 13.962 6.758 11.651 15.516 10.402 15.392 7.067 10.568 13.033 17.907 11.392 2.727 7.526 0.192 10.395 11.062 12.117 7.434 16.141 9.382 4.567 10.200 10.081 14.797 16.290 5.230 1.920 3.411 6.264 2.847 10.078 5.106 7.440 4.271 16.060 8.279 7.214 4.688 10.264 3.156 3.250 12.349 4.910 12.920 6.826 13.613 11.880 3.741 5.759 3.735 3.311 10.657 6.080 6.189 2.780 13.603 17.164 15.762 9.431 3.095 14.605 9.972 8.119 12.495 15.363 5.700 8.202 14.228 6.401 
18 9.287 15.064 9.021 13.312 11.015 10.055 16.193 6.049 4.922 10.813 9.423 10.571 10.608 11.233 14.461 10.403 9.762 0.000 8.211 13.344 15.601 17.922 2.343 2.074 14.783 10.881 1.203 7.957 7.853 5.504 13.487 9.029 7.440 12.177 11.472 9.192 5.819 10.687 3.234 18.404 8.788 17.486 12.474 17.982 7.157 12.614 19.730 3.813 8.886 1.240 6.329 7.884 10.491 17.416 14.671 19.376 12.830 4.102 16.160 9.898 8.158 16.206 19.975 17.403 7.212 16.909 9.901 7.487 14.371 16.280 9.392 14.679 18.344 5.443 13.695 19.027 10.092 9.109 11.175 8.517 12.840 8.208 8.111 16.282 12.597 6.913 7.936 15.570 1.584 12.702 5.108 14.440 12.918 6.522 16.688 14.654 11.701 12.401 18.809 20.843 13.310 10.554 11.031 7.782 18.687 14.755 4.911 8.674 8.026 19.686 11.123 12.617 8.420 16.012 11.977 8.603 12.729 9.928 9.384 8.096 6.287 9.287 
19 13.228 21.827 10.900 20.427 19.215 18.078 20.561 7.148 13.132 17.376 15.333 18.758 18.670 7.437 14.404 18.586 16.744 8.211 0.000 14.020 20.666 22.016 5.978 8.764 12.691 19.027 9.413 7.310 15.820 13.626 19.806 10.436 9.759 9.173 13.734 4.977 8.171 18.507 11.178 17.747 13.100 20.036 17.562 16.778 15.063 14.051 19.421 5.764 14.740 8.148 13.817 16.082 16.763 18.462 19.591 23.434 10.058 6.399 15.346 18.108 8.863 17.343 19.341 20.417 14.664 22.786 16.919 8.392 16.170 18.158 12.645 12.356 23.637 13.175 15.867 24.244 6.627 2.835 19.226 15.036 20.111 16.412 15.843 19.668 17.719 10.524 15.960 13.839 9.680 16.582 12.260 16.853 19.728 13.817 18.597 21.551 10.934 16.442 20.928 25.937 19.715 18.692 18.854 15.605 23.089 20.210 10.601 14.714 5.277 19.485 7.074 14.986 14.368 15.781 13.767 11.384 12.737 5.643 13.755 10.859 2.583 13.228 
20 5.729 14.344 4.328 14.332 18.590 16.186 8.915 7.891 15.232 11.263 9.197 18.015 16.809 7.791 1.482 17.828 11.979 13.344 14.020 0.000 10.098 9.665 13.633 11.439 4.639 17.709 13.635 6.814 14.625 14.402 11.994 4.347 5.904 6.328 2.812 9.356 7.631 15.480 12.910 5.218 6.362 6.433 8.347 5.215 14.002 1.314 6.397 10.613 8.980 12.110 12.256 16.445 10.370 4.466 9.143 10.814 5.799 9.871 3.429 18.220 5.594 3.323 6.704 7.152 12.409 13.090 12.144 6.257 2.594 4.314 4.856 4.995 12.701 12.739 2.865 13.069 7.918 11.688 17.104 10.357 14.579 16.806 13.715 6.937 8.480 6.673 14.973 4.303 13.133 5.824 11.268 3.751 13.098 11.784 4.732 14.491 3.325 6.049 7.024 14.305 12.130 17.404 15.702 13.931 10.943 10.491 9.291 9.334 8.745 6.345 8.176 2.880 9.113 2.824 2.007 4.976 1.468 9.009 6.335 5.374 11.927 5.729 
21 7.455 5.458 10.247 6.682 13.729 11.327 1.894 13.537 14.084 5.800 6.226 13.281 11.685 16.797 11.287 13.157 7.270 15.601 20.666 10.098 0.000 3.278 17.257 13.648 14.736 12.642 15.066 13.963 11.223 12.756 3.951 10.850 10.997 15.815 8.093 17.313 12.495 10.011 13.101 13.148 7.572 6.401 3.178 14.018 11.126 8.963 13.018 15.277 6.727 14.592 10.323 13.287 5.570 9.534 1.091 4.403 15.534 14.497 12.807 14.071 12.297 9.134 13.752 5.356 9.725 3.039 7.279 12.545 7.853 7.627 8.178 15.090 2.979 11.351 7.279 3.581 16.424 19.270 11.640 7.422 7.328 13.495 10.117 4.289 3.037 10.147 11.531 14.288 14.406 4.528 10.769 6.609 5.597 9.868 7.612 5.910 12.707 4.494 7.778 5.324 4.247 12.488 10.014 10.579 3.387 1.274 10.845 6.979 16.136 12.790 17.099 7.318 7.198 11.723 8.614 9.447 11.326 17.341 6.913 9.912 18.103 7.455 
22 8.984 8.539 11.164 9.934 16.996 14.574 1.782 14.901 16.982 8.935 8.896 16.540 14.949 17.149 10.526 16.412 10.392 17.922 22.016 9.665 3.278 0.000 19.333 15.887 14.115 15.910 17.539 14.908 14.340 15.686 7.228 11.692 12.271 15.891 8.494 18.122 13.993 13.274 15.730 11.419 9.313 4.156 5.640 12.507 14.174 8.827 10.915 17.011 9.300 16.819 13.189 16.427 8.567 7.679 3.639 1.461 15.441 16.199 11.659 17.305 13.251 7.680 11.689 3.022 12.683 5.430 10.422 13.646 7.099 6.054 9.396 14.524 3.773 14.179 6.863 3.830 16.991 20.269 14.914 10.248 10.595 16.653 13.222 2.732 5.558 11.754 14.661 13.430 16.883 5.474 13.397 5.917 8.873 12.704 5.860 9.050 12.758 5.678 5.167 4.689 7.524 15.748 13.285 13.669 1.290 4.551 13.028 9.618 17.107 10.666 17.497 7.376 9.763 10.524 8.744 10.639 11.081 18.004 8.661 11.177 19.531 8.984 
23 10.430 17.175 9.452 15.499 13.322 12.398 17.658 5.807 7.209 12.832 11.220 12.890 12.951 10.128 14.574 12.725 11.886 2.343 5.978 13.633 17.257 19.333 0.000 3.699 14.318 13.216 3.524 7.436 10.189 7.846 15.469 9.303 7.878 11.343 12.171 7.808 6.036 13.009 5.545 18.449 10.032 18.444 14.086 17.861 9.483 13.105 19.902 3.083 10.651 2.796 8.552 10.198 12.421 17.933 16.272 20.794 12.094 3.768 16.105 12.182 8.111 16.722 20.058 18.494 9.435 18.804 12.036 7.425 15.034 17.016 10.310 14.145 20.094 7.722 14.450 20.763 8.989 7.255 13.518 10.484 15.061 10.512 10.409 17.462 14.222 7.774 10.278 15.234 3.916 13.950 7.198 15.290 15.026 8.691 17.442 16.796 11.480 13.691 19.665 22.560 15.315 12.890 13.354 10.096 20.194 16.511 6.413 10.493 6.872 19.888 9.945 13.396 10.201 16.122 12.551 9.309 12.792 8.598 10.676 8.756 4.381 10.430 
24 7.213 13.511 7.112 11.896 10.761 9.364 14.170 4.679 5.054 9.141 7.541 10.254 9.978 10.257 12.621 10.070 8.244 2.074 8.764 11.439 13.648 15.887 3.699 0.000 13.249 10.425 2.210 6.650 7.099 5.109 11.771 7.189 5.564 10.951 9.451 8.559 4.148 9.744 2.617 16.567 6.716 15.415 10.497 16.225 6.326 10.643 17.836 3.295 6.981 0.943 5.073 7.680 8.722 15.417 12.693 17.344 11.516 3.141 14.383 9.781 6.518 14.212 18.115 15.329 5.937 15.111 8.402 5.887 12.347 14.237 7.338 13.192 16.445 4.417 11.654 17.120 9.154 9.010 10.522 6.788 11.501 8.046 7.080 14.211 10.626 4.891 7.269 13.950 1.811 10.635 3.583 12.382 11.364 5.126 14.640 13.150 10.067 10.338 16.745 18.927 11.618 10.081 10.090 6.846 16.679 12.856 2.859 6.807 7.239 17.781 10.216 10.575 6.525 14.161 9.986 6.602 10.929 9.207 7.317 6.117 6.439 7.213 
25 9.560 18.857 6.939 18.670 22.096 19.838 13.508 8.736 17.833 15.458 13.225 21.518 20.489 5.306 3.591 21.325 15.958 14.783 12.691 4.639 14.736 14.115 14.318 13.249 0.000 21.321 15.412 6.899 18.012 17.271 16.483 6.524 8.038 3.529 7.078 7.723 9.102 19.328 15.319 5.285 10.093 10.454 12.875 4.140 17.303 5.837 7.017 11.280 12.891 13.656 15.498 19.598 14.557 7.419 13.780 15.146 2.646 10.751 3.129 21.543 6.742 6.757 6.786 11.368 15.847 17.727 16.137 7.362 7.047 8.265 8.525 0.458 17.304 15.740 7.478 17.645 6.075 9.936 20.853 14.168 18.840 19.976 17.247 11.391 13.017 9.331 18.339 1.194 15.059 10.422 14.210 8.285 17.469 15.093 8.595 18.961 3.271 10.617 10.569 18.797 16.596 20.994 19.587 17.374 15.404 15.114 11.903 13.195 7.849 7.139 5.699 7.481 12.913 4.059 6.353 8.016 3.566 7.056 10.279 8.137 11.279 9.560 
26 11.988 8.407 14.395 6.374 1.088 1.529 14.295 14.344 6.086 7.246 8.656 0.756 0.978 19.965 19.185 0.754 6.008 10.881 19.027 17.709 12.642 15.910 13.216 10.425 21.321 0.000 9.692 16.115 3.466 5.401 8.740 14.866 13.552 20.141 14.914 18.742 13.336 2.640 7.870 22.653 11.373 18.019 11.028 22.902 4.256 16.450 23.299 13.712 8.765 10.903 5.986 3.099 7.937 19.962 12.391 17.007 20.443 13.435 21.137 1.878 15.188 19.011 23.858 17.281 5.492 11.780 5.893 14.816 17.019 18.124 12.933 21.440 14.000 6.155 16.154 14.646 18.982 19.427 1.077 7.364 5.620 2.871 4.076 15.974 11.012 12.132 3.214 21.585 9.355 13.222 7.532 16.262 7.145 6.307 18.356 7.779 18.121 12.833 19.563 16.266 8.440 0.349 2.635 3.997 15.913 11.371 9.910 8.394 17.349 23.141 20.029 15.326 8.598 20.428 15.714 13.305 18.027 19.287 11.379 13.217 16.840 11.988 
27 9.167 14.181 9.312 12.366 9.813 8.900 15.784 6.745 3.720 10.034 8.844 9.373 9.441 12.142 14.829 9.206 8.896 1.203 9.413 13.635 15.066 17.539 3.524 2.210 15.412 9.692 0.000 8.701 6.724 4.334 12.720 9.398 7.772 12.979 11.572 10.211 6.328 9.583 2.219 18.774 8.615 17.380 11.995 18.435 6.054 12.809 20.031 4.794 8.342 1.814 5.391 6.684 9.791 17.553 14.180 18.980 13.588 4.942 16.593 8.695 8.699 16.354 20.319 17.219 6.262 16.195 9.023 8.055 14.456 16.308 9.407 15.339 17.730 4.439 13.736 18.421 11.012 10.252 10.010 7.809 11.861 7.006 7.054 16.052 12.108 7.034 6.788 16.137 0.660 12.462 4.360 14.420 12.046 5.647 16.702 13.746 12.254 12.139 18.753 20.244 12.527 9.367 9.925 6.700 18.237 14.155 4.716 8.090 8.989 19.973 12.059 12.657 7.870 16.367 12.138 8.757 13.139 10.923 9.167 8.290 7.454 9.167 
28 6.618 16.241 3.762 15.320 16.692 14.778 13.576 1.971 11.580 11.987 9.661 16.134 15.440 3.851 7.437 15.940 11.873 7.957 7.310 6.814 13.963 14.908 7.436 6.650 6.899 16.115 8.701 0.000 12.651 11.307 13.964 3.215 3.144 4.302 6.479 3.368 2.787 14.664 9.032 11.162 6.725 12.728 11.063 10.472 11.868 6.745 12.711 4.382 9.123 6.899 10.139 13.831 11.187 11.280 12.872 16.290 4.888 3.874 8.770 15.905 1.673 10.123 12.784 13.136 10.747 16.441 12.065 1.515 8.863 10.858 5.789 6.755 16.930 10.037 8.563 17.483 2.932 5.365 15.907 9.957 15.224 14.214 12.168 12.449 11.226 4.463 12.924 7.798 8.439 9.602 8.587 9.554 14.345 9.873 11.298 16.118 4.110 9.532 13.628 19.078 13.953 15.768 14.979 12.144 16.045 13.738 6.206 9.258 2.201 12.730 3.939 7.710 8.902 8.937 6.462 4.533 5.670 3.546 7.295 4.126 5.113 6.618 
29 8.911 8.379 11.073 6.317 4.099 2.265 12.601 10.879 3.651 5.424 6.004 3.525 2.889 16.501 16.083 3.330 3.955 7.853 15.820 14.625 11.223 14.340 10.189 7.099 18.012 3.466 6.724 12.651 0.000 2.472 7.732 11.513 10.142 16.703 11.881 15.293 9.871 2.890 4.667 19.703 8.267 15.770 8.926 19.840 0.795 13.413 20.490 10.352 5.938 7.675 2.545 2.100 5.803 17.289 10.702 15.607 17.029 10.027 18.036 3.595 11.755 16.255 20.997 15.183 2.217 11.213 3.946 11.366 14.228 15.551 9.781 18.109 13.214 2.723 13.367 13.906 15.517 16.050 3.424 4.559 5.658 2.374 1.122 13.871 8.956 8.741 0.357 18.342 6.274 10.725 4.067 13.620 6.476 2.920 15.833 7.826 14.780 10.331 17.309 15.673 7.457 3.118 3.224 0.727 14.609 10.020 6.449 5.544 13.896 20.352 16.563 12.450 5.659 17.404 12.666 10.015 14.815 15.828 8.385 9.878 13.538 8.911 
30 8.911 10.615 10.438 8.618 5.657 4.572 13.908 9.407 1.351 7.074 6.866 5.163 5.107 15.097 15.798 4.983 5.665 5.504 13.626 14.402 12.756 15.686 7.846 5.109 17.271 5.401 4.334 11.307 2.472 0.000 9.638 10.770 9.236 15.532 11.822 13.610 8.542 5.362 2.501 19.601 8.254 16.544 10.077 19.564 1.961 13.298 20.571 8.401 6.589 5.514 2.527 2.578 7.186 17.589 12.079 17.037 15.966 8.211 17.719 4.682 10.689 16.474 21.004 16.106 3.031 13.182 5.726 10.194 14.448 16.001 9.592 17.307 15.036 1.699 13.616 15.735 14.044 14.110 5.676 5.449 8.007 2.951 3.109 14.822 10.143 7.972 2.480 17.751 3.958 11.411 3.136 14.039 8.591 3.038 16.330 10.098 14.001 11.029 18.047 17.540 9.390 5.067 5.693 2.658 16.120 11.640 5.370 6.215 12.252 20.461 15.108 12.608 6.184 17.225 12.554 9.506 14.345 14.217 8.558 9.238 11.466 8.911 
31 7.489 2.384 10.634 2.794 9.829 7.491 5.736 13.005 10.989 2.687 4.476 9.403 7.798 17.366 13.388 9.291 3.980 13.487 19.806 11.994 3.951 7.228 15.469 11.771 16.483 8.740 12.720 13.964 7.732 9.638 0.000 11.259 10.821 16.755 9.411 17.295 11.856 6.131 10.565 15.994 7.258 9.961 3.656 16.642 7.806 10.703 16.170 14.099 5.068 12.681 7.466 9.700 3.071 12.652 3.946 8.269 16.678 13.412 15.165 10.255 12.417 11.990 16.851 9.035 6.696 3.546 3.913 12.452 10.296 10.700 8.495 16.762 5.484 8.511 9.527 6.174 16.752 18.926 7.717 4.987 3.391 9.860 6.693 7.809 3.534 9.597 8.001 16.294 12.081 6.252 8.385 9.195 1.646 7.115 10.801 2.503 13.871 5.971 11.444 7.944 0.300 8.606 6.105 7.174 7.172 2.684 9.283 5.101 15.968 15.965 17.599 9.129 5.442 14.188 10.134 9.583 12.920 17.505 6.751 9.883 17.230 7.489 
32 3.770 13.609 0.627 12.961 15.607 13.408 10.376 3.659 11.403 9.617 7.266 15.030 14.067 6.115 5.438 14.836 9.821 9.029 10.436 4.347 10.850 11.692 9.303 7.189 6.524 14.866 9.398 3.215 11.513 10.770 11.259 0.000 1.634 5.594 3.298 6.490 3.285 13.012 8.942 9.384 4.080 9.649 8.083 9.053 10.791 3.853 10.706 6.322 6.816 7.805 8.986 13.074 8.748 8.648 9.761 13.076 5.697 5.555 7.204 15.025 1.575 7.443 10.947 9.983 9.375 13.450 10.009 2.095 5.901 7.918 2.786 6.599 13.797 9.219 5.480 14.330 5.601 8.579 14.461 7.935 12.986 13.453 10.792 9.249 8.246 2.808 11.833 6.988 8.940 6.419 7.689 6.443 11.873 8.594 8.356 13.565 3.269 6.376 10.664 15.895 11.290 14.533 13.294 10.891 12.833 10.724 5.417 7.051 5.415 10.669 6.367 4.554 6.726 6.985 3.408 1.722 3.745 6.491 4.515 1.655 8.077 3.770 
33 3.555 13.100 1.593 12.223 14.240 12.133 10.802 2.631 9.813 8.878 6.537 13.667 12.796 6.748 7.057 13.472 8.861 7.440 9.759 5.904 10.997 12.271 7.878 5.564 8.038 13.552 7.772 3.144 10.142 9.236 10.821 1.634 0.000 6.621 4.333 6.485 1.871 11.855 7.330 11.003 3.595 10.706 8.001 10.687 9.396 5.241 12.293 5.023 6.014 6.207 7.598 11.602 8.061 10.073 9.910 13.701 6.891 4.217 8.838 13.595 1.708 8.860 12.555 10.900 8.071 13.361 9.053 1.631 7.162 9.156 2.886 8.073 13.975 7.735 6.613 14.557 5.992 8.289 13.221 6.942 12.161 11.984 9.503 10.021 8.163 1.445 10.450 8.576 7.308 6.823 6.208 7.503 11.221 7.246 9.586 12.984 4.768 6.686 11.844 16.212 10.809 13.213 12.154 9.556 13.330 10.681 3.866 6.175 5.201 12.247 6.919 5.588 5.824 8.598 4.673 1.633 5.379 6.688 4.189 1.100 7.259 3.555 
34 9.310 19.127 6.194 18.550 20.787 18.741 14.939 6.273 15.864 15.209 12.860 20.220 19.405 1.785 6.020 20.025 15.386 12.177 9.173 6.328 15.815 15.891 11.343 10.951 3.529 20.141 12.979 4.302 16.703 15.532 16.755 5.594 6.621 0.000 7.723 4.225 6.996 18.472 13.313 8.729 9.668 12.745 13.388 7.656 15.938 7.067 10.448 8.448 12.406 11.169 14.161 18.019 14.337 10.235 14.765 17.101 0.885 8.077 6.407 20.068 4.954 9.322 10.277 13.478 14.679 18.636 15.576 5.357 8.912 10.586 8.274 3.183 18.633 14.177 9.029 19.077 2.597 6.407 19.837 13.483 18.579 18.402 16.111 13.190 13.546 8.064 16.997 4.700 12.736 11.292 12.683 9.999 17.449 13.838 10.983 19.115 3.143 11.370 13.189 20.449 16.807 19.799 18.768 16.144 17.147 15.916 10.282 12.630 4.560 10.546 2.186 8.606 12.298 7.082 7.248 7.316 4.863 3.531 10.064 7.184 7.906 9.310 
35 2.973 11.789 2.878 11.620 15.808 13.388 7.317 6.843 12.745 8.484 6.386 15.235 14.007 8.764 4.294 15.050 9.168 11.472 13.734 2.812 8.093 8.494 12.171 9.451 7.078 14.914 11.572 6.479 11.881 11.822 9.411 3.298 4.333 7.723 0.000 9.632 6.204 12.668 10.556 7.830 3.625 6.396 5.835 7.989 11.285 1.538 8.751 9.356 6.171 10.235 9.573 13.752 7.587 5.985 7.044 9.842 7.468 8.550 6.235 15.475 4.871 4.794 9.186 6.687 9.667 10.939 9.334 5.369 2.900 4.848 2.251 7.352 10.933 10.135 2.282 11.405 8.517 11.811 14.296 7.554 11.830 14.106 10.944 5.973 5.983 4.561 12.233 6.980 11.011 3.570 8.716 3.183 10.406 9.086 5.271 11.883 4.629 3.672 7.512 12.864 9.519 14.613 12.890 11.178 9.682 8.237 6.975 6.528 8.662 8.647 9.090 1.269 6.316 5.527 0.805 2.883 3.512 9.515 3.535 3.422 11.361 2.973 
36 9.986 19.546 7.074 18.535 19.201 17.505 16.859 4.523 13.605 15.232 12.937 18.667 18.157 2.570 9.559 18.477 15.000 9.192 4.977 9.356 17.313 18.122 7.808 8.559 7.723 18.742 10.211 3.368 15.293 13.610 17.295 6.490 6.485 4.225 9.632 0.000 5.660 17.554 11.159 12.780 10.079 15.635 14.431 11.801 14.498 9.613 14.465 5.418 12.381 8.451 12.878 16.187 14.460 13.711 16.222 19.472 5.105 5.418 10.388 18.291 5.019 12.645 14.369 16.159 13.581 19.810 15.190 4.858 11.707 13.624 9.148 7.400 20.273 12.586 11.546 20.815 1.650 2.348 18.659 13.105 18.392 16.561 14.961 15.583 14.595 7.722 15.528 8.863 10.152 12.909 11.265 12.554 17.607 12.691 14.055 19.398 6.116 12.859 16.370 22.384 17.273 18.393 17.883 14.869 19.292 17.106 9.014 12.485 1.410 14.537 2.273 10.804 12.125 10.874 9.478 7.899 7.981 0.809 10.658 7.493 3.825 9.986 
37 5.076 14.026 3.419 12.908 13.905 12.015 12.462 1.162 8.885 9.641 7.408 13.348 12.676 6.631 8.669 13.154 9.343 5.819 8.171 7.631 12.495 13.993 6.036 4.148 9.102 13.336 6.328 2.787 9.871 8.542 11.856 3.285 1.871 6.996 6.204 5.660 0.000 11.956 6.335 12.601 4.929 12.570 9.395 12.163 9.086 7.070 13.972 3.154 6.831 4.625 7.370 11.052 8.912 11.897 11.423 15.437 7.474 2.346 10.341 13.121 2.371 10.686 14.185 12.740 8.008 14.665 9.533 1.743 9.025 11.024 4.613 9.052 15.466 7.250 8.484 16.075 5.655 7.074 13.152 7.458 12.742 11.435 9.419 11.825 9.553 2.354 10.140 9.809 5.957 8.520 5.805 9.371 12.026 7.126 11.455 13.835 5.926 8.344 13.715 17.777 11.803 12.989 12.279 9.377 15.008 12.054 3.439 6.893 4.260 13.941 6.694 7.457 6.532 10.223 6.529 3.436 6.920 6.070 5.583 2.874 5.610 5.076 
38 9.825 6.069 12.490 3.966 3.722 1.409 11.655 13.048 6.490 4.655 6.299 3.274 1.674 18.493 16.962 3.159 3.540 10.687 18.507 15.480 10.011 13.274 13.009 9.744 19.328 2.640 9.583 14.664 2.890 5.362 6.131 13.012 11.855 18.472 12.668 17.554 11.956 0.000 7.464 20.297 9.251 15.420 8.435 20.625 3.531 14.193 20.861 12.902 6.505 10.407 4.743 4.115 5.400 17.475 9.752 14.385 18.687 12.485 18.902 4.153 13.546 16.563 21.444 14.661 3.977 9.299 3.397 13.264 14.600 15.608 10.826 19.485 11.476 5.340 13.739 12.137 17.587 18.526 1.717 5.167 3.220 4.137 2.668 13.358 8.411 10.410 2.919 19.496 9.103 10.711 6.359 13.781 4.571 4.868 15.822 5.459 16.208 10.328 16.961 13.807 5.832 2.478 0.347 2.918 13.300 8.741 8.542 6.167 16.144 20.694 18.602 12.968 6.426 18.133 13.473 11.365 15.925 18.018 9.160 11.360 16.143 9.825 
39 7.857 11.970 8.711 10.147 8.158 6.908 13.956 7.086 2.551 7.879 6.888 7.661 7.493 12.755 14.224 7.480 6.696 3.234 11.178 12.910 13.101 15.730 5.545 2.617 15.319 7.870 2.219 9.032 4.667 2.501 10.565 8.942 7.330 13.313 10.556 11.159 6.335 7.464 0.000 18.124 7.241 15.947 10.115 17.944 3.942 11.931 19.243 5.903 6.438 3.035 3.177 5.065 7.699 16.504 12.269 17.150 13.809 5.744 16.088 7.164 8.610 15.334 19.605 15.674 4.044 14.067 6.818 8.052 13.357 15.092 8.312 15.312 15.679 2.224 12.577 16.374 11.675 11.609 8.051 5.731 9.645 5.429 4.877 14.453 10.215 6.256 4.786 15.904 1.656 10.891 2.339 13.152 9.840 3.457 15.461 11.530 12.065 10.540 17.383 18.199 10.362 7.530 7.810 4.552 16.348 12.129 3.620 6.142 9.820 19.158 12.740 11.516 5.970 15.717 11.213 7.934 12.646 11.788 7.704 7.562 8.973 7.857 
40 10.802 18.191 9.475 18.601 23.581 21.124 11.473 12.643 20.449 15.837 14.014 23.013 21.724 10.512 3.946 22.831 16.758 18.404 17.747 5.218 13.148 11.419 18.449 16.567 5.285 22.653 18.774 11.162 19.703 19.601 15.994 9.384 11.003 8.729 7.830 12.780 12.601 20.297 18.124 0.000 11.455 7.274 12.416 1.386 19.114 6.315 1.732 15.371 13.892 17.185 17.400 21.582 14.984 3.740 12.454 12.047 7.871 14.696 2.415 23.292 10.350 4.034 1.622 8.398 17.491 16.152 16.906 11.038 5.760 5.532 10.017 5.712 15.087 17.928 6.597 15.238 11.141 15.074 21.971 15.297 18.970 21.936 18.743 9.004 12.513 11.877 20.055 4.094 18.296 9.829 16.471 6.800 17.340 16.915 5.615 18.464 7.057 10.168 6.690 15.965 16.190 22.364 20.488 18.994 12.648 13.930 14.506 14.268 12.639 1.869 10.915 7.332 14.090 2.412 7.064 10.192 5.683 12.187 11.324 10.573 16.058 10.802 
41 0.659 9.575 3.474 8.882 12.234 9.858 7.677 6.000 9.250 5.544 3.206 11.658 10.493 10.135 7.828 11.470 5.873 8.788 13.100 6.362 7.572 9.313 10.032 6.716 10.093 11.373 8.615 6.725 8.267 8.254 7.258 4.080 3.595 9.668 3.625 10.079 4.929 9.251 7.241 11.455 0.000 8.769 4.470 11.576 7.661 5.149 12.336 7.757 2.810 7.618 5.953 10.128 4.669 9.352 6.506 10.774 9.716 6.960 9.782 11.862 5.159 8.223 12.797 8.620 6.050 9.789 6.055 5.222 6.202 7.858 1.575 10.269 10.539 6.557 5.385 11.152 9.495 11.848 10.819 4.084 8.926 10.481 7.355 7.497 4.629 2.577 8.616 10.248 7.993 3.932 5.201 5.912 7.795 5.463 8.221 9.503 7.057 3.660 10.167 12.871 7.265 11.062 9.502 7.569 10.229 7.140 3.906 3.103 8.792 12.218 10.354 4.358 2.826 9.138 4.401 2.363 6.678 10.255 0.666 2.625 10.533 0.659 
42 8.217 11.818 9.272 12.749 19.066 16.551 4.539 13.239 17.709 10.773 9.794 18.547 17.041 14.220 6.917 18.392 12.067 17.486 20.036 6.433 6.401 4.156 18.444 15.415 10.454 18.019 17.380 12.728 15.770 16.544 9.961 9.649 10.706 12.745 6.396 15.635 12.570 15.420 15.947 7.274 8.769 0.000 6.991 8.403 15.406 6.027 6.786 15.723 9.976 16.280 14.036 17.853 10.115 3.541 6.034 4.830 12.160 14.910 7.728 19.123 11.200 3.735 7.554 1.140 13.768 9.218 12.158 11.741 3.931 2.196 8.145 10.891 7.883 14.883 4.174 7.984 14.287 17.922 17.133 11.257 13.288 18.143 14.668 2.156 7.009 10.681 16.120 9.626 16.762 5.133 13.752 3.214 11.536 13.517 1.866 12.220 9.747 5.515 1.546 8.709 10.219 17.795 15.515 15.049 5.373 7.455 12.665 10.362 14.845 6.542 14.602 5.128 10.363 6.600 6.270 9.160 7.900 15.364 8.251 9.722 17.725 8.217 
43 4.452 5.997 7.460 6.186 12.076 9.563 3.857 10.470 11.358 3.783 3.257 11.561 10.050 14.171 9.733 11.407 5.100 12.474 17.562 8.347 3.178 5.640 14.086 10.497 12.875 11.028 11.995 11.063 8.926 10.077 3.656 8.083 8.001 13.388 5.835 14.431 9.395 8.435 10.115 12.416 4.470 6.991 0.000 13.013 8.665 7.066 12.709 12.113 3.678 11.440 7.566 11.026 3.153 9.223 2.197 7.040 13.233 11.340 11.512 12.166 9.425 8.457 13.359 6.292 7.108 5.380 5.180 9.596 6.679 7.295 5.311 13.170 6.099 8.544 5.889 6.736 13.680 16.289 10.150 4.629 6.583 11.290 7.807 4.978 0.163 7.041 9.266 12.650 11.336 2.608 7.777 5.634 4.924 7.073 7.463 6.159 10.398 2.315 8.535 8.501 3.814 10.805 8.541 8.223 6.244 2.681 7.677 3.983 13.193 12.518 14.440 5.476 4.147 10.546 6.525 6.535 9.322 14.531 3.830 6.947 14.989 4.452 
44 10.939 18.898 9.234 19.172 23.795 21.376 12.421 12.083 20.338 16.275 14.327 23.221 21.993 9.439 3.771 23.035 17.100 17.982 16.778 5.215 14.018 12.507 17.861 16.225 4.140 22.902 18.435 10.472 19.840 19.564 16.642 9.053 10.687 7.656 7.989 11.801 12.163 20.625 17.944 1.386 11.576 8.403 13.013 0.000 19.215 6.452 3.023 14.779 14.149 16.784 17.463 21.652 15.400 4.873 13.255 13.219 6.779 14.146 1.856 23.435 9.841 4.907 2.668 9.502 17.623 17.047 17.258 10.523 6.347 6.501 10.067 4.536 16.109 17.918 7.125 16.299 10.152 14.053 22.271 15.540 19.496 22.015 18.925 9.991 13.122 11.694 20.188 2.956 17.991 10.406 16.428 7.499 17.915 16.995 6.650 19.134 6.382 10.718 7.952 17.112 16.820 22.602 20.834 19.145 13.759 14.718 14.348 14.512 11.779 3.198 9.835 7.704 14.305 2.500 7.191 10.068 5.310 11.166 11.524 10.390 15.218 10.939 
45 8.313 8.668 10.366 6.658 4.850 3.047 12.415 10.088 3.262 5.347 5.612 4.282 3.679 15.716 15.451 4.087 3.888 7.157 15.063 14.002 11.126 14.174 9.483 6.326 17.303 4.256 6.054 11.868 0.795 1.961 7.806 10.791 9.396 15.938 11.285 14.498 9.086 3.531 3.942 19.114 7.661 15.406 8.665 19.215 0.000 12.810 19.944 9.568 5.478 6.926 1.805 2.494 5.606 16.793 10.538 15.477 16.275 9.235 17.400 4.249 10.994 15.736 20.435 14.866 1.662 11.332 3.917 10.594 13.704 15.092 9.148 17.390 13.257 1.932 12.848 13.954 14.728 15.261 4.208 4.149 6.046 2.831 1.156 13.560 8.708 8.006 1.059 17.657 5.573 10.318 3.281 13.147 6.673 2.229 15.387 8.143 14.061 9.925 16.937 15.743 7.545 3.907 3.875 0.697 14.511 9.958 5.672 5.084 13.101 19.813 15.776 11.906 5.157 16.796 12.061 9.325 14.145 15.034 7.823 9.166 12.763 8.313 
46 4.502 13.062 3.654 13.021 17.345 14.925 7.910 7.510 14.183 9.951 7.902 16.772 15.543 8.354 2.784 16.587 10.683 12.614 14.051 1.314 8.963 8.827 13.105 10.643 5.837 16.450 12.809 6.745 13.413 13.298 10.703 3.853 5.241 7.067 1.538 9.613 7.070 14.193 11.931 6.315 5.149 6.027 7.066 6.452 12.810 0.000 7.314 10.165 7.702 11.374 11.086 15.270 9.059 4.832 7.974 10.065 6.659 9.386 4.709 17.007 5.309 3.619 7.710 6.569 11.198 11.920 10.846 5.917 2.119 4.116 3.706 6.160 11.659 11.619 1.983 12.066 8.308 11.895 15.827 9.089 13.265 15.626 12.480 6.142 7.203 5.779 13.764 5.593 12.276 4.585 10.176 2.983 11.789 10.604 4.556 13.198 3.932 4.785 6.884 13.390 10.834 16.150 14.411 12.712 10.080 9.282 8.320 8.062 8.828 7.227 8.716 1.652 7.853 3.991 0.749 4.055 2.364 9.369 5.072 4.526 11.815 4.502 
47 11.677 18.263 10.725 18.864 24.264 21.773 11.235 14.100 21.489 16.298 14.647 23.703 22.350 12.228 5.328 23.527 17.329 19.730 19.421 6.397 13.018 10.915 19.902 17.836 7.017 23.299 20.031 12.711 20.490 20.571 16.170 10.706 12.293 10.448 8.751 14.465 13.972 20.861 19.243 1.732 12.336 6.786 12.709 3.023 19.944 7.314 0.000 16.837 14.590 18.500 18.281 22.432 15.480 3.522 12.444 11.349 9.595 16.136 4.077 24.056 11.791 4.298 0.782 7.925 18.297 15.946 17.465 12.476 6.283 5.475 10.994 7.444 14.666 18.881 7.149 14.739 12.832 16.771 22.559 15.998 19.291 22.775 19.487 8.750 12.787 13.046 20.845 5.826 19.526 10.200 17.466 7.106 17.606 17.782 5.419 18.588 8.632 10.568 5.875 15.284 16.389 23.024 21.028 19.771 12.076 13.922 15.627 14.978 14.274 0.258 12.633 8.040 14.834 3.787 8.043 11.331 7.113 13.887 12.122 11.758 17.674 11.677 
48 8.029 16.076 6.541 14.664 14.055 12.615 15.420 2.738 8.249 11.626 9.646 13.549 13.240 7.426 11.509 13.364 10.982 3.813 5.764 10.613 15.277 17.011 3.083 3.295 11.280 13.712 4.794 4.382 10.352 8.401 14.099 6.322 5.023 8.448 9.356 5.418 3.154 12.902 5.903 15.371 7.757 15.723 12.113 14.779 9.568 10.165 16.837 0.000 9.051 3.043 8.166 10.968 11.040 14.970 14.233 18.465 9.149 0.819 13.022 13.065 5.050 13.765 16.982 15.875 8.984 17.189 11.158 4.369 12.159 14.165 7.703 11.127 18.211 7.639 11.635 18.848 6.282 5.716 13.776 9.278 14.358 11.330 10.236 14.931 12.263 5.257 10.538 12.170 4.750 11.544 6.570 12.525 13.970 8.118 14.598 15.791 8.398 11.335 16.866 20.597 13.995 13.367 13.246 10.047 17.974 14.697 4.845 8.998 4.214 16.829 7.310 10.611 8.659 13.054 9.658 6.575 9.724 6.132 8.423 6.011 3.264 8.029 
49 3.337 7.195 6.234 6.210 9.692 7.236 7.522 7.989 7.808 2.865 0.594 9.126 7.845 12.741 10.462 8.946 3.067 8.886 14.740 8.980 6.727 9.300 10.651 6.981 12.891 8.765 8.342 9.123 5.938 6.589 5.068 6.816 6.014 12.406 6.171 12.381 6.831 6.505 6.438 13.892 2.810 9.976 3.678 14.149 5.478 7.702 14.590 9.051 0.000 7.921 4.067 7.963 2.083 11.352 5.845 10.714 12.496 8.350 12.406 9.472 7.697 10.332 15.123 9.517 3.820 8.186 3.247 7.613 8.312 9.619 4.367 13.075 9.467 4.969 7.448 10.145 12.005 13.903 8.125 1.409 6.179 8.281 4.903 8.236 3.781 4.667 6.295 13.007 7.682 4.856 4.100 7.682 5.227 3.552 9.910 7.019 9.864 4.467 11.494 11.959 4.991 8.473 6.739 5.212 9.917 5.877 4.292 0.395 11.019 14.444 12.927 6.574 0.472 11.668 6.975 5.099 9.438 12.663 2.654 5.238 12.163 3.337 
