param n := 56;
param m := 7;
param L := 30;
param Q := 3;
param T := 480;
param t :
    1   2   3   4   5   6   7   8   9  10  11  12  13  14  15  16  17  18  19  20  21  22  23  24  25  26  27  28  29  30  31  32  33  34  35  36  37  38  39  40  41  42  43  44  45  46  47  48  49  50  51  52  53  54  55  56  57  58  59  60  61  62  63  64  65  66  67  68  69  70  71  72  73  74  75  76  77  78  79  80  81  82  83  84  85  86  87  88  89  90  91  92  93  94  95  96  97  98  99 100 101 102 103 104 105 106 107 108 109 110 111 112 113 114 :=
1 0.000 12.681 1.764 9.279 8.472 9.050 1.401 9.394 11.534 9.728 12.548 10.583 11.193 6.972 11.581 6.642 2.413 9.390 11.141 10.032 9.668 3.610 9.925 8.965 11.377 6.706 6.697 8.945 7.519 9.812 2.731 4.975 8.692 8.624 7.727 10.895 10.228 8.263 9.479 4.341 4.748 10.464 10.422 6.286 9.194 2.889 8.074 3.720 1.330 7.305 8.993 9.270 11.265 7.245 7.502 6.327 9.326 6.485 6.355 5.722 7.505 9.475 11.181 8.636 1.516 8.097 6.581 2.912 7.383 9.536 12.975 5.481 4.412 5.803 7.442 10.150 9.567 2.209 11.799 4.908 10.513 11.811 4.178 11.286 8.353 4.838 6.915 10.049 10.761 9.444 9.367 9.398 5.012 12.389 6.547 5.540 7.558 12.703 9.214 5.408 8.861 10.208 1.882 6.732 2.311 10.186 12.320 5.897 10.127 5.163 10.117 8.044 9.599 0.000 
2 12.681 0.000 11.611 8.642 4.209 21.549 12.474 4.153 17.446 21.103 17.033 19.573 14.513 12.944 24.250 14.411 10.958 11.606 16.523 22.563 22.194 15.126 6.910 20.144 1.309 19.384 15.213 4.460 13.666 22.046 14.225 10.649 17.219 10.319 18.682 14.105 12.637 4.666 14.594 12.179 13.008 18.891 18.683 18.949 9.192 15.006 17.357 9.796 13.158 14.585 19.861 21.881 1.650 19.870 12.165 15.947 19.333 18.558 18.803 7.037 12.640 19.977 23.474 18.122 11.882 10.372 12.802 14.473 19.923 6.304 1.178 8.529 16.468 13.788 8.671 14.765 4.711 14.520 24.478 17.158 20.112 16.374 16.855 3.787 16.599 12.425 18.973 3.388 16.817 7.006 15.869 15.234 12.664 17.099 17.743 10.275 20.065 17.238 19.050 16.711 4.653 2.604 12.936 18.711 10.936 18.829 0.387 17.276 3.766 12.795 22.795 18.531 21.000 12.681 
3 1.764 11.611 0.000 9.516 7.443 9.939 0.866 8.035 10.306 9.914 13.838 9.962 12.267 5.457 12.721 8.079 2.986 10.149 12.489 11.504 10.586 5.371 9.842 9.045 10.302 8.012 5.706 8.281 6.083 10.479 2.699 5.680 10.321 6.867 9.491 11.935 8.552 7.027 10.707 2.824 6.083 12.122 9.608 7.653 7.433 3.398 9.759 3.916 1.566 8.713 8.940 10.679 10.312 8.308 8.477 7.998 8.963 7.010 7.193 4.576 5.922 11.238 12.756 8.072 2.600 6.342 7.739 2.947 8.880 9.336 11.778 5.496 6.139 7.206 7.680 8.673 8.105 2.928 13.045 6.585 10.064 13.083 5.538 9.843 7.422 6.032 8.602 8.739 9.521 9.375 8.127 10.724 3.573 13.701 8.310 6.146 8.458 14.005 10.953 7.172 8.236 9.269 3.458 7.195 0.691 9.456 11.236 5.978 8.748 3.744 11.381 9.802 11.340 1.764 
4 9.279 8.642 9.516 0.000 6.558 17.789 10.078 8.813 19.250 18.999 8.391 19.473 5.874 14.069 19.656 6.906 6.869 2.981 7.941 17.034 18.330 9.594 1.816 18.244 7.899 14.788 15.115 4.701 14.837 18.804 11.911 4.538 9.386 13.407 11.868 5.464 15.881 7.659 6.113 11.866 6.437 10.810 19.054 14.256 12.988 12.165 9.831 5.642 10.464 6.804 18.254 16.658 7.093 15.810 4.120 8.905 18.448 15.675 15.307 7.112 14.220 12.696 17.411 17.589 7.804 13.099 5.205 12.124 14.668 2.339 9.671 4.042 11.034 6.639 1.847 17.056 9.629 11.476 19.541 11.804 19.573 7.736 12.560 10.410 16.828 5.846 13.068 8.772 18.474 1.636 17.148 6.837 12.635 8.458 11.269 3.917 16.361 8.597 11.530 10.543 4.493 6.538 8.215 15.945 9.179 18.941 8.505 15.169 9.288 12.816 17.939 11.442 14.207 9.279 
5 8.472 4.209 7.443 6.558 0.000 17.370 8.301 2.256 14.544 17.120 14.519 16.037 12.123 9.603 20.044 10.859 6.822 9.157 13.721 18.383 18.011 11.028 5.394 16.185 2.905 15.176 11.561 2.061 10.376 17.914 10.097 6.960 13.703 7.744 14.749 11.703 10.270 1.231 11.693 8.341 9.220 15.473 15.274 14.744 6.975 10.840 13.693 5.754 8.976 11.153 15.954 17.686 2.881 15.669 9.061 12.153 15.578 14.433 14.625 2.876 9.464 16.155 19.342 14.432 7.711 7.602 9.402 10.346 15.738 4.605 4.595 4.795 12.332 10.135 5.754 11.996 3.076 10.333 20.270 13.004 16.462 13.788 12.647 4.012 13.090 8.683 14.860 2.339 13.835 5.185 12.706 12.206 8.927 14.525 13.750 6.723 15.882 14.724 15.337 12.679 2.220 1.866 8.796 14.601 6.780 15.341 3.849 13.235 2.790 9.079 18.587 14.678 17.022 8.472 
6 9.050 21.549 9.939 17.789 17.370 0.000 9.075 17.880 12.388 4.058 17.819 8.516 17.606 11.292 3.255 12.465 11.278 16.958 16.328 4.770 0.661 8.405 18.748 4.444 20.240 3.319 8.823 17.993 11.163 1.519 7.395 13.251 12.464 14.566 8.971 17.468 14.678 16.952 15.549 10.137 11.678 13.351 9.429 3.843 15.683 6.548 11.425 12.635 8.394 13.063 5.105 3.862 20.223 2.005 14.788 10.638 6.703 3.298 2.746 14.513 12.004 10.217 6.536 7.456 10.256 14.080 13.527 7.155 4.437 18.454 21.697 14.385 7.127 12.077 16.054 13.020 17.827 7.037 4.038 6.440 7.603 17.287 5.229 19.559 9.073 12.164 6.469 18.615 11.951 18.269 11.105 15.035 10.077 17.568 8.428 13.872 1.494 17.891 11.115 8.307 17.911 19.171 9.604 3.314 10.618 8.874 21.175 5.064 18.564 10.052 2.998 9.810 8.551 9.050 
7 1.401 12.474 0.866 10.078 8.301 9.075 0.000 8.893 10.178 9.153 13.895 9.484 12.457 5.572 11.859 8.023 3.324 10.497 12.505 10.699 9.721 4.913 10.512 8.309 11.165 7.173 5.406 9.090 6.120 9.633 1.912 6.025 10.090 7.371 8.975 12.144 8.865 7.893 10.801 2.948 6.093 11.854 9.224 6.828 8.039 2.540 9.457 4.437 0.707 8.680 8.241 9.857 11.167 7.445 8.711 7.717 8.371 6.174 6.329 5.438 6.113 10.747 11.989 7.560 2.681 6.837 7.868 2.152 8.089 10.038 12.643 6.107 5.523 7.173 8.233 8.749 8.947 2.064 12.191 5.906 9.511 13.152 4.724 10.687 7.095 6.130 7.921 9.601 9.401 10.039 8.004 10.753 3.612 13.743 7.788 6.540 7.593 14.054 10.552 6.669 9.037 10.121 3.275 6.369 1.553 9.028 12.100 5.224 9.603 3.762 10.531 9.344 10.725 1.401 
8 9.394 4.153 8.035 8.813 2.256 17.880 8.893 0.000 13.373 17.110 16.723 15.423 14.352 8.790 20.749 12.774 8.204 11.393 15.877 19.426 18.536 12.386 7.590 16.137 3.042 16.027 11.088 4.225 9.514 18.244 10.486 8.872 15.602 6.293 16.306 13.933 8.724 1.362 13.841 8.151 11.002 17.409 14.530 15.643 5.287 11.353 15.501 7.367 9.599 13.125 15.820 18.652 3.634 16.331 11.183 13.881 15.223 14.764 15.147 3.759 8.495 17.815 20.532 13.998 8.952 6.287 11.414 10.728 16.776 6.804 3.919 6.760 13.579 11.998 7.967 10.719 0.863 10.953 21.078 14.191 15.975 15.985 13.521 1.997 12.449 10.512 16.134 0.782 12.721 7.412 11.734 14.317 8.581 16.720 15.242 8.720 16.422 16.928 17.094 14.128 4.408 3.085 10.104 14.887 7.344 14.676 3.773 13.364 0.742 8.703 19.411 16.322 18.503 9.394 
9 11.534 17.446 10.306 19.250 14.544 12.388 10.178 13.373 0.000 8.846 24.073 4.359 22.573 5.183 15.519 18.170 13.285 20.368 22.675 16.695 12.891 14.519 19.038 8.089 16.414 13.364 4.944 16.345 4.413 11.541 9.196 15.944 19.985 7.132 17.972 22.240 5.079 13.425 20.974 7.547 16.270 21.626 3.153 13.446 8.329 9.830 19.206 14.028 10.263 18.837 7.416 15.674 16.960 12.400 18.780 17.573 5.824 9.712 10.983 12.424 5.125 19.740 18.452 4.933 12.835 7.087 18.025 9.159 14.931 18.350 16.898 15.283 14.449 17.336 17.524 2.703 12.737 10.309 16.403 14.397 5.407 23.330 12.309 13.916 3.627 16.297 16.013 14.094 0.787 18.637 2.179 20.928 6.767 23.919 16.863 16.358 11.726 24.232 19.946 15.939 16.415 16.205 13.408 9.499 10.370 3.704 17.084 8.109 13.680 6.589 15.303 18.579 18.961 11.534 
10 9.728 21.103 9.914 18.999 17.120 4.058 9.153 17.110 8.846 0.000 20.590 4.654 19.963 9.155 6.833 14.820 12.141 18.778 19.081 8.817 4.372 10.540 19.617 0.997 19.826 6.526 6.483 18.176 8.777 2.825 7.241 14.584 15.445 12.584 12.285 19.758 12.068 16.441 17.973 8.960 13.569 16.609 5.726 6.906 13.836 6.839 14.445 13.433 8.630 15.479 1.534 7.878 19.992 5.103 16.689 13.312 3.029 3.478 4.394 14.273 9.794 13.758 10.591 4.142 11.196 12.176 15.525 7.003 8.013 19.177 21.029 15.176 9.610 14.246 17.168 10.031 16.864 7.524 7.798 9.112 3.658 19.976 7.213 18.517 6.039 13.927 9.823 17.886 8.551 19.140 8.005 17.592 8.593 20.362 11.501 15.182 4.195 20.691 14.470 11.057 18.139 18.985 10.943 3.163 10.489 5.162 20.716 3.936 17.714 8.499 7.033 13.087 12.308 9.728 
11 12.548 17.033 13.838 8.391 14.519 17.819 13.895 16.723 24.073 20.590 0.000 22.810 2.530 19.280 18.312 5.983 10.956 5.449 1.509 14.903 18.130 10.155 10.150 20.170 16.259 14.512 19.236 12.936 19.921 19.231 15.077 8.595 5.406 19.872 9.087 2.930 22.052 15.421 3.159 16.661 7.803 5.221 22.835 14.009 19.857 14.738 6.444 10.634 13.846 5.299 20.458 15.049 15.476 15.930 5.741 7.282 21.277 17.159 16.217 13.968 19.688 8.602 14.381 20.870 11.256 19.435 6.130 15.182 13.527 10.730 18.055 10.243 10.982 6.764 8.766 22.497 17.454 14.105 17.765 11.525 22.522 0.773 13.389 18.520 20.862 7.806 11.453 16.846 23.296 10.027 21.899 3.155 17.409 0.281 9.406 8.429 16.770 0.206 7.302 9.581 12.722 14.857 10.691 17.486 13.921 22.533 16.894 17.556 17.308 17.577 16.565 8.268 10.660 12.548 
12 10.583 19.573 9.962 19.473 16.037 8.516 9.484 15.423 4.359 4.654 22.810 0.000 21.712 6.653 11.472 16.832 12.807 19.958 21.331 13.124 8.933 12.724 19.668 4.072 18.393 10.191 4.503 17.522 5.984 7.456 7.867 15.500 18.119 9.795 15.498 21.434 8.523 15.101 19.885 7.828 15.178 19.562 1.243 10.409 11.101 8.076 17.213 13.873 9.261 17.516 3.413 12.128 18.762 8.980 18.079 15.774 1.862 6.465 7.754 13.440 7.065 17.164 14.911 1.953 12.077 9.531 17.098 7.718 11.783 19.084 19.249 15.437 12.243 16.096 17.641 6.165 14.966 8.727 12.417 11.980 1.052 22.117 9.845 16.429 2.974 15.369 13.241 16.197 4.251 19.218 4.229 19.674 7.151 22.616 14.511 16.023 8.172 22.942 17.622 13.782 17.541 17.859 12.279 6.175 10.306 0.808 19.190 5.376 15.894 6.988 11.508 16.216 16.040 10.583 
13 11.193 14.513 12.267 5.874 12.123 17.606 12.457 14.352 22.573 19.963 2.530 21.712 0.000 17.614 18.543 5.170 9.294 2.976 2.529 15.306 17.996 9.429 7.621 19.436 13.761 14.296 17.861 10.469 18.298 18.927 13.858 6.710 5.873 17.887 9.448 0.419 20.166 13.077 2.064 15.053 6.539 6.453 21.612 13.764 17.768 13.673 6.790 8.738 12.522 4.546 19.649 15.282 12.965 15.637 3.809 7.009 20.301 16.487 15.690 11.805 17.961 9.442 15.073 19.759 9.776 17.479 4.617 13.997 13.553 8.212 15.544 8.077 10.517 5.724 6.389 20.811 15.107 12.999 18.124 11.169 21.531 1.954 12.781 16.102 19.539 6.357 11.542 14.434 21.788 7.508 20.394 2.705 15.823 2.630 9.449 6.420 16.412 2.733 8.103 9.317 10.256 12.372 9.434 16.806 12.247 21.359 14.379 16.631 14.911 15.998 16.765 8.717 11.401 11.193 
14 6.972 12.944 5.457 14.069 9.603 11.292 5.572 8.790 5.183 9.155 19.280 6.653 17.614 0.000 14.528 13.529 8.342 15.281 17.944 14.585 11.926 10.387 13.871 8.162 11.790 10.923 2.672 11.287 0.787 11.073 5.319 10.920 15.661 3.429 14.285 17.263 3.596 8.574 16.136 2.644 11.540 17.417 5.741 10.803 4.692 6.247 15.011 8.945 5.885 14.168 7.676 13.598 12.215 10.467 13.805 13.282 6.712 8.022 8.985 7.287 0.721 16.082 16.177 5.421 8.057 3.037 13.161 5.406 12.291 13.195 12.597 10.120 10.711 12.660 12.355 3.218 8.314 6.453 15.187 10.887 7.286 18.520 9.082 9.789 3.694 11.476 12.785 9.560 4.413 13.464 3.145 16.177 1.971 19.148 13.108 11.291 10.118 19.449 16.023 12.047 11.341 11.364 8.830 7.978 5.373 5.892 12.563 6.228 9.245 1.841 13.733 14.751 15.742 6.972 
15 11.581 24.250 12.721 19.656 20.044 3.255 11.859 20.749 15.519 6.833 18.312 11.472 18.543 14.528 0.000 13.615 13.589 18.396 16.889 3.523 2.663 10.062 20.815 7.450 22.943 4.958 12.078 20.457 14.415 4.017 10.347 15.184 12.922 17.768 9.227 18.476 17.933 19.739 16.489 13.247 13.282 13.380 12.481 5.459 18.857 9.418 11.899 14.922 11.155 14.121 8.126 3.271 22.846 4.419 16.233 11.579 9.737 6.509 5.713 17.238 15.243 9.967 4.806 10.610 12.579 17.273 14.945 10.121 5.068 20.614 24.487 16.614 8.628 13.423 18.033 16.261 20.762 9.796 1.040 7.859 10.490 17.889 7.442 22.502 12.292 13.839 7.004 21.460 15.122 20.345 14.328 15.861 13.245 18.042 9.094 15.795 4.469 18.348 11.124 9.382 20.353 21.790 11.733 6.555 13.412 11.918 23.886 8.302 21.453 13.231 1.780 10.044 7.981 11.581 
16 6.642 14.411 8.079 6.906 10.859 12.465 8.023 12.774 18.170 14.820 5.983 16.832 5.170 13.529 13.615 0.000 5.434 4.883 4.527 10.583 12.877 4.282 8.544 14.326 13.321 9.170 13.291 9.951 14.124 13.765 9.103 3.908 2.843 14.568 5.024 5.008 16.543 11.412 3.153 10.886 2.038 4.636 16.854 8.633 14.779 8.758 2.989 5.600 7.911 0.684 14.572 10.407 12.762 10.484 2.854 2.110 15.324 11.350 10.523 9.349 13.999 5.804 10.693 14.891 5.483 14.086 1.713 9.203 8.557 8.713 15.185 6.064 5.353 0.887 5.916 16.739 13.337 8.123 13.302 6.025 16.567 5.285 7.620 14.746 14.897 2.334 6.651 13.128 17.400 8.169 16.007 2.842 11.605 5.800 4.630 4.161 11.247 6.122 4.705 4.247 9.759 11.866 4.763 11.672 8.277 16.550 14.157 11.613 13.469 11.765 11.837 4.541 7.326 6.642 
17 2.413 10.958 2.986 6.869 6.822 11.278 3.324 8.204 13.285 12.141 10.956 12.807 9.294 8.342 13.589 5.434 0.000 7.186 9.662 11.623 11.871 4.215 7.540 11.375 9.686 8.635 8.668 6.891 9.010 12.136 5.066 2.710 7.993 9.133 8.115 8.956 11.153 6.919 7.803 5.760 3.398 9.842 12.534 8.154 9.376 5.302 7.641 1.357 3.617 6.008 11.389 10.986 9.432 9.386 5.495 5.908 11.651 8.872 8.646 4.462 8.733 9.683 12.524 10.879 1.023 8.653 4.827 5.270 9.000 7.190 11.417 3.116 5.513 4.549 5.030 11.554 8.575 4.619 13.691 6.201 12.812 10.192 6.163 10.190 10.377 3.195 8.038 8.746 12.499 7.059 11.107 7.894 6.529 10.836 7.039 3.216 9.798 11.131 9.095 5.926 6.777 8.388 1.978 9.127 2.970 12.349 10.622 8.301 8.944 6.704 12.013 8.187 10.300 2.413 
18 9.390 11.606 10.149 2.981 9.157 16.958 10.497 11.393 20.368 18.778 5.449 19.958 2.976 15.281 18.396 4.883 7.186 0.000 4.966 15.453 17.431 8.553 4.785 18.136 10.811 13.752 15.850 7.496 16.004 18.142 12.121 4.477 6.878 15.222 9.871 2.557 17.581 10.134 3.222 12.824 5.291 8.091 19.719 13.209 15.007 12.128 7.509 6.342 10.701 4.545 18.257 15.233 10.033 14.953 2.175 6.993 18.707 15.327 14.726 9.016 15.557 10.391 15.565 18.017 7.884 14.844 3.457 12.295 13.328 5.307 12.612 5.350 9.878 4.973 3.456 18.425 12.160 11.429 18.136 10.619 19.901 4.770 11.833 13.129 17.562 4.864 11.498 11.461 19.581 4.611 18.204 3.999 13.606 5.499 9.508 4.014 15.627 5.655 9.131 9.023 7.283 9.410 7.863 15.628 10.005 19.524 11.456 15.167 11.943 13.786 16.628 9.306 12.111 9.390 
19 11.141 16.523 12.489 7.941 13.721 16.328 12.505 15.877 22.675 19.081 1.509 21.331 2.529 17.944 16.889 4.527 9.662 4.966 0.000 13.513 16.648 8.656 9.750 18.663 15.661 13.017 17.813 12.276 18.568 17.733 13.630 7.439 3.968 18.681 7.664 2.798 20.803 14.548 2.040 15.312 6.417 4.078 21.376 12.511 18.732 13.266 4.994 9.452 12.427 3.849 18.954 13.621 14.924 14.431 4.716 5.773 19.786 15.651 14.708 12.928 18.375 7.319 13.074 19.396 9.894 18.230 4.874 13.728 12.059 10.249 17.493 9.244 9.473 5.340 8.009 21.161 16.572 12.641 16.371 10.018 21.032 1.007 11.881 17.734 19.424 6.477 9.989 16.060 21.901 9.561 20.506 1.769 16.051 1.289 7.928 7.352 15.267 1.618 5.992 8.076 12.064 14.228 9.272 15.978 12.609 21.066 16.354 16.063 16.496 16.215 15.133 6.860 9.355 11.141 
20 10.032 22.563 11.504 17.034 18.383 4.770 10.699 19.426 16.695 8.817 14.903 13.124 15.306 14.585 3.523 10.583 11.623 15.453 13.513 0.000 4.599 7.619 18.363 9.100 21.277 3.679 12.497 18.477 14.662 6.194 9.634 12.732 9.556 17.501 5.873 15.274 18.159 18.279 13.278 12.760 10.599 9.891 13.921 3.905 18.431 8.627 8.558 12.869 10.006 11.020 9.729 1.023 21.054 4.304 13.337 8.485 11.270 6.996 5.770 15.733 15.302 6.459 1.788 11.817 10.681 16.974 12.061 9.458 2.652 18.266 22.950 14.432 6.184 10.532 15.549 16.882 19.580 8.764 2.864 5.445 12.273 14.518 5.975 21.307 13.171 11.197 3.977 20.077 16.164 17.911 15.135 12.603 12.965 14.629 5.957 13.314 4.988 14.928 7.651 6.501 18.346 20.007 9.655 7.197 12.178 13.385 22.218 8.715 20.159 13.000 2.024 6.655 4.459 10.032 
21 9.668 22.194 10.586 18.330 18.011 0.661 9.721 18.536 12.891 4.372 18.130 8.933 17.996 11.926 2.663 12.877 11.871 17.431 16.648 4.599 0.000 8.885 19.319 4.869 20.885 3.707 9.437 18.614 11.784 1.608 8.052 13.794 12.750 15.213 9.194 17.870 15.293 17.603 15.934 10.797 12.165 13.560 9.890 4.246 16.335 7.199 11.709 13.228 9.037 13.461 5.541 3.775 20.860 2.521 15.258 11.003 7.151 3.950 3.395 15.158 12.637 10.352 6.322 7.968 10.849 14.729 13.989 7.813 4.646 19.037 22.349 14.973 7.568 12.522 16.609 13.599 18.486 7.678 3.513 6.858 7.988 17.617 5.779 20.218 9.631 12.664 6.713 19.270 12.476 18.841 11.666 15.399 10.731 17.875 8.725 14.415 2.129 18.195 11.307 8.680 18.529 19.808 10.167 3.953 11.266 9.330 21.821 5.702 19.221 10.705 2.688 10.036 8.605 9.668 
22 3.610 15.126 5.371 9.594 11.028 8.405 4.913 12.386 14.519 10.540 10.155 12.724 9.429 10.387 10.062 4.282 4.215 8.553 8.656 7.619 8.885 0.000 10.799 10.049 13.870 5.236 9.575 10.912 10.847 9.611 5.328 5.152 5.479 12.234 4.135 9.237 13.771 11.123 7.434 7.827 3.281 7.114 12.862 4.696 12.785 4.748 4.691 5.335 4.504 4.946 10.311 7.122 13.565 6.400 6.384 3.079 11.137 7.068 6.273 8.627 10.976 5.867 8.360 10.809 3.448 11.705 5.132 5.361 5.112 10.663 15.622 6.824 1.453 3.736 7.996 13.474 12.704 4.212 9.973 2.222 12.384 9.500 3.357 14.358 11.057 3.800 3.849 12.950 13.780 10.338 12.421 7.081 8.418 9.945 2.969 5.752 7.089 10.274 5.646 1.821 10.771 12.535 2.284 7.391 5.868 12.511 14.799 7.412 13.127 8.547 8.352 4.437 6.151 3.610 
23 9.925 6.910 9.842 1.816 5.394 18.748 10.512 7.590 19.038 19.617 10.150 19.668 7.621 13.871 20.815 8.544 7.540 4.785 9.750 18.363 19.319 10.799 0.000 18.806 6.270 15.887 15.215 3.365 14.654 19.665 12.408 5.647 11.121 12.776 13.416 7.220 15.298 6.589 7.929 11.896 7.812 12.592 19.141 15.367 12.199 12.795 11.509 6.204 10.991 8.505 18.753 17.918 5.419 16.806 5.844 10.466 18.794 16.407 16.168 6.636 13.931 14.347 18.853 17.843 8.543 12.529 6.830 12.636 15.911 0.789 7.979 4.446 12.252 8.180 2.815 16.697 8.441 12.130 20.770 13.021 19.864 9.514 13.545 9.004 16.901 7.198 14.432 7.427 18.278 0.481 17.004 8.648 12.634 10.229 12.735 5.053 17.287 10.354 13.219 11.926 3.184 4.996 9.154 16.656 9.398 19.082 6.802 15.716 7.972 12.812 19.136 13.044 15.772 9.925 
24 8.965 20.144 9.045 18.244 16.185 4.444 8.309 16.137 8.089 0.997 20.170 4.072 19.436 8.162 7.450 14.326 11.375 18.136 18.663 9.100 4.869 10.049 18.806 0.000 18.871 6.455 5.491 17.281 7.795 3.453 6.401 13.875 15.119 11.591 12.102 19.215 11.116 15.485 17.473 7.986 12.980 16.367 5.031 6.773 12.840 6.084 14.139 12.645 7.817 14.994 0.676 8.121 19.052 5.109 16.077 12.916 2.288 3.022 4.139 13.348 8.805 13.649 10.888 3.260 10.454 11.181 14.942 6.170 8.007 18.346 20.056 14.374 9.225 13.712 16.405 9.127 15.881 6.780 8.369 8.789 3.174 19.535 6.788 17.529 5.116 13.308 9.692 16.914 7.741 18.330 7.112 17.128 7.605 19.949 11.247 14.466 4.238 20.278 14.279 10.714 17.249 18.051 10.277 2.693 9.601 4.469 19.757 3.090 16.736 7.508 7.439 12.881 12.315 8.965 
25 11.377 1.309 10.302 7.899 2.905 20.240 11.165 3.042 16.414 19.826 16.259 18.393 13.761 11.790 22.943 13.321 9.686 10.811 15.661 21.277 20.885 13.870 6.270 18.871 0.000 18.081 13.999 3.419 12.527 20.743 12.921 9.505 16.148 9.319 17.484 13.346 11.712 3.386 13.693 10.921 11.845 17.853 17.531 17.649 8.260 13.698 16.242 8.551 11.849 13.530 18.599 20.588 0.916 18.561 11.191 14.789 18.103 17.256 17.494 5.728 11.522 18.816 22.209 16.905 10.598 9.328 11.749 13.169 18.635 5.583 1.868 7.358 15.199 12.667 7.707 13.754 3.720 13.211 23.175 15.883 18.906 15.575 15.553 3.229 15.420 11.273 17.714 2.334 15.763 6.284 14.768 14.300 11.427 16.307 16.525 9.165 18.756 16.465 17.922 15.479 3.626 1.461 11.664 17.410 9.628 17.659 0.944 15.987 2.813 11.562 21.493 17.359 19.789 11.377 
26 6.706 19.384 8.012 14.788 15.176 3.319 7.173 16.027 13.364 6.526 14.512 10.191 14.296 10.923 4.958 9.170 8.635 13.752 13.017 3.679 3.707 5.236 15.887 6.455 18.081 0.000 8.929 15.513 11.029 4.724 5.974 10.279 9.180 13.823 5.801 14.166 14.507 14.948 12.236 9.088 8.513 10.169 10.809 0.544 14.766 4.970 8.147 9.965 6.468 9.757 6.976 2.737 17.945 1.460 11.577 7.319 8.342 3.741 2.442 12.418 11.637 7.232 5.264 8.635 7.629 13.297 10.302 5.789 1.595 15.668 19.676 11.657 3.875 8.823 13.123 13.324 16.116 5.167 5.094 3.152 9.486 13.972 2.529 17.855 9.765 9.035 3.309 16.711 12.776 15.414 11.661 11.717 9.286 14.263 5.147 10.896 2.361 14.587 7.980 4.989 15.406 16.889 6.778 4.017 8.699 10.309 19.025 5.260 16.748 9.321 3.412 6.623 5.872 6.706 
27 6.697 15.213 5.706 15.115 11.561 8.823 5.406 11.088 4.944 6.483 19.236 4.503 17.861 2.672 12.078 13.291 8.668 15.850 17.813 12.497 9.437 9.575 15.215 5.491 13.999 8.929 0.000 13.019 2.363 8.478 4.255 11.376 15.043 6.101 13.095 17.549 5.856 10.665 16.176 3.333 11.443 16.683 3.940 8.909 7.358 4.905 14.262 9.601 5.389 13.965 5.009 11.484 14.323 8.244 14.113 12.632 4.151 5.643 6.750 8.937 3.322 14.877 14.175 2.910 8.086 5.700 13.264 4.215 10.418 14.613 14.974 11.073 9.542 12.476 13.305 4.395 10.710 5.366 12.802 9.540 4.911 18.504 7.510 12.275 1.719 11.523 11.260 11.869 4.210 14.772 2.886 16.082 2.649 19.071 11.966 11.851 7.772 19.388 15.029 11.015 13.038 13.397 8.545 5.543 5.944 3.871 14.827 3.836 11.614 2.488 11.436 13.675 14.234 6.697 
28 8.945 4.460 8.281 4.701 2.061 17.993 9.090 4.225 16.345 18.176 12.936 17.522 10.469 11.287 20.457 9.951 6.891 7.496 12.276 18.477 18.614 10.912 3.365 17.281 3.419 15.513 13.019 0.000 12.072 18.687 10.980 6.214 12.763 9.713 14.293 10.051 12.246 3.286 10.292 9.709 8.583 14.449 16.845 15.040 9.007 11.594 12.900 5.609 9.705 10.133 17.117 17.870 2.811 16.179 7.772 11.512 16.900 15.256 15.281 4.082 11.227 15.541 19.266 15.821 7.886 9.531 8.351 11.227 15.874 2.580 5.282 4.144 12.308 9.334 4.293 13.863 5.077 11.010 20.580 13.033 17.862 12.234 13.015 5.712 14.624 7.991 14.752 4.091 15.615 3.207 14.425 10.887 10.371 12.969 13.397 5.820 16.499 13.142 14.595 12.403 0.213 1.962 8.830 15.458 7.687 16.864 4.212 14.244 4.624 10.536 18.902 14.108 16.630 8.945 
29 7.519 13.666 6.083 14.837 10.376 11.163 6.120 9.514 4.413 8.777 19.921 5.984 18.298 0.787 14.415 14.124 9.010 16.004 18.568 14.662 11.784 10.847 14.654 7.795 12.527 11.029 2.363 12.072 0.000 10.841 5.653 11.619 16.185 3.894 14.665 17.952 3.530 9.336 16.786 3.260 12.154 17.919 5.021 10.946 5.192 6.526 15.503 9.663 6.368 14.771 7.269 13.662 12.968 10.472 14.491 13.792 6.191 7.940 8.980 8.074 1.089 16.463 16.293 4.891 8.674 3.572 13.814 5.708 12.448 13.980 13.290 10.874 11.082 13.262 13.113 2.635 9.011 6.804 15.115 11.209 6.673 19.165 9.325 10.445 3.069 12.115 13.062 10.279 3.638 14.246 2.358 16.804 2.520 19.784 13.497 12.005 10.061 20.088 16.459 12.460 12.127 12.128 9.394 7.864 6.051 5.207 13.287 6.129 9.948 2.360 13.709 15.162 16.033 7.519 
30 9.812 22.046 10.479 18.804 17.914 1.519 9.633 18.244 11.541 2.825 19.231 7.456 18.927 11.073 4.017 13.765 12.136 18.142 17.733 6.194 1.608 9.611 19.665 3.453 20.743 4.724 8.478 18.687 10.841 0.000 7.822 14.274 13.903 14.445 10.456 18.773 14.296 17.403 16.879 10.268 12.851 14.837 8.474 5.222 15.625 7.101 12.869 13.488 8.990 14.381 4.127 5.333 20.789 3.305 15.983 12.004 5.734 3.489 3.501 15.039 11.765 11.730 7.928 6.672 11.125 13.986 14.742 7.574 5.939 19.324 22.116 15.252 8.412 13.328 17.031 12.455 18.120 7.679 4.973 7.766 6.478 18.681 6.315 19.833 8.444 13.304 7.950 18.998 11.178 19.184 10.473 16.395 10.092 18.983 9.868 14.894 2.524 19.308 12.610 9.675 18.620 19.748 10.589 3.359 11.134 7.910 21.667 4.990 18.904 10.040 4.296 11.292 10.070 9.812 
31 2.731 14.225 2.699 11.911 10.097 7.395 1.912 10.486 9.196 7.241 15.077 7.867 13.858 5.319 10.347 9.103 5.066 12.121 13.630 9.634 8.052 5.328 12.408 6.401 12.921 5.974 4.255 10.980 5.653 7.822 0.000 7.698 10.789 7.894 9.015 13.574 8.881 9.590 12.075 3.136 7.343 12.442 7.771 5.738 8.797 1.008 10.019 6.277 1.450 9.783 6.355 8.711 12.975 5.948 10.212 8.378 6.599 4.337 4.673 7.221 5.986 10.813 11.097 5.916 4.243 7.362 9.241 0.249 7.158 11.945 14.321 7.985 5.432 8.317 10.065 8.237 10.439 1.155 10.785 5.569 7.782 14.360 3.824 12.175 5.802 7.506 7.473 11.224 8.453 11.933 7.093 11.923 3.456 14.900 7.852 8.252 5.949 15.221 10.855 6.840 10.933 11.939 4.429 4.507 3.325 7.501 13.846 3.314 11.169 3.534 9.172 9.533 10.423 2.731 
32 4.975 10.649 5.680 4.538 6.960 13.251 6.025 8.872 15.944 14.584 8.595 15.500 6.710 10.920 15.184 3.908 2.710 4.477 7.439 12.732 13.794 5.152 5.647 13.875 9.505 10.279 11.376 6.214 11.619 14.274 7.698 0.000 6.748 11.277 8.104 6.349 13.486 7.509 5.453 8.399 2.373 8.540 15.243 9.752 11.293 7.801 6.748 2.044 6.261 4.261 13.942 12.272 9.011 11.273 2.911 5.299 14.297 11.203 10.781 5.559 11.252 9.330 13.303 13.565 3.459 10.843 2.627 7.885 10.264 5.538 11.358 2.169 6.605 3.178 2.850 14.107 9.455 7.101 15.123 7.374 15.475 7.822 8.022 10.840 13.086 1.777 8.832 9.220 15.158 5.187 13.772 5.721 9.177 8.511 7.270 0.621 11.823 8.782 8.419 6.362 6.038 8.065 3.692 11.484 5.577 15.054 10.372 10.842 9.562 9.355 13.494 7.894 10.455 4.975 
33 8.692 17.219 10.321 9.386 13.703 12.464 10.090 15.602 19.985 15.445 5.406 18.119 5.873 15.661 12.922 2.843 7.993 6.878 3.968 9.556 12.750 5.479 11.121 15.119 16.148 9.180 15.043 12.763 16.185 13.903 10.789 6.748 0.000 17.048 3.696 5.917 18.872 14.242 3.984 13.033 4.678 1.850 18.316 8.696 17.363 10.225 1.041 8.353 9.822 2.649 15.475 9.654 15.570 10.621 5.278 2.411 16.461 12.098 11.051 12.122 16.195 3.602 9.210 16.232 7.819 16.546 4.423 10.833 8.129 11.375 18.014 8.908 5.918 3.610 8.635 18.820 16.150 9.688 12.410 6.337 17.705 4.969 8.363 17.580 16.536 5.104 6.053 15.968 19.238 10.786 17.869 3.207 13.696 5.142 4.036 7.000 11.486 5.457 2.283 4.406 12.567 14.690 6.865 12.427 10.634 17.949 16.974 12.754 16.302 13.841 11.167 2.901 5.529 8.692 
34 8.624 10.319 6.867 13.407 7.744 14.566 7.371 6.293 7.132 12.584 19.872 9.795 17.887 3.429 17.768 14.568 9.133 15.222 18.681 17.501 15.213 12.234 12.776 11.591 9.319 13.823 6.101 9.713 3.894 14.445 7.894 11.277 17.048 0.000 16.336 17.499 2.534 6.545 16.725 4.759 12.531 18.880 8.732 13.622 1.306 8.899 16.566 9.240 7.921 15.134 11.103 16.551 9.918 13.561 14.159 14.799 10.084 11.271 12.116 6.302 2.819 18.096 18.991 8.784 9.234 0.538 13.809 8.054 15.053 12.020 9.772 9.873 12.887 13.682 11.931 4.446 5.616 8.893 18.366 13.221 10.544 19.099 11.701 6.809 6.949 12.300 15.215 6.988 6.528 12.445 5.727 16.930 4.560 19.785 15.151 11.482 13.312 20.059 17.814 14.022 9.824 9.246 10.262 11.263 6.443 8.998 9.960 9.520 6.556 4.552 16.844 16.668 18.077 8.624 
35 7.727 18.682 9.491 11.868 14.749 8.971 8.975 16.306 17.972 12.285 9.087 15.498 9.448 14.285 9.227 5.024 8.115 9.871 7.664 5.873 9.194 4.135 13.416 12.102 17.484 5.801 13.095 14.293 14.665 10.456 9.015 8.104 3.696 16.336 0.000 9.434 17.763 14.998 7.442 11.816 5.735 4.381 15.889 5.383 16.916 8.208 2.686 9.002 8.485 5.332 12.545 5.962 17.064 7.260 7.877 2.963 13.726 9.150 7.963 12.577 14.914 1.798 5.709 13.722 7.500 15.804 6.676 8.979 4.549 13.484 19.300 10.160 3.584 5.239 10.664 17.250 16.690 7.861 8.718 3.581 14.941 8.665 5.708 18.298 14.379 6.347 2.507 16.816 17.278 13.008 15.981 6.743 12.342 8.819 1.187 8.578 8.161 9.128 2.184 2.319 14.125 16.080 6.336 9.470 10.001 15.456 18.384 10.164 17.043 12.453 7.478 0.842 2.362 7.727 
36 10.895 14.105 11.935 5.464 11.703 17.468 12.144 13.933 22.240 19.758 2.930 21.434 0.419 17.263 18.476 5.008 8.956 2.557 2.798 15.274 17.870 9.237 7.220 19.215 13.346 14.166 17.549 10.051 17.952 18.773 13.574 6.349 5.917 17.499 9.434 0.000 19.787 12.659 1.995 14.712 6.279 6.612 21.317 13.631 17.369 13.412 6.800 8.369 12.225 4.409 19.416 15.223 12.554 15.491 3.462 6.912 20.043 16.280 15.507 11.401 17.602 9.508 15.090 19.481 9.463 17.093 4.337 13.717 13.464 7.803 15.133 7.676 10.361 5.512 5.971 20.455 14.689 12.733 18.078 11.028 21.269 2.319 12.593 15.683 19.232 6.068 11.472 14.014 21.454 7.100 20.062 2.715 15.485 3.016 9.383 6.042 16.254 3.135 8.173 9.201 9.838 11.956 9.156 16.597 11.901 21.071 13.969 16.385 14.492 15.660 16.696 8.724 11.440 10.895 
37 10.228 12.637 8.552 15.881 10.270 14.678 8.865 8.724 5.079 12.068 22.052 8.523 20.166 3.596 17.933 16.543 11.153 17.581 20.803 18.159 15.293 13.771 15.298 11.116 11.712 14.507 5.856 12.246 3.530 14.296 8.881 13.486 18.872 2.534 17.763 19.787 0.000 9.064 18.893 5.951 14.511 20.672 7.333 14.395 3.453 9.829 18.298 11.443 9.287 17.145 10.536 17.165 12.358 13.995 16.393 16.542 9.250 11.468 12.504 8.770 2.900 19.554 19.766 7.984 11.088 2.783 15.938 8.982 15.885 14.546 11.987 12.240 14.212 15.659 14.354 2.450 7.991 9.995 18.642 14.431 9.423 21.281 12.669 8.978 6.057 14.348 16.354 9.381 4.636 14.960 4.298 19.038 5.442 21.949 16.579 13.746 13.590 22.233 19.415 15.490 12.358 11.732 12.009 11.388 8.272 7.719 12.292 9.657 8.910 5.350 17.237 18.185 19.299 10.228 
38 8.263 4.666 7.027 7.659 1.231 16.952 7.893 1.362 13.425 16.441 15.421 15.101 13.077 8.574 19.739 11.412 6.919 10.134 14.548 18.279 17.603 11.123 6.589 15.485 3.386 14.948 10.665 3.286 9.336 17.403 9.590 7.509 14.242 6.545 14.998 12.659 9.064 0.000 12.509 7.541 9.649 16.047 14.290 14.544 5.747 10.404 14.148 6.030 8.591 11.763 15.215 17.533 3.661 15.332 9.844 12.538 14.743 13.914 14.208 2.546 8.386 16.486 19.334 13.562 7.710 6.427 10.055 9.836 15.627 5.801 4.750 5.401 12.352 10.638 6.688 10.845 2.032 9.954 20.025 12.984 15.576 14.677 12.427 3.345 12.136 9.154 14.903 1.827 12.731 6.355 11.640 12.972 8.066 15.411 13.948 7.361 15.478 15.625 15.748 12.844 3.436 2.794 8.848 14.059 6.341 14.385 4.281 12.611 2.068 8.207 18.350 14.995 17.215 8.263 
39 9.479 14.594 10.707 6.113 11.693 15.549 10.801 13.841 20.974 17.973 3.159 19.885 2.064 16.136 16.489 3.153 7.803 3.222 2.040 13.278 15.934 7.434 7.929 17.473 13.693 12.236 16.176 10.292 16.786 16.879 12.075 5.453 3.984 16.725 7.442 1.995 18.893 12.509 0.000 13.526 4.738 4.928 19.846 11.706 16.738 11.816 4.824 7.485 10.794 2.504 17.709 13.232 12.978 13.585 2.676 4.944 18.421 14.502 13.671 10.901 16.536 7.586 13.111 17.936 8.141 16.284 2.976 12.197 11.490 8.368 15.537 7.207 8.475 3.796 6.007 19.352 14.532 11.158 16.084 9.116 19.659 2.391 10.772 15.705 17.825 4.679 9.486 14.032 20.194 7.697 18.797 0.814 14.280 3.060 7.395 5.329 14.368 3.340 6.263 7.254 10.081 12.251 7.653 14.824 10.771 19.568 14.410 14.725 14.463 14.449 14.710 6.742 9.480 9.479 
40 4.341 12.179 2.824 11.866 8.341 10.137 2.948 8.151 7.547 8.960 16.661 7.828 15.053 2.644 13.247 10.886 5.760 12.824 15.312 12.760 10.797 7.827 11.896 7.986 10.921 9.088 3.333 9.709 3.260 10.268 3.136 8.399 13.033 4.759 11.816 14.712 5.951 7.541 13.526 0.000 8.903 14.802 7.246 8.871 5.683 4.142 12.405 6.490 3.336 11.527 7.683 11.823 11.163 8.927 11.250 10.665 7.238 6.871 7.537 5.633 3.165 13.605 14.234 6.117 5.419 4.226 10.555 3.303 10.294 11.284 12.070 7.838 8.280 10.019 10.083 5.854 7.920 4.152 13.769 8.544 8.156 15.905 6.945 9.602 5.005 8.855 10.511 8.928 6.760 11.457 5.380 13.547 0.782 16.525 10.631 8.812 8.782 16.828 13.473 9.538 9.721 10.199 6.190 6.933 2.823 7.203 11.792 5.293 8.757 0.963 12.198 12.234 13.418 4.341 
41 4.748 13.008 6.083 6.437 9.220 11.678 6.093 11.002 16.270 13.569 7.803 15.178 6.539 11.540 13.282 2.038 3.398 5.291 6.417 10.599 12.165 3.281 7.812 12.980 11.845 8.513 11.443 8.583 12.154 12.851 7.343 2.373 4.678 12.531 5.735 6.279 14.511 9.649 4.738 8.903 0.000 6.525 15.112 7.971 12.758 7.135 4.499 3.682 6.057 2.638 13.156 10.230 11.374 9.673 3.141 2.945 13.765 10.098 9.444 7.454 11.993 6.972 11.042 13.226 3.484 12.048 1.963 7.471 8.253 7.802 13.688 4.487 4.665 1.152 5.007 14.756 11.512 6.461 13.122 5.428 14.993 7.064 6.543 12.994 13.087 0.619 6.639 11.417 15.494 7.376 14.097 4.660 9.636 7.650 4.943 2.849 10.337 7.961 6.118 4.120 8.409 10.415 2.916 10.407 6.251 14.842 12.724 10.110 11.717 9.799 11.542 5.525 8.091 4.748 
42 10.464 18.891 12.122 10.810 15.473 13.351 11.854 17.409 21.626 16.609 5.221 19.562 6.453 17.417 13.380 4.636 9.842 8.091 4.078 9.891 13.560 7.114 12.592 16.367 17.853 10.169 16.683 14.449 17.919 14.837 12.442 8.540 1.850 18.880 4.381 6.612 20.672 16.047 4.928 14.802 6.525 0.000 19.831 9.732 19.209 11.814 2.423 10.193 11.550 4.329 16.771 10.173 17.244 11.629 6.790 4.137 17.851 13.370 12.242 13.960 17.967 3.453 9.212 17.710 9.647 18.376 6.106 12.468 8.921 12.912 19.721 10.684 7.322 5.440 10.246 20.553 17.971 11.317 12.746 7.613 19.087 5.037 9.725 19.379 18.128 6.935 6.888 17.756 20.891 12.291 19.535 4.119 15.447 4.940 5.120 8.752 12.524 5.202 2.267 5.783 14.249 16.393 8.664 13.697 12.455 19.439 18.659 14.186 18.102 15.588 11.687 3.548 5.514 10.464 
43 10.422 18.683 9.608 19.054 15.274 9.429 9.224 14.530 3.153 5.726 22.835 1.243 21.612 5.741 12.481 16.854 12.534 19.719 21.376 13.921 9.890 12.862 19.141 5.031 17.531 10.809 3.940 16.845 5.021 8.474 7.771 15.243 18.316 8.732 15.889 21.317 7.333 14.290 19.846 7.246 15.112 19.831 0.000 10.975 10.033 8.130 17.448 13.519 9.092 17.536 4.355 12.911 17.942 9.691 17.914 15.937 2.743 7.071 8.371 12.771 6.075 17.598 15.702 2.185 11.878 8.503 16.995 7.655 12.402 18.527 18.309 15.011 12.516 16.083 17.241 4.946 14.032 8.737 13.397 12.326 2.269 22.125 10.186 15.443 2.241 15.254 13.726 15.297 3.008 18.702 3.064 19.684 6.517 22.653 14.853 15.739 8.935 22.976 17.971 14.051 16.876 17.069 12.196 6.811 9.878 0.564 18.303 5.731 14.969 6.343 12.398 16.571 16.594 10.422 
44 6.286 18.949 7.653 14.256 14.744 3.843 6.828 15.643 13.446 6.906 14.009 10.409 13.764 10.803 5.459 8.633 8.154 13.209 12.511 3.905 4.246 4.696 15.367 6.773 17.649 0.544 8.909 15.040 10.946 5.222 5.738 9.752 8.696 13.622 5.383 13.631 14.395 14.544 11.706 8.871 7.971 9.732 10.975 0.000 14.533 4.731 7.667 9.476 6.128 9.223 7.263 3.029 17.497 1.926 11.033 6.797 8.574 3.945 2.670 12.007 11.511 6.877 5.384 8.792 7.154 13.092 9.758 5.569 1.510 15.157 19.262 11.157 3.331 8.280 12.598 13.297 15.754 4.862 5.544 2.611 9.743 13.461 2.122 17.489 9.831 8.495 2.924 16.318 12.838 14.895 11.686 11.194 9.110 13.762 4.672 10.368 2.799 14.087 7.567 4.465 14.930 16.442 6.276 4.242 8.335 10.488 18.593 5.340 16.368 9.155 3.863 6.193 5.632 6.286 
45 9.194 9.192 7.433 12.988 6.975 15.683 8.039 5.287 8.329 13.836 19.857 11.101 17.768 4.692 18.857 14.779 9.376 15.007 18.732 18.431 16.335 12.785 12.199 12.840 8.260 14.766 7.358 9.007 5.192 15.625 8.797 11.293 17.363 1.306 16.916 17.369 3.453 5.747 16.738 5.683 12.758 19.209 10.033 14.533 0.000 9.804 16.951 9.292 8.646 15.310 12.367 17.502 8.917 14.591 14.117 15.189 11.376 12.386 13.172 5.992 4.111 18.648 19.870 10.077 9.614 1.659 13.883 8.977 15.929 11.425 8.580 9.694 13.553 13.901 11.630 5.627 4.540 9.724 19.420 13.943 11.849 19.086 12.550 5.587 8.252 12.469 15.954 5.930 7.760 11.903 7.015 17.003 5.613 19.788 15.739 11.428 14.391 20.049 18.280 14.597 9.138 8.328 10.703 12.397 6.920 10.303 8.844 10.666 5.457 5.631 17.869 17.192 18.758 9.194 
46 2.889 15.006 3.398 12.165 10.840 6.548 2.540 11.353 9.830 6.839 14.738 8.076 13.673 6.247 9.418 8.758 5.302 12.128 13.266 8.627 7.199 4.748 12.795 6.084 13.698 4.970 4.905 11.594 6.526 7.101 1.008 7.801 10.225 8.899 8.208 13.412 9.829 10.404 11.816 4.142 7.135 11.814 8.130 4.731 9.804 0.000 9.401 6.599 1.890 9.442 6.143 7.706 13.706 5.003 10.133 7.827 6.632 3.667 3.804 7.974 6.930 9.999 10.092 6.133 4.370 8.367 9.080 0.853 6.155 12.382 15.150 8.350 4.640 8.023 10.330 9.065 11.344 0.701 9.823 4.693 7.858 14.042 2.844 13.084 6.317 7.377 6.542 12.079 9.111 12.316 7.788 11.598 4.432 14.548 7.067 8.386 5.075 14.873 10.124 6.111 11.532 12.660 4.285 3.887 4.071 7.802 14.631 3.044 12.049 4.499 8.196 8.772 9.508 2.889 
47 8.074 17.357 9.759 9.831 13.693 11.425 9.457 15.501 19.206 14.445 6.444 17.213 6.790 15.011 11.899 2.989 7.641 7.509 4.994 8.558 11.709 4.691 11.509 14.139 16.242 8.147 14.262 12.900 15.503 12.869 10.019 6.748 1.041 16.566 2.686 6.800 18.298 14.148 4.824 12.405 4.499 2.423 17.448 7.667 16.951 9.401 0.000 8.162 9.136 3.033 14.510 8.629 15.711 9.591 5.716 1.767 15.530 11.122 10.053 11.924 15.570 2.888 8.291 15.343 7.344 16.054 4.690 10.047 7.088 11.698 18.100 8.915 4.977 3.575 8.904 18.136 16.004 8.896 11.404 5.351 16.772 5.991 7.412 17.493 15.717 5.011 5.012 15.911 18.469 11.145 17.112 4.090 13.040 6.181 3.000 7.083 10.461 6.498 1.716 3.445 12.711 14.793 6.311 11.451 10.125 17.067 17.094 11.839 16.215 13.178 10.140 1.928 4.665 8.074 
48 3.720 9.796 3.916 5.642 5.754 12.635 4.437 7.367 14.028 13.433 10.634 13.873 8.738 8.945 14.922 5.600 1.357 6.342 9.452 12.869 13.228 5.335 6.204 12.645 8.551 9.965 9.601 5.609 9.663 13.488 6.277 2.044 8.353 9.240 9.002 8.369 11.443 6.030 7.485 6.490 3.682 10.193 13.519 9.476 9.292 6.599 8.162 0.000 4.836 6.070 12.630 12.266 8.230 10.740 4.951 6.516 12.808 10.203 10.001 3.771 9.248 10.458 13.693 11.970 2.379 8.801 4.592 6.495 10.267 5.836 10.332 1.765 6.708 4.757 3.796 12.111 7.843 5.928 15.002 7.426 13.941 9.862 7.509 9.365 11.320 3.268 9.184 7.832 13.242 5.724 11.868 7.714 7.272 10.546 7.996 2.348 11.156 10.820 9.731 6.931 5.482 7.201 3.225 10.452 3.682 13.372 9.474 9.559 8.094 7.452 13.329 8.969 11.268 3.720 
49 1.330 13.158 1.566 10.464 8.976 8.394 0.707 9.599 10.263 8.630 13.846 9.261 12.522 5.885 11.155 7.911 3.617 10.701 12.427 10.006 9.037 4.504 10.991 7.817 11.849 6.468 5.389 9.705 6.368 8.990 1.450 6.261 9.822 7.921 8.485 12.225 9.287 8.591 10.794 3.336 6.057 11.550 9.092 6.128 8.646 1.890 9.136 4.836 0.000 8.581 7.794 9.157 11.834 6.743 8.830 7.424 8.041 5.553 5.649 6.121 6.472 10.271 11.316 7.317 2.817 7.385 7.908 1.660 7.406 10.548 13.341 6.557 4.974 7.088 8.619 9.003 9.654 1.364 11.484 5.306 9.214 13.115 4.030 11.394 7.031 6.166 7.311 10.305 9.496 10.514 8.107 10.693 3.915 13.682 7.299 6.809 6.908 13.999 10.147 6.203 9.644 10.785 3.156 5.763 2.256 8.856 12.785 4.728 10.310 4.046 9.823 8.899 10.156 1.330 
50 7.305 14.585 8.713 6.804 11.153 13.063 8.680 13.125 18.837 15.479 5.299 17.516 4.546 14.168 14.121 0.684 6.008 4.545 3.849 11.020 13.461 4.946 8.505 14.994 13.530 9.757 13.965 10.133 14.771 14.381 9.783 4.261 2.649 15.134 5.332 4.409 17.145 11.763 2.504 11.527 2.638 4.329 17.536 9.223 15.310 9.442 3.033 6.070 8.581 0.000 15.246 10.890 12.935 11.091 2.686 2.546 16.006 12.012 11.168 9.782 14.628 5.915 11.036 15.575 6.113 14.658 1.783 9.884 9.081 8.735 15.398 6.375 5.973 1.509 5.986 17.381 13.716 8.806 13.774 6.624 17.249 4.601 8.273 15.082 15.575 2.841 7.129 13.447 18.065 8.157 16.671 2.158 12.252 5.118 5.068 4.430 11.868 5.440 4.726 4.795 9.935 12.070 5.429 12.336 8.888 17.234 14.345 12.294 13.808 12.413 12.341 4.764 7.569 7.305 
51 8.993 19.861 8.940 18.254 15.954 5.105 8.241 15.820 7.416 1.534 20.458 3.413 19.649 7.676 8.126 14.572 11.389 18.257 18.954 9.729 5.541 10.311 18.753 0.676 18.599 6.976 5.009 17.117 7.269 4.127 6.355 13.942 15.475 11.103 12.545 19.416 10.536 15.215 17.709 7.683 13.156 16.771 4.355 7.263 12.367 6.143 14.510 12.630 7.794 15.246 0.000 8.741 18.810 5.670 16.226 13.234 1.612 3.402 4.602 13.141 8.300 14.126 11.517 2.619 10.498 10.708 15.118 6.135 8.546 18.270 19.738 14.339 9.563 13.930 16.410 8.503 15.533 6.844 9.043 9.167 2.552 19.811 7.116 17.160 4.506 13.457 10.169 16.600 7.076 18.280 6.481 17.390 7.251 20.243 11.655 14.522 4.821 20.572 14.714 11.072 17.094 17.820 10.395 3.078 9.465 3.793 19.474 3.100 16.402 7.142 8.096 13.311 12.847 8.993 
52 9.270 21.881 10.679 16.658 17.686 3.862 9.857 18.652 15.674 7.878 15.049 12.128 15.282 13.598 3.271 10.407 10.986 15.233 13.621 1.023 3.775 7.122 17.918 8.121 20.588 2.737 11.484 17.870 13.662 5.333 8.711 12.272 9.654 16.551 5.962 15.223 17.165 17.533 13.232 11.823 10.230 10.173 12.911 3.029 17.502 7.706 8.629 12.266 9.157 10.890 8.741 0.000 20.398 3.282 13.087 8.345 10.271 5.973 4.750 14.990 14.316 6.810 2.791 10.800 10.018 16.027 11.801 8.525 2.012 17.781 22.232 13.878 5.669 10.271 15.111 15.866 18.776 7.883 2.905 4.904 11.290 14.620 5.142 20.510 12.148 10.812 3.761 19.317 15.142 17.458 14.113 12.595 12.005 14.780 5.840 12.867 3.976 15.088 7.908 6.212 17.747 19.347 9.041 6.175 11.360 12.377 21.531 7.695 19.380 12.035 1.519 6.784 4.924 9.270 
