param n := 30;
param m := 3;
param L := 45;
param Q := 6;
param T := 600;
param t :
    1   2   3   4   5   6   7   8   9  10  11  12  13  14  15  16  17  18  19  20  21  22  23  24  25  26  27  28  29  30  31  32  33  34  35  36  37  38  39  40  41  42  43  44  45  46  47  48  49  50  51  52  53  54  55  56  57  58  59  60  61  62 :=
1 0.000 4.883 4.167 10.380 1.405 3.800 8.513 8.812 6.345 5.430 9.081 8.838 3.383 1.660 7.592 6.867 11.136 11.267 5.325 13.257 7.348 4.812 9.795 9.244 11.471 10.198 10.136 9.190 7.585 4.267 9.979 4.550 11.084 6.242 12.899 4.872 8.740 7.374 2.784 8.866 6.144 12.249 10.442 9.044 9.340 11.705 7.136 2.519 7.274 8.797 10.561 6.936 5.314 6.548 9.727 2.934 7.265 12.444 3.721 8.200 11.271 0.000 
2 4.883 0.000 6.878 6.266 6.288 3.120 7.919 7.037 7.364 7.190 11.410 4.990 8.258 5.744 3.901 3.695 11.543 16.103 7.928 8.651 8.444 8.678 8.505 5.315 14.506 14.587 5.334 14.072 12.389 8.813 11.795 8.616 6.683 5.441 14.493 9.495 11.329 8.205 5.017 10.322 10.992 14.825 5.706 4.222 14.077 7.027 11.957 7.175 10.718 13.279 15.443 6.007 8.903 11.009 8.921 3.403 11.782 11.904 3.339 8.913 16.153 4.883 
3 4.167 6.878 0.000 13.124 4.168 7.447 12.582 6.617 2.695 1.528 4.971 8.514 5.202 5.646 7.443 6.520 7.233 10.732 1.187 15.437 3.449 8.281 13.764 8.922 14.977 8.164 11.985 9.604 8.946 3.575 14.004 7.885 13.556 10.184 16.917 4.212 4.707 3.614 6.945 4.740 6.273 15.961 11.123 10.116 8.398 13.783 8.467 5.605 3.850 10.974 10.666 4.645 8.912 5.004 13.788 3.475 9.541 8.903 7.453 4.386 11.545 4.167 
4 10.380 6.266 13.124 0.000 11.683 6.789 6.955 12.041 13.513 13.438 17.647 8.417 13.429 10.478 8.144 8.626 17.264 21.463 14.192 3.400 14.554 12.359 6.236 8.439 16.126 20.538 3.012 19.077 17.027 14.625 12.380 12.525 1.155 6.127 14.257 15.249 17.588 14.266 8.936 16.438 16.391 15.799 6.221 5.284 19.683 2.593 16.676 12.018 16.943 17.140 20.517 11.699 12.239 16.896 7.140 9.653 15.839 17.106 6.958 14.900 21.088 10.380 
5 1.405 6.288 4.168 11.683 0.000 4.975 9.194 9.706 6.689 5.625 8.782 10.101 1.992 1.723 8.859 8.089 11.385 9.879 5.195 14.621 7.581 4.146 10.583 10.513 10.875 9.014 11.533 7.787 6.234 3.133 9.877 3.783 12.425 7.125 12.780 3.653 8.357 7.687 3.422 8.884 4.759 11.807 11.822 10.439 8.002 13.084 5.776 1.505 6.603 7.616 9.156 7.752 4.757 5.385 10.404 4.059 6.087 12.917 4.856 8.494 9.868 1.405 
6 3.800 3.120 7.447 6.789 4.975 0.000 5.384 9.750 8.899 8.324 12.396 8.109 6.644 3.690 6.996 6.674 13.538 14.675 8.630 9.912 10.002 5.991 6.378 8.434 11.420 13.969 7.207 12.309 10.329 8.045 8.695 6.040 7.631 2.848 11.439 8.615 12.154 9.883 2.282 11.768 9.617 11.706 8.517 6.957 12.936 8.493 9.953 5.233 10.953 10.771 13.743 8.345 6.081 10.324 6.534 4.507 9.352 14.307 0.235 10.682 14.340 3.800 
7 8.513 7.919 12.582 6.955 9.194 5.384 0.000 14.929 14.259 13.613 17.549 12.582 10.123 7.482 11.681 11.604 18.922 17.458 13.766 10.247 15.356 7.467 1.589 12.815 9.336 17.867 9.234 14.719 12.398 12.258 5.455 7.835 8.110 2.551 7.380 12.652 17.239 15.253 5.794 17.084 12.941 8.872 11.835 10.371 16.263 9.516 12.190 8.610 15.743 11.669 16.137 13.672 7.028 14.392 1.215 9.883 10.705 19.643 5.295 16.058 16.478 8.513 
8 8.812 7.037 6.617 12.041 9.706 9.750 14.929 0.000 4.379 5.396 7.956 3.979 11.365 10.432 3.901 3.507 5.543 17.230 6.664 12.934 4.662 13.624 15.535 4.191 20.238 14.124 9.601 16.220 15.435 10.178 18.240 13.352 11.886 12.408 21.085 10.828 8.293 4.216 10.789 6.028 12.883 20.895 7.138 7.073 14.855 11.383 14.952 11.179 9.268 17.233 17.269 2.005 14.111 11.480 15.955 5.940 15.728 5.068 9.913 4.271 18.155 8.812 
9 6.345 7.364 2.695 13.513 6.689 8.899 14.259 4.379 0.000 1.187 4.254 7.248 7.889 7.965 6.443 5.563 4.796 12.900 2.349 15.319 1.107 10.835 15.262 7.611 17.562 9.754 11.807 12.087 11.597 6.172 16.324 10.465 13.725 11.745 19.244 6.749 4.368 1.030 8.975 2.960 8.820 18.480 10.247 9.574 10.516 13.663 11.122 8.176 4.914 13.666 13.043 2.690 11.437 7.174 15.428 4.400 12.236 6.242 8.969 1.858 13.946 6.345 
10 5.430 7.190 1.528 13.438 5.625 8.324 13.613 5.396 1.187 0.000 4.223 7.856 6.730 7.002 6.919 6.002 5.763 11.834 1.277 15.475 1.955 9.763 14.701 8.243 16.476 8.867 11.972 10.931 10.411 4.988 15.379 9.379 13.748 11.142 18.298 5.575 4.155 2.089 8.147 3.478 7.647 17.432 10.708 9.882 9.459 13.813 9.935 7.092 4.132 12.486 11.915 3.535 10.382 6.085 14.802 3.944 11.063 7.376 8.367 2.875 12.813 5.430 
11 9.081 11.410 4.971 17.647 8.782 12.396 17.549 7.956 4.254 4.223 0.000 11.379 9.091 10.426 10.662 9.801 4.559 11.075 3.784 19.564 3.426 12.596 18.733 11.715 19.010 7.130 16.052 11.224 11.591 6.642 18.614 12.146 17.920 15.153 21.488 6.845 0.658 3.847 11.864 2.027 8.554 20.184 14.451 13.825 8.797 17.906 11.178 10.014 2.988 14.040 11.756 6.754 13.276 6.174 18.756 8.146 12.858 6.965 12.412 3.692 12.675 9.081 
12 8.838 4.990 8.514 8.417 10.101 8.109 12.582 3.979 7.248 7.856 11.379 0.000 12.046 10.166 1.246 2.061 9.517 19.122 9.064 8.978 7.953 13.327 12.850 0.418 19.446 16.642 5.739 17.588 16.309 11.672 16.779 13.182 8.099 10.254 19.442 12.382 11.584 7.537 9.850 9.633 14.269 19.810 3.178 3.203 16.847 7.461 15.841 11.354 11.988 17.632 18.824 4.625 13.650 13.480 13.440 6.082 16.101 8.874 8.326 7.868 19.640 8.838 
13 3.383 8.258 5.202 13.429 1.992 6.644 10.123 11.365 7.889 6.730 9.091 12.046 0.000 2.980 10.809 10.015 12.334 8.037 5.963 16.466 8.620 3.575 11.622 12.460 9.957 7.745 13.457 5.818 4.264 2.527 9.712 3.105 14.231 8.379 12.513 2.663 8.564 8.813 4.692 9.617 2.988 11.094 13.814 12.426 6.345 14.962 3.799 1.534 6.458 5.872 7.208 9.371 4.269 4.331 11.297 5.971 4.385 14.103 6.488 9.569 7.896 3.383 
14 1.660 5.744 5.646 10.478 1.723 3.690 7.482 10.432 7.965 7.002 10.426 10.166 2.980 0.000 8.926 8.274 12.744 10.991 6.752 13.579 8.942 3.224 8.894 10.559 9.822 10.564 10.704 8.631 6.731 4.790 8.378 3.025 11.314 5.496 11.297 5.236 10.028 8.990 1.765 10.384 5.967 10.589 11.444 9.965 9.318 12.117 6.329 1.546 8.324 7.552 10.059 8.581 3.679 6.984 8.690 4.505 6.043 14.098 3.522 9.814 10.675 1.660 
15 7.592 3.901 7.443 8.144 8.859 6.996 11.681 3.901 6.443 6.919 10.662 1.246 10.809 8.926 0.000 0.925 9.281 17.965 8.080 9.179 7.259 12.095 12.066 1.654 18.268 15.602 5.755 16.380 15.073 10.500 15.689 11.944 7.996 9.281 18.394 11.212 10.811 6.871 8.653 9.033 13.072 18.668 3.806 3.283 15.712 7.578 14.606 10.108 11.031 16.386 17.630 3.978 12.429 12.364 12.598 4.853 14.854 8.962 7.205 7.309 18.438 7.592 
16 6.867 3.695 6.520 8.626 8.089 6.674 11.604 3.507 5.563 6.002 9.801 2.061 10.015 8.274 0.925 0.000 8.661 17.071 7.156 9.908 6.417 11.476 12.107 2.480 17.777 14.677 6.434 15.528 14.275 9.614 15.354 11.299 8.583 9.136 18.113 10.325 9.930 6.044 8.151 8.224 12.208 18.246 4.709 4.050 14.807 8.281 13.804 9.386 10.109 15.662 16.762 3.200 11.845 11.452 12.578 4.044 14.129 8.551 6.868 6.529 17.579 6.867 
17 11.136 11.543 7.233 17.264 11.385 13.538 18.922 5.543 4.796 5.763 4.559 9.517 12.334 12.744 9.281 8.661 0.000 15.599 6.372 18.435 3.809 15.513 19.827 9.733 22.205 11.688 15.037 15.524 15.559 10.212 21.114 15.118 17.241 16.381 24.034 10.622 5.186 3.766 13.766 2.903 12.568 23.190 12.681 12.543 13.284 16.853 15.109 12.837 7.290 17.857 16.183 5.591 16.140 10.391 20.065 9.047 16.525 2.432 13.631 2.938 17.107 11.136 
18 11.267 16.103 10.732 21.463 9.879 14.675 17.458 17.230 12.900 11.834 11.075 19.122 8.037 10.991 17.965 17.071 15.599 0.000 10.570 24.489 12.988 9.996 19.037 19.538 13.056 4.226 21.399 2.835 5.181 7.474 15.077 9.624 22.265 16.152 17.189 6.761 10.428 13.382 12.623 12.782 5.122 14.645 21.384 20.123 2.388 22.962 5.301 9.463 8.387 7.024 1.707 15.326 10.492 5.753 18.519 13.251 7.154 17.946 14.512 13.806 2.215 11.267 
19 5.325 7.928 1.187 14.192 5.195 8.630 13.766 6.664 2.349 1.277 3.784 9.064 5.963 6.752 8.080 7.156 6.372 10.570 0.000 16.400 2.744 9.232 14.951 9.458 15.870 7.609 12.920 9.753 9.377 3.940 15.070 8.816 14.580 11.372 17.975 4.462 3.527 3.030 8.108 3.705 6.520 16.913 11.841 10.936 8.191 14.741 8.908 6.567 2.961 11.557 10.694 4.811 9.884 4.830 14.973 4.546 10.184 8.241 8.638 3.692 11.598 5.325 
20 13.257 8.651 15.437 3.400 14.621 9.912 10.247 12.934 15.319 15.475 19.564 8.978 16.466 13.579 9.179 9.908 18.435 24.489 16.400 0.000 16.266 15.673 9.336 8.839 19.498 23.232 3.512 22.210 20.236 17.402 15.699 15.813 2.329 9.523 17.421 18.063 19.603 15.917 12.144 18.109 19.376 19.118 5.978 5.898 22.594 1.662 19.865 15.125 19.286 20.472 23.636 13.107 15.587 19.633 10.278 12.001 19.139 17.832 10.105 16.435 24.249 13.257 
21 7.348 8.444 3.449 14.554 7.581 10.002 15.356 4.662 1.107 1.955 3.426 7.953 8.620 8.942 7.259 6.417 3.809 12.988 2.744 16.266 0.000 11.715 16.367 8.290 18.423 9.579 12.759 12.412 12.119 6.684 17.317 11.328 14.732 12.846 20.237 7.193 3.670 0.447 10.022 1.885 9.236 19.387 11.035 10.462 10.601 14.617 11.652 9.042 4.722 14.293 13.273 3.328 12.337 7.361 16.528 5.506 12.904 5.505 10.069 0.952 14.189 7.348 
22 4.812 8.678 8.281 12.359 4.146 5.991 7.467 13.624 10.835 9.763 12.596 13.327 3.575 3.224 12.095 11.476 15.513 9.996 9.232 15.673 11.715 0.000 9.050 13.711 6.732 10.845 13.186 7.255 4.952 6.102 6.144 0.478 13.346 6.450 8.939 6.191 12.094 11.832 3.733 12.937 5.781 7.684 14.358 12.828 8.952 14.367 4.724 2.675 10.031 4.809 8.680 11.737 0.694 7.748 8.524 7.720 3.486 17.060 5.764 12.635 9.065 4.812 
23 9.795 8.505 13.764 6.236 10.583 6.378 1.589 15.535 15.262 14.701 18.733 12.850 11.622 8.894 12.066 12.107 19.827 19.037 14.951 9.336 16.367 9.050 0.000 13.039 10.594 19.365 8.851 16.304 13.986 13.684 6.605 9.413 7.370 3.580 8.085 14.107 18.457 16.231 7.161 18.145 14.476 9.962 11.710 10.342 17.810 8.828 13.774 10.097 17.064 13.239 17.724 14.437 8.616 15.853 0.953 10.861 12.291 20.386 6.336 17.017 18.067 9.795 
24 9.244 5.315 8.922 8.439 10.513 8.434 12.815 4.191 7.611 8.243 11.715 0.418 12.460 10.559 1.654 2.480 9.733 19.538 9.458 8.839 8.290 13.711 13.039 0.000 19.796 17.043 5.683 18.006 16.724 12.090 17.086 13.571 8.065 10.518 19.730 12.799 11.933 7.870 10.213 9.944 14.688 20.140 2.950 3.173 17.261 7.357 16.255 11.758 12.375 18.035 19.242 4.968 14.027 13.893 13.648 6.498 16.504 8.993 8.653 8.174 20.059 9.244 
25 11.471 14.506 14.977 16.126 10.875 11.420 9.336 20.238 17.562 16.476 19.010 19.446 9.957 9.822 18.268 17.777 22.205 13.056 15.870 19.498 18.423 6.732 10.594 19.796 0.000 15.622 17.910 10.396 8.439 12.369 4.025 7.099 17.265 10.207 4.526 12.235 18.454 18.553 9.627 19.557 10.999 1.612 19.845 18.279 13.197 18.583 8.633 9.387 16.225 6.076 11.359 18.403 6.165 13.422 9.676 14.298 6.538 23.792 11.191 19.351 11.166 11.471 
26 10.198 14.587 8.164 20.538 9.014 13.969 17.867 14.124 9.754 8.867 7.130 16.642 7.745 10.564 15.602 14.677 11.688 4.226 7.609 23.232 9.579 10.845 19.365 17.043 15.622 0.000 19.893 5.570 7.184 5.931 16.746 10.385 21.166 16.057 19.253 5.361 6.516 10.009 12.328 9.001 5.066 17.108 19.280 18.216 2.545 21.615 7.005 9.268 4.865 9.653 5.412 12.385 11.488 3.650 19.035 11.330 9.124 14.092 13.863 10.278 6.231 10.198 
27 10.136 5.334 11.985 3.012 11.533 7.207 9.234 9.601 11.807 11.972 16.052 5.739 13.457 10.704 5.755 6.434 15.037 21.399 12.920 3.512 12.759 13.186 8.851 5.683 17.910 19.893 0.000 19.267 17.435 14.147 14.434 13.247 2.400 7.708 16.610 14.828 16.094 12.415 9.489 14.609 16.279 17.805 3.222 2.540 19.405 1.858 17.031 12.227 15.826 17.977 20.666 9.630 13.222 16.336 9.678 8.589 16.557 14.598 7.428 12.949 21.335 10.136 
28 9.190 14.072 9.604 19.077 7.787 12.309 14.719 16.220 12.087 10.931 11.224 17.588 5.818 8.631 16.380 15.528 15.524 2.835 9.753 22.210 12.412 7.255 16.304 18.006 10.396 5.570 19.267 0.000 2.356 6.054 12.249 6.912 19.940 13.547 14.415 5.392 10.568 12.752 10.153 12.623 3.354 11.959 19.572 18.218 3.025 20.738 2.530 7.085 8.273 4.320 1.448 14.238 7.713 5.135 15.755 11.543 4.320 17.728 12.128 13.315 2.082 9.190 
29 7.585 12.389 8.946 17.027 6.234 10.329 12.398 15.435 11.597 10.411 11.591 16.309 4.264 6.731 15.073 14.275 15.559 5.181 9.377 20.236 12.119 4.952 13.986 16.724 8.439 7.184 17.435 2.356 0.000 5.439 9.955 4.644 17.938 11.334 12.231 4.946 10.961 12.399 8.098 12.679 3.037 9.940 18.021 16.597 4.780 18.817 0.483 5.225 8.613 2.556 3.742 13.430 5.377 5.473 13.418 10.231 2.030 17.595 10.132 13.062 4.123 7.585 
30 4.267 8.813 3.575 14.625 3.133 8.045 12.258 10.178 6.172 4.988 6.642 11.672 2.527 4.790 10.500 9.614 10.212 7.474 3.940 17.402 6.684 6.102 13.684 12.090 12.369 5.931 14.147 6.054 5.439 0.000 12.234 5.632 15.286 10.254 15.040 0.713 6.087 6.960 6.537 7.384 2.706 13.567 13.923 12.699 5.299 15.810 4.969 3.776 3.933 7.646 7.187 8.189 6.795 2.281 13.460 5.788 6.327 12.174 7.945 7.631 8.040 4.267 
31 9.979 11.795 14.004 12.380 9.877 8.695 5.455 18.240 16.324 15.379 18.614 16.779 9.712 8.378 15.689 15.354 21.114 15.077 15.070 15.699 17.317 6.144 6.605 17.086 4.025 16.746 14.434 12.249 9.955 12.234 0.000 6.620 13.532 6.809 2.920 12.334 18.146 17.353 7.495 18.742 11.724 3.420 16.693 15.149 14.597 14.908 9.956 8.603 16.151 8.246 13.487 16.596 5.451 13.858 5.673 12.436 7.936 22.363 8.492 18.179 13.542 9.979 
32 4.550 8.616 7.885 12.525 3.783 6.040 7.835 13.352 10.465 9.379 12.146 13.182 3.105 3.025 11.944 11.299 15.118 9.624 8.816 15.813 11.328 0.478 9.413 13.571 7.099 10.385 13.247 6.912 4.644 5.632 6.620 0.000 13.492 6.700 9.407 5.714 11.639 11.455 3.760 12.518 5.323 8.098 14.315 12.797 8.521 14.477 4.384 2.289 9.563 4.732 8.346 11.445 1.169 7.271 8.913 7.477 3.329 16.699 5.819 12.253 8.766 4.550 
33 11.084 6.683 13.556 1.155 12.425 7.631 8.110 11.886 13.725 13.748 17.920 8.099 14.231 11.314 7.996 8.583 17.241 22.265 14.580 2.329 14.732 13.346 7.370 8.065 17.265 21.166 2.400 19.940 17.938 15.286 13.532 13.492 0.000 7.213 15.406 15.930 17.902 14.418 9.840 16.607 17.166 16.952 5.583 4.899 20.421 1.471 17.573 12.860 17.400 18.144 21.372 11.738 13.257 17.541 8.282 10.084 16.816 16.920 7.817 15.008 21.969 11.084 
34 6.242 5.441 10.184 6.127 7.125 2.848 2.551 12.408 11.745 11.142 15.153 10.254 8.379 5.496 9.281 9.136 16.381 16.152 11.372 9.523 12.846 6.450 3.580 10.518 10.207 16.057 7.708 13.547 11.334 10.254 6.809 6.700 7.213 0.000 9.261 10.729 14.878 12.731 3.731 14.600 11.330 10.125 9.891 8.357 14.697 8.440 11.045 6.848 13.516 11.128 14.993 11.123 6.224 12.477 3.686 7.355 9.920 17.093 2.779 13.530 15.456 6.242 
35 12.899 14.493 16.917 14.257 12.780 11.439 7.380 21.085 19.244 18.298 21.488 19.442 12.513 11.297 18.394 18.113 24.034 17.189 17.975 17.421 20.237 8.939 8.085 19.730 4.526 19.253 16.610 14.415 12.231 15.040 2.920 9.407 15.406 9.261 0.000 15.094 21.008 20.272 10.387 21.654 14.314 3.027 19.104 17.593 16.984 16.843 12.310 11.475 18.970 10.178 15.529 19.476 8.247 16.551 7.145 15.326 10.207 25.270 11.248 21.099 15.448 12.899 
36 4.872 9.495 4.212 15.249 3.653 8.615 12.652 10.828 6.749 5.575 6.845 12.382 2.663 5.236 11.212 10.325 10.622 6.761 4.462 18.063 7.193 6.191 14.107 12.799 12.235 5.361 14.828 5.392 4.946 0.713 12.334 5.714 15.930 10.729 15.094 0.000 6.256 7.492 6.999 7.756 2.072 13.490 14.634 13.404 4.597 16.479 4.490 4.072 3.990 7.260 6.494 8.848 6.883 1.749 13.844 6.498 6.018 12.652 8.504 8.130 7.355 4.872 
37 8.740 11.329 4.707 17.588 8.357 12.154 17.239 8.293 4.368 4.155 0.658 11.584 8.564 10.028 10.811 9.930 5.186 10.428 3.527 19.603 3.670 12.094 18.457 11.933 18.454 6.516 16.094 10.568 10.961 6.087 18.146 11.639 17.902 14.878 21.008 6.256 0.000 4.109 11.514 2.532 7.925 19.649 14.613 13.923 8.143 17.942 10.553 9.543 2.349 13.421 11.099 6.967 12.779 5.529 18.451 8.008 12.258 7.578 12.158 4.074 12.018 8.740 
38 7.374 8.205 3.614 14.266 7.687 9.883 15.253 4.216 1.030 2.089 3.847 7.537 8.813 8.990 6.871 6.044 3.766 13.382 3.030 15.917 0.447 11.832 16.231 7.870 18.553 10.009 12.415 12.752 12.399 6.960 17.353 11.455 14.418 12.731 20.272 7.492 4.109 0.000 10.004 2.194 9.547 19.488 10.634 10.093 10.994 14.272 11.929 9.166 5.149 14.535 13.637 2.918 12.442 7.729 16.416 5.376 13.128 5.290 9.960 0.828 14.551 7.374 
39 2.784 5.017 6.945 8.936 3.422 2.282 5.794 10.789 8.975 8.147 11.864 9.850 4.692 1.765 8.653 8.151 13.766 12.623 8.108 12.144 10.022 3.733 7.161 10.213 9.627 12.328 9.489 10.153 8.098 6.537 7.495 3.760 9.840 3.731 10.387 6.999 11.514 10.004 0.000 11.611 7.673 10.138 10.650 9.109 11.036 10.757 7.741 3.182 9.950 8.492 11.596 9.103 3.894 8.747 7.008 4.941 7.070 14.891 2.066 10.831 12.153 2.784 
40 8.866 10.322 4.740 16.438 8.884 11.768 17.084 6.028 2.960 3.478 2.027 9.633 9.617 10.384 9.033 8.224 2.903 12.782 3.705 18.109 1.885 12.937 18.145 9.944 19.557 9.001 14.609 12.623 12.679 7.384 18.742 12.518 16.607 14.600 21.654 7.756 2.532 2.194 11.611 0.000 9.676 20.617 12.766 12.274 10.440 16.465 12.234 10.272 4.418 15.010 13.305 5.058 13.589 7.489 18.269 7.307 13.711 5.167 11.821 1.775 14.229 8.866 
41 6.144 10.992 6.273 16.391 4.759 9.617 12.941 12.883 8.820 7.647 8.554 14.269 2.988 5.967 13.072 12.208 12.568 5.122 6.520 19.376 9.236 5.781 14.476 14.688 10.999 5.066 16.279 3.354 3.037 2.706 11.724 5.323 17.166 11.330 14.314 2.072 7.925 9.547 7.673 9.676 0.000 12.383 16.358 15.054 3.368 17.843 2.631 4.494 5.578 5.518 4.558 10.895 6.422 2.480 14.083 8.263 4.504 14.661 9.467 10.164 5.375 6.144 
42 12.249 14.825 15.961 15.799 11.807 11.706 8.872 20.895 18.480 17.432 20.184 19.810 11.094 10.589 18.668 18.246 23.190 14.645 16.913 19.118 19.387 7.684 9.962 20.140 1.612 17.108 17.805 11.959 9.940 13.567 3.420 8.098 16.952 10.125 3.027 13.490 19.649 19.488 10.138 20.617 12.383 0.000 19.953 18.396 14.715 18.322 10.104 10.358 17.468 7.642 12.952 19.126 7.051 14.765 9.016 14.973 7.989 24.671 11.486 20.299 12.773 12.249 
43 10.442 5.706 11.123 6.221 11.822 8.517 11.835 7.138 10.247 10.708 14.451 3.178 13.814 11.444 3.806 4.709 12.681 21.384 11.841 5.978 11.035 14.358 11.710 2.950 19.845 19.280 3.222 19.572 18.021 13.923 16.693 14.315 5.583 9.891 19.104 14.634 14.613 10.634 10.650 12.766 16.358 19.953 0.000 1.567 19.208 4.615 17.576 12.841 14.800 18.985 20.894 7.718 14.542 15.926 12.459 8.136 17.486 11.896 8.752 11.013 21.652 10.442 
44 9.044 4.222 10.116 5.284 10.439 6.957 10.371 7.073 9.574 9.882 13.825 3.203 12.426 9.965 3.283 4.050 12.543 20.123 10.936 5.898 10.462 12.828 10.342 3.173 18.279 18.216 2.540 18.218 16.597 12.699 15.149 12.797 4.899 8.357 17.593 13.404 13.923 10.093 9.109 12.274 15.054 18.396 1.567 0.000 17.997 4.313 16.160 11.392 13.889 17.486 19.563 7.237 12.997 14.775 11.052 6.932 15.996 12.058 7.192 10.571 20.300 9.044 
45 9.340 14.077 8.398 19.683 8.002 12.936 16.263 14.855 10.516 9.459 8.797 16.847 6.345 9.318 15.712 14.807 13.284 2.388 8.191 22.594 10.601 8.952 17.810 17.261 13.197 2.545 19.405 3.025 4.780 5.299 14.597 8.521 20.421 14.697 16.984 4.597 8.143 10.994 11.036 10.440 3.368 14.715 19.208 17.997 0.000 21.029 4.674 7.860 6.030 7.171 3.031 12.964 9.543 3.397 17.387 11.079 6.782 15.607 12.795 11.425 3.924 9.340 
46 11.705 7.027 13.783 2.593 13.084 8.493 9.516 11.383 13.663 13.813 17.906 7.461 14.962 12.117 7.578 8.281 16.853 22.962 14.741 1.662 14.617 14.367 8.828 7.357 18.583 21.615 1.858 20.738 18.817 15.810 14.908 14.477 1.471 8.440 16.843 16.479 17.942 14.272 10.757 16.465 17.843 18.322 4.615 4.313 21.029 0.000 18.432 13.658 17.631 19.176 22.155 11.479 14.330 18.029 9.733 10.357 17.805 16.335 8.697 14.802 22.790 11.705 
47 7.136 11.957 8.467 16.676 5.776 9.953 12.190 14.952 11.122 9.935 11.178 15.841 3.799 6.329 14.606 13.804 15.109 5.301 8.908 19.865 11.652 4.724 13.774 16.255 8.633 7.005 17.031 2.530 0.483 4.969 9.956 4.384 17.573 11.045 12.310 4.490 10.553 11.929 7.741 12.234 2.631 10.104 17.576 16.160 4.674 18.432 0.000 4.809 8.208 2.896 3.962 12.947 5.194 5.094 13.231 9.761 2.121 17.132 9.760 12.596 4.425 7.136 
48 2.519 7.175 5.605 12.018 1.505 5.233 8.610 11.179 8.176 7.092 10.014 11.354 1.534 1.546 10.108 9.386 12.837 9.463 6.567 15.125 9.042 2.675 10.097 11.758 9.387 9.268 12.227 7.085 5.225 3.776 8.603 2.289 12.860 6.848 11.475 4.072 9.543 9.166 3.182 10.272 4.494 10.358 12.841 11.392 7.860 13.658 4.809 0.000 7.601 6.279 8.513 9.239 3.317 5.795 9.791 5.417 4.747 14.411 5.060 9.965 9.132 2.519 
49 7.274 10.718 3.850 16.943 6.603 10.953 15.743 9.268 4.914 4.132 2.988 11.988 6.458 8.324 11.031 10.109 7.290 8.387 2.961 19.286 4.722 10.031 17.064 12.375 16.225 4.865 15.826 8.273 8.613 3.933 16.151 9.563 17.400 13.516 18.970 3.990 2.349 5.149 9.950 4.418 5.578 17.468 14.800 13.889 6.030 17.631 8.208 7.601 0.000 11.083 8.893 7.580 10.723 3.187 16.958 7.316 9.947 9.582 10.916 5.465 9.817 7.274 
50 8.797 13.279 10.974 17.140 7.616 10.771 11.669 17.233 13.666 12.486 14.040 17.632 5.872 7.552 16.386 15.662 17.857 7.024 11.557 20.472 14.293 4.809 13.239 18.035 6.076 9.653 17.977 4.320 2.556 7.646 8.246 4.732 18.144 11.128 10.178 7.260 13.421 14.535 8.492 15.010 5.518 7.642 18.985 17.486 7.171 19.176 2.896 6.279 11.083 0.000 5.352 15.242 4.910 7.988 12.542 11.664 1.533 19.797 10.549 15.244 5.309 8.797 
51 10.561 15.443 10.666 20.517 9.156 13.743 16.137 17.269 13.043 11.915 11.756 18.824 7.208 10.059 17.630 16.762 16.183 1.707 10.694 23.636 13.273 8.680 17.724 19.242 11.359 5.412 20.666 1.448 3.742 7.187 13.487 8.346 21.372 14.993 15.529 6.494 11.099 13.637 11.596 13.305 4.558 12.952 20.894 19.563 3.031 22.155 3.962 8.513 8.893 5.352 0.000 15.310 9.119 5.912 17.160 12.818 5.616 18.458 13.564 14.145 0.924 10.561 
52 6.936 6.007 4.645 11.699 7.752 8.345 13.672 2.005 2.690 3.535 6.754 4.625 9.371 8.581 3.978 3.200 5.591 15.326 4.811 13.107 3.328 11.737 14.437 4.968 18.403 12.385 9.630 14.238 13.430 8.189 16.596 11.445 11.738 11.123 19.476 8.848 6.967 2.918 9.103 5.058 10.895 19.126 7.718 7.237 12.964 11.479 12.947 9.239 7.580 15.242 15.310 0.000 12.250 9.573 14.763 4.167 13.742 5.970 8.479 3.335 16.189 6.936 
53 5.314 8.903 8.912 12.239 4.757 6.081 7.028 14.111 11.437 10.382 13.276 13.650 4.269 3.679 12.429 11.845 16.140 10.492 9.884 15.587 12.337 0.694 8.616 14.027 6.165 11.488 13.222 7.713 5.377 6.795 5.451 1.169 13.257 6.224 8.247 6.883 12.779 12.442 3.894 13.589 6.422 7.051 14.542 12.997 9.543 14.330 5.194 3.317 10.723 4.910 9.119 12.250 0.000 8.430 8.042 8.181 3.728 17.649 5.849 13.250 9.452 5.314 
54 6.548 11.009 5.004 16.896 5.385 10.324 14.392 11.480 7.174 6.085 6.174 13.480 4.331 6.984 12.364 11.452 10.391 5.753 4.830 19.633 7.361 7.748 15.853 13.893 13.422 3.650 16.336 5.135 5.473 2.281 13.858 7.271 17.541 12.477 16.551 1.749 5.529 7.729 8.747 7.489 2.480 14.765 15.926 14.775 3.397 18.029 5.094 5.795 3.187 7.988 5.912 9.573 8.430 0.000 15.581 7.845 6.971 12.600 10.221 8.235 6.830 6.548 
55 9.727 8.921 13.788 7.140 10.404 6.534 1.215 15.955 15.428 14.802 18.756 13.440 11.297 8.690 12.598 12.578 20.065 18.519 14.973 10.278 16.528 8.524 0.953 13.648 9.676 19.035 9.678 15.755 13.418 13.460 5.673 8.913 8.282 3.686 7.145 13.844 18.451 16.416 7.008 18.269 14.083 9.016 12.459 11.052 17.387 9.733 13.231 9.791 16.958 12.542 17.160 14.763 8.042 15.581 0.000 11.041 11.662 20.730 6.459 17.216 17.466 9.727 
56 2.934 3.403 3.475 9.653 4.059 4.507 9.883 5.940 4.400 3.944 8.146 6.082 5.971 4.505 4.853 4.044 9.047 13.251 4.546 12.001 5.506 7.720 10.861 6.498 14.298 11.330 8.589 11.543 10.231 5.788 12.436 7.477 10.084 7.355 15.326 6.498 8.008 5.376 4.941 7.307 8.263 14.973 8.136 6.932 11.079 10.357 9.761 5.417 7.316 11.664 12.818 4.167 8.181 7.845 11.041 0.000 10.132 9.981 4.588 6.176 13.609 2.934 
57 7.265 11.782 9.541 15.839 6.087 9.352 10.705 15.728 12.236 11.063 12.858 16.101 4.385 6.043 14.854 14.129 16.525 7.154 10.184 19.139 12.904 3.486 12.291 16.504 6.538 9.124 16.557 4.320 2.030 6.327 7.936 3.329 16.816 9.920 10.207 6.018 12.258 13.128 7.070 13.711 4.504 7.989 17.486 15.996 6.782 17.805 2.121 4.747 9.947 1.533 5.616 13.742 3.728 6.971 11.662 10.132 0.000 18.407 9.135 13.856 5.820 7.265 
58 12.444 11.904 8.903 17.106 12.917 14.307 19.643 5.068 6.242 7.376 6.965 8.874 14.103 14.098 8.962 8.551 2.432 17.946 8.241 17.832 5.505 17.060 20.386 8.993 23.792 14.092 14.598 17.728 17.595 12.174 22.363 16.699 16.920 17.093 25.270 12.652 7.578 5.290 14.891 5.167 14.661 24.671 11.896 12.058 15.607 16.335 17.132 14.411 9.582 19.797 18.458 5.970 17.649 12.600 20.730 9.981 18.407 0.000 14.434 4.553 19.382 12.444 
59 3.721 3.339 7.453 6.958 4.856 0.235 5.295 9.913 8.969 8.367 12.412 8.326 6.488 3.522 7.205 6.868 13.631 14.512 8.638 10.105 10.069 5.764 6.336 8.653 11.191 13.863 7.428 12.128 10.132 7.945 8.492 5.819 7.817 2.779 11.248 8.504 12.158 9.960 2.066 11.821 9.467 11.486 8.752 7.192 12.795 8.697 9.760 5.060 10.916 10.549 13.564 8.479 5.849 10.221 6.459 4.588 9.135 14.434 0.000 10.763 14.153 3.721 
60 8.200 8.913 4.386 14.900 8.494 10.682 16.058 4.271 1.858 2.875 3.692 7.868 9.569 9.814 7.309 6.529 2.938 13.806 3.692 16.435 0.952 12.635 17.017 8.174 19.351 10.278 12.949 13.315 13.062 7.631 18.179 12.253 15.008 13.530 21.099 8.130 4.074 0.828 10.831 1.775 10.164 20.299 11.013 10.571 11.425 14.802 12.596 9.965 5.465 15.244 14.145 3.335 13.250 8.235 17.216 6.176 13.856 4.553 10.763 0.000 15.064 8.200 
61 11.271 16.153 11.545 21.088 9.868 14.340 16.478 18.155 13.946 12.813 12.675 19.640 7.896 10.675 18.438 17.579 17.107 2.215 11.598 24.249 14.189 9.065 18.067 20.059 11.166 6.231 21.335 2.082 4.123 8.040 13.542 8.766 21.969 15.456 15.448 7.355 12.018 14.551 12.153 14.229 5.375 12.773 21.652 20.300 3.924 22.790 4.425 9.132 9.817 5.309 0.924 16.189 9.452 6.830 17.466 13.609 5.820 19.382 14.153 15.064 0.000 11.271 
62 0.000 4.883 4.167 10.380 1.405 3.800 8.513 8.812 6.345 5.430 9.081 8.838 3.383 1.660 7.592 6.867 11.136 11.267 5.325 13.257 7.348 4.812 9.795 9.244 11.471 10.198 10.136 9.190 7.585 4.267 9.979 4.550 11.084 6.242 12.899 4.872 8.740 7.374 2.784 8.866 6.144 12.249 10.442 9.044 9.340 11.705 7.136 2.519 7.274 8.797 10.561 6.936 5.314 6.548 9.727 2.934 7.265 12.444 3.721 8.200 11.271 0.000 ;
param d := 
1 0
2 3
3 4
4 1
5 4
6 1
7 6
8 3
9 5
10 2
11 3
12 6
13 5
14 3
15 5
16 5
17 6
18 6
19 5
20 5
21 1
22 5
23 2
24 4
25 1
26 1
27 4
28 3
29 2
30 2
31 4
32 3
33 4
34 1
35 4
36 1
37 6
38 3
39 5
40 2
41 3
42 6
43 5
44 3
45 5
46 5
47 6
48 6
49 5
50 5
51 1
52 5
53 2
54 4
55 1
56 1
57 4
58 3
59 2
60 2
61 4
62 0;
param q := 
1 0
2 3
3 4
4 1
5 4
6 1
7 6
8 3
9 5
10 2
11 3
12 6
13 5
14 3
15 5
16 5
17 6
18 6
19 5
20 5
21 1
22 5
23 2
24 4
25 1
26 1
27 4
28 3
29 2
30 2
31 4
32 -3
33 -4
34 -1
35 -4
36 -1
37 -6
38 -3
39 -5
40 -2
41 -3
42 -6
43 -5
44 -3
45 -5
46 -5
47 -6
48 -6
49 -5
50 -5
51 -1
52 -5
53 -2
54 -4
55 -1
56 -1
57 -4
58 -3
59 -2
60 -2
61 -4
62 0;
param e := 
1 0
2 0
3 0
4 0
5 0
6 0
7 0
8 0
9 0
10 0
11 0
12 0
13 0
14 0
15 0
16 0
17 461
18 357
19 112
20 387
21 309
22 207
23 513
24 150
25 3
26 535
27 535
28 521
29 70
30 412
31 140
32 133
33 321
34 577
35 308
36 239
37 322
38 181
39 483
40 210
41 75
42 212
43 536
44 142
45 459
46 552
47 0
48 0
49 0
50 0
51 0
52 0
53 0
54 0
55 0
56 0
57 0
58 0
59 0
60 0
61 0
62 0;
param l := 
1 600
2 1440
3 1440
4 1440
5 1440
6 1440
7 1440
8 1440
9 1440
10 1440
11 1440
12 1440
13 1440
14 1440
15 1440
16 1440
17 476
18 372
19 127
20 402
21 324
22 222
23 528
24 165
25 18
26 550
27 550
28 536
29 85
30 427
31 155
32 148
33 336
34 592
35 323
36 254
37 337
38 196
39 498
40 225
41 90
42 227
43 551
44 157
45 474
46 567
47 1440
48 1440
49 1440
50 1440
51 1440
52 1440
53 1440
54 1440
55 1440
56 1440
57 1440
58 1440
59 1440
60 1440
61 1440
62 600;

