param n := 36;
param m := 3;
param L := 45;
param Q := 6;
param T := 720;
param t :
    1   2   3   4   5   6   7   8   9  10  11  12  13  14  15  16  17  18  19  20  21  22  23  24  25  26  27  28  29  30  31  32  33  34  35  36  37  38  39  40  41  42  43  44  45  46  47  48  49  50  51  52  53  54  55  56  57  58  59  60  61  62  63  64  65  66  67  68  69  70  71  72  73  74 :=
1 0.000 8.737 11.764 7.359 7.774 5.236 3.778 9.583 9.333 9.991 6.308 3.535 8.397 11.361 11.096 10.118 3.582 7.192 7.389 13.296 8.020 12.411 8.010 8.623 10.453 11.354 6.858 4.933 12.095 10.025 9.620 2.801 4.415 8.841 2.856 3.210 5.898 5.494 10.335 7.695 3.715 6.013 3.910 8.393 4.286 9.881 5.098 5.489 13.856 5.743 10.374 1.540 9.800 12.359 10.389 12.832 10.902 2.950 8.914 8.063 10.423 6.180 6.076 7.190 7.159 6.185 5.449 8.602 8.671 10.374 10.163 5.221 5.159 0.000 
2 8.737 0.000 11.507 15.003 16.356 4.075 11.622 17.097 9.163 5.387 12.556 11.469 10.040 17.801 19.575 7.500 6.016 1.956 15.931 19.865 14.063 8.185 16.733 15.955 10.370 17.900 13.504 7.009 17.902 13.668 1.684 9.035 5.284 6.545 9.629 11.204 9.266 3.371 6.953 10.004 11.255 13.863 9.140 11.875 12.183 3.122 9.329 4.998 20.261 5.360 17.194 8.041 18.537 20.012 9.918 7.522 19.387 7.262 13.868 0.748 18.547 13.982 8.148 5.184 15.892 4.391 5.010 2.017 14.836 2.275 4.948 9.850 13.116 8.737 
3 11.764 11.507 0.000 18.735 17.742 12.377 15.390 20.876 2.635 16.577 18.070 10.902 18.867 23.027 16.852 4.171 12.798 9.987 17.554 24.876 8.696 19.501 17.080 20.086 1.352 22.994 18.599 14.838 23.844 5.337 13.181 14.323 12.901 16.973 9.500 14.817 16.818 10.081 17.911 18.398 10.280 11.534 8.101 4.991 15.815 14.603 16.261 13.675 25.472 14.203 21.964 12.709 18.137 14.880 19.933 19.000 16.739 8.950 20.600 10.990 14.939 11.491 5.701 6.604 15.790 7.899 7.909 9.527 20.427 13.661 16.269 7.060 16.544 11.764 
4 7.359 15.003 18.735 0.000 3.541 10.940 3.610 2.225 16.484 13.840 3.157 8.102 8.587 4.521 9.942 17.469 8.989 13.917 3.160 6.176 12.493 15.103 5.040 1.370 17.492 4.422 2.266 8.428 5.740 15.755 15.318 5.975 9.739 11.858 9.235 4.159 6.900 12.269 13.265 7.833 8.713 8.943 10.637 14.552 3.076 14.938 6.289 10.291 6.800 10.147 3.335 7.220 6.562 13.253 11.140 16.135 9.769 10.285 4.960 14.475 10.719 9.108 13.208 14.527 5.616 13.436 12.751 15.445 3.126 15.983 14.292 11.720 2.218 7.359 
5 7.774 16.356 17.742 3.541 0.000 12.480 4.985 4.339 15.810 16.235 6.325 6.865 11.694 7.375 6.421 17.276 10.516 14.937 0.478 8.460 10.330 17.888 1.545 4.415 16.625 7.193 5.637 10.594 8.815 13.950 16.995 7.659 11.369 14.438 8.569 5.260 9.631 13.235 15.927 10.895 7.476 6.698 9.950 13.084 4.495 16.907 8.850 12.171 9.129 12.165 6.161 8.324 3.066 9.905 14.259 18.768 6.253 10.319 8.489 15.726 7.371 6.823 12.667 14.722 2.488 13.878 13.096 16.372 6.654 17.718 16.604 10.736 3.729 7.774 
6 5.236 4.075 12.377 10.940 12.480 0.000 7.626 13.023 9.754 5.109 8.501 8.510 6.798 13.789 16.332 9.119 1.980 3.419 12.038 15.854 12.153 7.885 13.005 11.880 11.057 13.877 9.438 3.117 13.977 12.866 4.516 4.988 1.209 4.729 7.018 7.249 5.435 2.365 5.946 6.535 8.477 11.025 7.104 11.014 8.180 4.646 5.353 1.341 16.273 1.866 13.142 4.192 14.862 17.377 7.558 7.971 16.137 5.001 10.004 3.613 15.589 11.174 7.414 5.914 12.293 4.534 4.479 4.924 10.821 5.245 5.135 8.217 9.104 5.236 
7 3.778 11.622 15.390 3.610 4.985 7.626 0.000 5.833 13.040 11.265 3.054 5.348 7.326 7.640 10.186 13.895 5.646 10.404 4.518 9.537 10.142 13.050 5.847 4.846 14.109 7.616 3.284 5.616 8.496 12.953 12.116 2.691 6.469 9.530 5.981 0.576 4.948 8.731 11.042 6.508 5.881 7.008 7.321 11.544 0.564 11.946 4.082 7.208 10.109 7.184 6.612 3.661 7.738 12.614 9.803 13.851 9.989 6.725 5.890 11.047 10.247 7.193 9.762 10.921 5.580 9.827 9.141 11.914 5.128 12.821 11.624 8.516 1.502 3.778 
8 9.583 17.097 20.876 2.225 4.339 13.023 5.833 0.000 18.665 15.561 4.764 10.122 9.861 3.057 10.549 19.689 11.100 16.079 4.163 4.233 14.279 16.546 5.850 1.175 19.650 2.862 3.758 10.356 4.546 17.691 17.324 8.111 11.816 13.499 11.382 6.385 8.581 14.447 14.826 9.188 10.743 10.657 12.792 16.578 5.302 16.846 8.103 12.287 4.893 12.097 1.882 9.420 6.879 14.211 12.325 17.679 10.400 12.505 5.490 16.593 11.685 10.808 15.394 16.753 6.788 15.655 14.975 17.615 3.436 17.966 16.051 13.835 4.432 9.583 
9 9.333 9.163 2.635 16.484 15.810 9.754 13.040 18.665 0.000 14.070 15.612 8.956 16.235 20.674 15.747 2.602 10.171 7.514 15.577 22.571 7.861 17.003 15.312 17.815 1.304 20.656 16.191 12.208 21.426 5.447 10.846 11.799 10.265 14.378 7.323 12.464 14.211 7.478 15.357 15.774 8.359 10.044 5.908 4.226 13.495 12.205 13.674 11.045 23.150 11.572 19.648 10.177 16.552 14.371 17.305 16.574 15.612 6.443 18.078 8.587 13.989 10.039 3.281 4.078 14.057 5.311 5.279 7.254 18.000 11.384 13.792 5.106 14.272 9.333 
10 9.991 5.387 16.577 13.840 16.235 5.109 11.265 15.561 14.070 0.000 10.807 13.451 6.341 15.337 20.933 12.754 6.409 6.594 15.761 17.308 17.261 2.936 17.072 14.391 15.346 15.501 11.810 5.652 15.004 17.820 4.026 8.667 5.597 2.158 12.091 11.078 6.982 6.789 1.658 6.710 13.485 15.966 12.209 15.966 11.740 2.524 7.554 4.503 17.557 4.281 15.072 8.632 18.968 22.329 5.151 2.871 20.735 10.105 11.013 5.700 20.405 16.125 12.256 9.994 16.593 8.807 9.077 7.361 12.567 4.085 0.629 13.294 12.544 9.991 
11 6.308 12.556 18.070 3.157 6.325 8.501 3.054 4.764 15.612 10.807 0.000 8.397 5.446 5.356 12.428 16.148 6.689 11.747 5.868 7.406 13.196 11.954 7.644 3.590 16.754 5.416 1.006 5.652 5.846 15.954 12.648 3.955 7.299 8.771 8.867 3.533 3.825 10.214 10.144 4.681 8.918 10.002 10.131 14.485 2.939 12.102 3.354 7.632 7.877 7.396 4.641 5.534 9.384 15.290 8.008 13.012 12.240 9.173 2.837 12.113 12.828 10.186 12.376 12.994 7.825 11.749 11.182 13.295 2.442 13.266 11.290 11.387 2.980 6.308 
12 3.535 11.469 10.902 8.102 6.865 8.510 5.348 10.122 8.956 13.451 8.397 0.000 11.688 12.586 8.130 10.575 7.063 9.666 6.657 14.268 4.840 15.935 6.399 9.472 9.763 12.507 8.575 8.453 13.644 7.687 12.615 5.945 7.854 12.373 1.990 4.872 9.141 8.098 13.861 10.933 0.626 2.518 3.195 6.459 5.577 13.101 8.271 8.955 14.899 9.247 11.429 5.051 7.821 8.882 13.827 16.310 7.947 4.300 11.225 10.737 7.120 2.674 5.888 8.409 5.194 7.906 7.082 10.829 10.392 13.374 13.580 3.871 6.059 3.535 
13 8.397 10.040 18.867 8.587 11.694 6.798 7.326 9.861 16.235 6.341 5.446 11.688 0.000 9.127 17.484 15.885 6.078 10.103 11.224 11.037 16.396 6.718 12.901 8.751 17.519 9.313 6.335 4.031 8.681 18.266 9.437 5.743 6.010 4.191 11.228 7.461 2.549 9.141 5.196 0.819 12.012 13.899 12.053 16.521 7.580 8.365 3.436 5.468 11.250 4.961 9.028 6.906 14.717 19.871 2.567 7.947 17.289 10.302 4.776 9.901 17.554 14.084 13.425 12.637 12.851 11.248 11.026 11.490 6.564 9.841 6.938 13.372 8.069 8.397 
14 11.361 17.801 23.027 4.521 7.375 13.789 7.640 3.057 20.674 15.337 5.356 12.586 9.127 0.000 13.596 21.403 12.030 17.086 7.161 2.065 17.011 15.779 8.899 3.183 21.749 0.261 4.560 10.803 1.533 20.260 17.739 9.284 12.601 13.187 13.572 8.215 8.649 15.568 14.318 8.639 13.188 13.443 14.942 19.011 7.215 17.008 8.473 12.816 2.526 12.512 1.229 10.817 9.908 17.264 11.298 17.063 13.450 14.303 4.352 17.399 14.737 13.604 17.399 18.298 9.788 17.080 16.487 18.632 2.968 18.302 15.894 16.094 6.552 11.361 
15 11.096 19.575 16.852 9.942 6.421 16.332 10.186 10.549 15.747 20.933 12.428 8.130 17.484 13.596 0.000 17.916 14.603 17.794 6.782 14.303 8.167 23.059 4.902 10.812 16.098 13.386 11.900 15.414 15.094 11.855 20.642 12.406 15.467 19.469 10.068 10.152 15.131 16.206 21.000 16.666 8.435 5.963 10.980 11.872 9.904 20.977 14.254 16.488 14.956 16.655 12.427 12.318 3.723 4.030 19.986 23.696 0.199 12.424 14.839 18.850 2.083 5.904 13.330 16.317 4.638 15.979 15.159 18.948 13.066 21.402 21.171 11.013 9.496 11.096 
16 10.118 7.500 4.171 17.469 17.276 9.119 13.895 19.689 2.602 12.754 16.148 10.575 15.885 21.403 17.916 0.000 10.028 6.214 16.989 23.379 10.277 15.636 16.967 18.741 3.330 21.415 16.848 11.961 21.991 8.049 9.144 12.206 9.898 13.422 8.718 13.328 14.155 6.756 14.193 15.539 10.033 12.052 7.383 6.766 14.402 10.621 13.762 10.460 23.919 10.985 20.466 10.614 18.365 16.817 16.583 15.022 17.769 7.184 18.374 7.065 16.259 12.074 4.704 3.269 15.768 4.650 5.025 5.486 18.586 9.573 12.386 6.954 15.257 10.118 
17 3.582 6.016 12.798 8.989 10.516 1.980 5.646 11.100 10.171 6.409 6.689 7.063 6.078 12.030 14.603 10.028 0.000 5.058 10.070 14.089 11.176 8.890 11.087 9.970 11.448 12.101 7.586 2.048 12.336 12.449 6.483 3.019 0.875 5.379 5.882 5.273 4.127 3.572 6.828 5.605 7.143 9.570 6.334 10.643 6.200 6.468 3.788 1.907 14.539 2.189 11.315 2.305 12.958 15.929 7.486 9.254 14.406 4.370 8.479 5.493 14.001 9.732 7.368 6.760 10.431 5.397 5.039 6.606 9.073 7.202 6.588 7.594 7.125 3.582 
18 7.192 1.956 9.987 13.917 14.937 3.419 10.404 16.079 7.514 6.594 11.747 9.666 10.103 17.086 17.794 6.214 5.058 0.000 14.534 19.146 12.109 9.514 15.192 14.972 8.773 17.158 12.637 6.534 17.347 11.774 3.522 7.973 4.528 7.231 7.776 9.935 8.852 1.703 7.986 9.909 9.412 12.009 7.212 9.964 10.968 4.727 8.728 4.672 19.590 5.153 16.369 6.747 16.951 18.100 10.470 9.064 17.610 5.399 13.406 1.223 16.695 12.121 6.219 3.443 14.279 2.468 3.055 1.548 14.124 4.194 6.285 7.895 11.906 7.192 
19 7.389 15.931 17.554 3.160 0.478 12.038 4.518 4.163 15.577 15.761 5.868 6.657 11.224 7.161 6.782 16.989 10.070 14.534 0.000 8.346 10.304 17.409 1.880 4.124 16.418 6.991 5.203 10.123 8.572 13.874 16.552 7.197 10.920 13.960 8.301 4.806 9.153 12.831 15.449 10.424 7.275 6.662 9.695 12.951 4.022 16.449 8.372 11.711 9.013 11.701 5.938 7.894 3.516 10.175 13.788 18.290 6.610 9.986 8.083 15.308 7.637 6.797 12.408 14.390 2.629 13.519 12.745 15.978 6.285 17.271 16.133 10.524 3.251 7.389 
20 13.296 19.865 24.876 6.176 8.460 15.854 9.537 4.233 22.571 17.308 7.406 14.268 11.037 2.065 14.303 23.379 14.089 19.146 8.346 0.000 18.511 17.610 9.899 4.808 23.616 1.991 6.576 12.865 2.504 21.890 19.789 11.314 14.665 15.152 15.387 10.113 10.696 17.620 16.232 10.598 14.883 14.891 16.777 20.724 9.076 19.034 10.537 14.879 0.669 14.570 2.924 12.825 10.582 18.147 13.088 18.932 14.178 16.246 6.295 19.464 15.661 15.041 19.291 20.303 10.944 19.102 18.494 20.693 5.033 20.345 17.875 17.887 8.335 13.296 
21 8.020 14.063 8.696 12.493 10.330 12.153 10.142 14.279 7.861 17.261 13.196 4.840 16.396 17.011 8.167 10.277 11.176 12.109 10.304 18.511 0.000 19.976 9.261 13.832 8.022 16.899 13.294 12.878 18.194 3.807 15.522 10.681 11.828 16.545 5.304 9.693 13.868 10.930 17.953 15.669 4.413 3.642 5.076 3.752 10.312 16.373 13.022 12.936 19.167 13.326 15.807 9.550 9.889 6.542 18.397 20.121 8.061 7.172 16.032 13.321 6.246 3.509 6.238 9.561 7.975 9.773 9.068 12.805 15.070 16.247 17.265 4.214 10.660 8.020 
22 12.411 8.185 19.501 15.103 17.888 7.885 13.050 16.546 17.003 2.936 11.954 15.935 6.718 15.779 23.059 15.636 8.890 9.514 17.409 17.610 19.976 0.000 18.893 15.414 18.277 15.977 12.913 7.659 15.168 20.702 6.664 10.653 8.164 3.602 14.731 12.970 8.273 9.707 2.080 7.358 16.033 18.424 14.968 18.847 13.459 5.111 9.038 7.050 17.753 6.702 15.741 10.951 20.777 24.758 4.544 1.480 22.861 12.872 11.452 8.571 22.711 18.591 15.159 12.926 18.570 11.742 12.000 10.192 13.282 6.506 3.250 16.102 14.159 12.411 
23 8.010 16.733 17.080 5.040 1.545 13.005 5.847 5.850 15.312 17.072 7.644 6.399 12.901 8.899 4.902 16.967 11.087 15.192 1.880 9.899 9.261 18.893 0.000 5.960 16.030 8.711 7.041 11.423 10.351 12.981 17.507 8.409 11.958 15.377 8.273 5.994 10.707 13.499 16.889 12.090 6.968 5.706 9.584 12.277 5.439 17.548 9.880 12.845 10.568 12.898 7.691 8.813 1.896 8.369 15.451 19.694 4.730 10.264 9.951 16.069 5.838 5.803 12.286 14.623 1.305 13.902 13.096 16.564 8.165 18.246 17.401 10.205 4.833 8.010 
24 8.623 15.955 20.086 1.370 4.415 11.880 4.846 1.175 17.815 14.391 3.590 9.472 8.751 3.183 10.812 18.741 9.970 14.972 4.124 4.808 13.832 15.414 5.960 0.000 18.836 3.067 2.584 9.185 4.486 17.121 16.160 7.000 10.672 12.335 10.589 5.413 7.410 13.354 13.673 8.060 10.083 10.259 11.985 15.922 4.344 15.672 6.928 11.124 5.430 10.928 1.976 8.359 7.255 14.299 11.242 16.531 10.650 11.566 4.550 15.461 11.761 10.421 14.535 15.753 6.714 14.625 13.963 16.512 2.507 16.798 14.879 13.082 3.545 8.623 
25 10.453 10.370 1.352 17.492 16.625 11.057 14.109 19.650 1.304 15.346 16.754 9.763 17.519 21.749 16.098 3.330 11.448 8.773 16.418 23.616 8.022 18.277 16.030 18.836 0.000 21.721 17.300 13.490 22.543 5.068 12.052 12.987 11.560 15.679 8.269 13.534 15.467 8.780 16.648 17.048 9.149 10.587 6.858 4.271 14.545 13.439 14.911 12.347 24.205 12.874 20.698 11.370 17.169 14.404 18.608 17.821 15.975 7.615 19.266 9.819 14.252 10.560 4.379 5.352 14.753 6.609 6.582 8.426 19.122 12.566 15.057 5.894 15.291 10.453 
26 11.354 17.900 22.994 4.422 7.193 13.877 7.616 2.862 20.656 15.501 5.416 12.507 9.313 0.261 13.386 21.415 12.101 17.158 6.991 1.991 16.899 15.977 8.711 3.067 21.721 0.000 4.590 10.909 1.776 20.174 17.859 9.325 12.684 13.353 13.526 8.192 8.776 15.629 14.499 8.810 13.112 13.320 14.902 18.942 7.179 17.146 8.577 12.921 2.504 12.625 1.092 10.844 9.691 17.072 11.506 17.253 13.241 14.300 4.537 17.489 14.547 13.479 17.378 18.324 9.619 17.116 16.514 18.706 3.065 18.429 16.054 16.044 6.491 11.354 
27 6.858 13.504 18.599 2.266 5.637 9.438 3.284 3.758 16.191 11.810 1.006 8.575 6.335 4.560 11.900 16.848 7.586 12.637 5.203 6.576 13.294 12.913 7.041 2.584 17.300 4.590 0.000 6.639 5.246 16.223 13.631 4.740 8.231 9.766 9.255 3.833 4.828 11.074 11.126 5.596 9.131 9.959 10.573 14.827 2.998 13.103 4.354 8.606 7.084 8.383 3.734 6.256 8.701 14.945 8.880 13.992 11.718 9.781 2.986 13.044 12.447 10.139 12.928 13.738 7.368 12.526 11.927 14.185 1.846 14.256 12.295 11.789 2.718 6.858 
28 4.933 7.009 14.838 8.428 10.594 3.117 5.616 10.356 12.208 5.652 5.652 8.453 4.031 10.803 15.414 11.961 2.048 6.534 10.123 12.865 12.878 7.659 11.423 9.185 13.490 10.909 6.639 0.000 10.904 14.400 6.997 3.033 2.082 4.060 7.586 5.430 2.318 5.303 5.590 3.588 8.646 10.880 8.222 12.616 6.101 6.511 2.334 2.014 13.254 1.745 10.249 3.402 13.319 17.159 5.557 8.307 15.215 6.349 6.899 6.654 15.062 11.055 9.410 8.695 10.982 7.312 7.029 8.039 7.845 7.617 6.010 9.516 6.933 4.933 
29 12.095 17.902 23.844 5.740 8.815 13.977 8.496 4.546 21.426 15.004 5.846 13.644 8.681 1.533 15.094 21.991 12.336 17.347 8.572 2.504 18.194 15.168 10.351 4.486 22.543 1.776 5.246 10.904 0.000 21.331 17.695 9.788 12.822 12.846 14.477 9.059 8.641 15.906 13.858 8.312 14.230 14.675 15.811 20.006 8.135 16.846 8.625 12.906 2.586 12.552 2.668 11.379 11.419 18.719 10.632 16.512 14.945 14.999 4.067 17.556 16.186 14.842 18.169 18.822 11.185 17.554 17.011 18.883 3.426 18.213 15.587 17.011 7.587 12.095 
30 10.025 13.668 5.337 15.755 13.950 12.866 12.953 17.691 5.447 17.820 15.954 7.687 18.266 20.260 11.855 8.049 12.449 11.774 13.874 21.890 3.807 20.702 12.981 17.121 5.068 20.174 16.223 14.400 21.331 0.000 15.294 12.826 12.898 17.558 7.192 12.433 15.856 11.062 18.809 17.624 7.103 7.281 6.213 1.855 13.235 16.430 15.100 13.925 22.532 14.397 19.090 11.406 13.690 9.567 19.931 20.575 11.765 8.081 18.736 12.980 9.849 7.178 5.598 8.570 11.681 9.307 8.832 12.014 18.055 15.942 17.690 4.894 13.746 10.025 
31 9.620 1.684 13.181 15.318 16.995 4.516 12.116 17.324 10.846 4.026 12.648 12.615 9.437 17.739 20.642 9.144 6.483 3.522 16.552 19.789 15.522 6.664 17.507 16.160 12.052 17.859 13.631 6.997 17.695 15.294 0.000 9.445 5.647 5.563 10.867 11.756 9.094 4.627 5.667 9.535 12.461 15.070 10.521 13.486 12.664 1.555 9.319 5.036 20.138 5.255 17.237 8.700 19.353 21.313 8.922 5.894 20.451 8.544 13.628 2.317 19.732 15.200 9.739 6.857 16.756 5.990 6.545 3.663 14.803 0.760 3.503 11.326 13.577 9.620 
32 2.801 9.035 14.323 5.975 7.659 4.988 2.691 8.111 11.799 8.667 3.955 5.945 5.743 9.284 12.406 12.206 3.019 7.973 7.197 11.314 10.681 10.653 8.409 7.000 12.987 9.325 4.740 3.033 9.788 12.826 9.445 0.000 3.806 7.068 5.648 2.421 3.198 6.363 8.598 4.994 6.280 8.201 6.687 11.185 3.226 9.256 2.341 4.518 11.810 4.509 8.463 1.622 10.305 14.336 7.946 11.339 12.208 5.373 6.280 8.499 12.148 8.383 8.630 9.039 7.949 7.798 7.227 9.512 6.397 10.142 8.992 8.007 4.132 2.801 
33 4.415 5.284 12.901 9.739 11.369 1.209 6.469 11.816 10.265 5.597 7.299 7.854 6.010 12.601 15.467 9.898 0.875 4.528 10.920 14.665 11.828 8.164 11.958 10.672 11.560 12.684 8.231 2.082 12.822 12.898 5.647 3.806 0.000 4.732 6.566 6.116 4.369 3.222 6.126 5.642 7.900 10.369 6.888 11.069 7.017 5.594 4.200 1.115 15.092 1.513 11.940 3.180 13.831 16.733 7.132 8.458 15.270 4.843 8.882 4.815 14.838 10.528 7.642 6.638 11.306 5.250 5.021 6.061 9.633 6.356 5.748 8.102 7.934 4.415 
34 8.841 6.545 16.973 11.858 14.438 4.729 9.530 13.499 14.378 2.158 8.771 12.373 4.191 13.187 19.469 13.422 5.379 7.231 13.960 15.152 16.545 3.602 15.377 12.335 15.679 13.353 9.766 4.060 12.846 17.558 5.563 7.068 4.732 0.000 11.259 9.415 4.959 6.900 1.531 4.554 12.498 14.849 11.618 15.713 9.966 4.291 5.622 3.649 15.398 3.222 12.946 7.362 17.269 21.170 3.381 4.330 19.271 9.557 8.857 6.634 19.110 15.018 12.142 10.392 15.006 9.074 9.152 8.332 10.441 5.836 2.747 12.816 10.714 8.841 
35 2.856 9.629 9.500 9.235 8.569 7.018 5.981 11.382 7.323 12.091 8.867 1.990 11.228 13.572 10.068 8.718 5.882 7.776 8.301 15.387 5.304 14.731 8.273 10.589 8.269 13.526 9.255 7.586 14.477 7.192 10.867 5.648 6.566 11.259 0.000 5.422 8.748 6.275 12.688 10.540 1.640 4.235 1.416 5.627 6.361 11.482 7.954 7.680 15.990 8.048 12.482 4.324 9.775 10.454 13.126 14.962 9.890 2.377 11.596 8.888 8.921 4.352 4.109 6.425 7.118 5.926 5.102 8.880 11.100 11.622 12.152 2.535 7.051 2.856 
36 3.210 11.204 14.817 4.159 5.260 7.249 0.576 6.385 12.464 11.078 3.533 4.872 7.461 8.215 10.152 13.328 5.273 9.935 4.806 10.113 9.693 12.970 5.994 5.413 13.534 8.192 3.833 5.430 9.059 12.433 11.756 2.421 6.116 9.415 5.422 0.000 5.008 8.251 10.938 6.649 5.385 6.654 6.753 11.001 1.083 11.648 4.117 6.913 10.686 6.927 7.188 3.190 7.890 12.417 9.888 13.717 9.954 6.154 6.354 10.612 10.097 6.841 9.186 10.368 5.602 9.291 8.596 11.434 5.679 12.471 11.412 7.957 1.997 3.210 
37 5.898 9.266 16.818 6.900 9.631 5.435 4.948 8.581 14.211 6.982 3.825 9.141 2.549 8.649 15.131 14.155 4.127 8.852 9.153 10.696 13.868 8.273 10.707 7.410 15.467 8.776 4.828 2.318 8.641 15.856 9.094 3.198 4.369 4.959 8.748 5.008 0.000 7.584 6.374 1.801 9.474 11.356 9.651 14.149 5.281 8.387 0.901 4.280 11.048 3.910 8.212 4.451 12.571 17.376 4.881 9.243 14.935 8.028 4.603 8.947 15.096 11.540 11.239 10.887 10.527 9.519 9.161 10.357 5.736 9.653 7.471 10.978 5.911 5.898 
38 5.494 3.371 10.081 12.269 13.235 2.365 8.731 14.447 7.478 6.789 10.214 8.098 9.141 15.568 16.206 6.756 3.572 1.703 12.831 17.620 10.930 9.707 13.499 13.354 8.780 15.629 11.074 5.303 15.906 11.062 4.627 6.363 3.222 6.900 6.275 8.251 7.584 0.000 7.934 8.835 7.893 10.503 5.899 9.212 9.293 5.467 7.343 3.704 18.085 4.231 14.807 5.070 15.268 16.698 9.892 9.512 16.020 3.926 12.040 2.644 15.184 10.625 5.475 3.556 12.601 2.190 2.295 3.184 12.622 5.372 6.629 6.767 10.230 5.494 
39 10.335 6.953 17.911 13.265 15.927 5.946 11.042 14.826 15.357 1.658 10.144 13.861 5.196 14.318 21.000 14.193 6.828 7.986 15.449 16.232 17.953 2.080 16.889 13.673 16.648 14.499 11.126 5.590 13.858 18.809 5.667 8.598 6.126 1.531 12.688 10.938 6.374 7.934 0.000 5.711 13.968 16.347 12.975 16.957 11.468 4.181 7.087 5.017 16.435 4.643 14.164 8.871 18.779 22.679 3.607 2.870 20.801 10.891 9.966 7.197 20.634 16.515 13.317 11.307 16.532 10.050 10.224 8.885 11.670 5.742 2.255 14.138 12.200 10.335 
40 7.695 10.004 18.398 7.833 10.895 6.535 6.508 9.188 15.774 6.710 4.681 10.933 0.819 8.639 16.666 15.539 5.605 9.909 10.424 10.598 15.669 7.358 12.090 8.060 17.048 8.810 5.596 3.588 8.312 17.624 9.535 4.994 5.642 4.554 10.540 6.649 1.801 8.835 5.711 0.000 11.273 13.116 11.413 15.900 6.761 8.568 2.664 5.237 10.852 4.761 8.454 6.230 13.911 19.063 3.365 8.525 16.471 9.723 4.303 9.805 16.740 13.301 12.891 12.277 12.033 10.890 10.617 11.343 5.962 9.991 7.282 12.737 7.257 7.695 
41 3.715 11.255 10.280 8.713 7.476 8.477 5.881 10.743 8.359 13.485 8.918 0.626 12.012 13.188 8.435 10.033 7.143 9.412 7.275 14.883 4.413 16.033 6.968 10.083 9.149 13.112 9.131 8.646 14.230 7.103 12.461 6.280 7.900 12.498 1.640 5.385 9.474 7.893 13.968 11.273 0.000 2.611 2.679 5.841 6.137 13.018 8.619 9.011 15.512 9.332 12.037 5.254 8.336 8.908 14.089 16.353 8.258 4.014 11.736 10.516 7.292 2.739 5.334 7.970 5.741 7.547 6.725 10.517 10.957 13.219 13.586 3.263 6.651 3.715 
42 6.013 13.863 11.534 8.943 6.698 11.025 7.008 10.657 10.044 15.966 10.002 2.518 13.899 13.443 5.963 12.052 9.570 12.009 6.662 14.891 3.642 18.424 5.706 10.259 10.587 13.320 9.959 10.880 14.675 7.281 15.070 8.201 10.369 14.849 4.235 6.654 11.356 10.503 16.347 13.116 2.611 0.000 5.023 6.625 7.064 15.602 10.463 11.467 15.550 11.748 12.228 7.494 6.604 6.365 16.144 18.822 5.798 6.611 12.824 13.123 4.686 0.187 7.403 10.356 4.403 10.065 9.251 13.075 11.668 15.828 16.099 5.102 7.258 6.013 
43 3.910 9.140 8.101 10.637 9.950 7.104 7.321 12.792 5.908 12.209 10.131 3.195 12.053 14.942 10.980 7.383 6.334 7.212 9.695 16.777 5.076 14.968 9.584 11.985 6.858 14.902 10.573 8.222 15.811 6.213 10.521 6.687 6.888 11.618 1.416 6.753 9.651 5.899 12.975 11.413 2.679 5.023 0.000 4.507 7.726 11.310 8.914 7.974 17.374 8.401 13.866 5.208 11.009 10.896 13.774 15.062 10.811 2.104 12.805 8.392 9.637 5.099 2.718 5.340 8.390 5.084 4.289 8.132 12.415 11.259 12.197 1.327 8.443 3.910 
44 8.393 11.875 4.991 14.552 13.084 11.014 11.544 16.578 4.226 15.966 14.485 6.459 16.521 19.011 11.872 6.766 10.643 9.964 12.951 20.724 3.752 18.847 12.277 15.922 4.271 18.942 14.827 12.616 20.006 1.855 13.486 11.185 11.069 15.713 5.627 11.001 14.149 9.212 16.957 15.900 5.841 6.625 4.507 0.000 11.872 14.596 13.420 12.086 21.352 12.562 17.871 9.712 13.216 10.175 18.129 18.723 11.755 6.274 17.223 11.177 9.991 6.564 3.761 6.841 10.974 7.496 6.995 10.278 16.671 14.145 15.838 3.180 12.460 8.393 
45 4.286 12.183 15.815 3.076 4.495 8.180 0.564 5.302 13.495 11.740 2.939 5.577 7.580 7.215 9.904 14.402 6.200 10.968 4.022 9.076 10.312 13.459 5.439 4.344 14.545 7.179 2.998 6.101 8.135 13.235 12.664 3.226 7.017 9.966 6.361 1.083 5.281 9.293 11.468 6.761 6.137 7.064 7.726 11.872 0.000 12.472 4.442 7.737 9.661 7.698 6.155 4.223 7.319 12.480 10.092 14.293 9.710 7.223 5.763 11.609 10.071 7.247 10.215 11.452 5.273 10.372 9.679 12.477 4.821 13.365 12.111 8.890 0.938 4.286 
46 9.881 3.122 14.603 14.938 16.907 4.646 11.946 16.846 12.205 2.524 12.102 13.101 8.365 17.008 20.977 10.621 6.468 4.727 16.449 19.034 16.373 5.111 17.548 15.672 13.439 17.146 13.103 6.511 16.846 16.430 1.555 9.256 5.594 4.291 11.482 11.648 8.387 5.467 4.181 8.568 13.018 15.602 11.310 14.596 12.472 0.000 8.749 4.738 19.343 4.801 16.599 8.768 19.423 21.923 7.571 4.402 20.783 9.253 12.787 3.620 20.207 15.744 10.836 8.157 16.896 7.152 7.602 5.138 14.122 1.573 1.966 12.231 13.354 9.881 
47 5.098 9.329 16.261 6.289 8.850 5.353 4.082 8.103 13.674 7.554 3.354 8.271 3.436 8.473 14.254 13.762 3.788 8.728 8.372 10.537 13.022 9.038 9.880 6.928 14.911 8.577 4.354 2.334 8.625 15.100 9.319 2.341 4.200 5.622 7.954 4.117 0.901 7.343 7.087 2.664 8.619 10.463 8.914 13.420 4.442 8.749 0.000 4.344 10.935 4.065 7.919 3.709 11.754 16.475 5.778 9.943 14.057 7.386 4.697 8.946 14.198 10.648 10.629 10.507 9.661 9.164 8.741 10.260 5.512 9.923 8.003 10.241 5.121 5.098 
48 5.489 4.998 13.675 10.291 12.171 1.341 7.208 12.287 11.045 4.503 7.632 8.955 5.468 12.816 16.488 10.460 1.907 4.672 11.711 14.879 12.936 7.050 12.845 11.124 12.347 12.921 8.606 2.014 12.906 13.925 5.036 4.518 1.115 3.649 7.680 6.913 4.280 3.704 5.017 5.237 9.011 11.467 7.974 12.086 7.737 4.738 4.344 0.000 15.267 0.530 12.249 4.170 14.730 17.829 6.262 7.355 16.291 5.908 8.882 4.669 15.908 11.628 8.579 7.248 12.253 5.864 5.766 6.128 9.856 5.692 4.687 9.167 8.626 5.489 
49 13.856 20.261 25.472 6.800 9.129 16.273 10.109 4.893 23.150 17.557 7.877 14.899 11.250 2.526 14.956 23.919 14.539 19.590 9.013 0.669 19.167 17.753 10.568 5.430 24.205 2.504 7.084 13.254 2.586 22.532 20.138 11.810 15.092 15.398 15.990 10.686 11.048 18.085 16.435 10.852 15.512 15.550 17.374 21.352 9.661 19.343 10.935 15.267 0.000 14.942 3.508 13.341 11.236 18.809 13.216 19.097 14.832 16.803 6.563 19.877 16.325 15.701 19.870 20.822 11.613 19.606 19.011 21.135 5.466 20.679 18.133 18.497 8.940 13.856 
50 5.743 5.360 14.203 10.147 12.165 1.866 7.184 12.097 11.572 4.281 7.396 9.247 4.961 12.512 16.655 10.985 2.189 5.153 11.701 14.570 13.326 6.702 12.898 10.928 12.874 12.625 8.383 1.745 12.552 14.397 5.255 4.509 1.513 3.222 8.048 6.927 3.910 4.231 4.643 4.761 9.332 11.748 8.401 12.562 7.698 4.801 4.065 0.530 14.942 0.000 11.984 4.353 14.789 18.102 5.738 7.094 16.457 6.354 8.509 5.080 16.135 11.913 9.082 7.777 12.355 6.394 6.293 6.584 9.563 5.872 4.530 9.613 8.566 5.743 
51 10.374 17.194 21.964 3.335 6.161 13.142 6.612 1.882 19.648 15.072 4.641 11.429 9.028 1.229 12.427 20.466 11.315 16.369 5.938 2.924 15.807 15.741 7.691 1.976 20.698 1.092 3.734 10.249 2.668 19.090 17.237 8.463 11.940 12.946 12.482 7.188 8.212 14.807 14.164 8.454 12.037 12.228 13.866 17.871 6.155 16.599 7.919 12.249 3.508 11.984 0.000 9.940 8.761 16.060 11.349 16.967 12.278 13.324 4.329 16.754 13.529 12.388 16.368 17.407 8.563 16.224 15.602 17.917 2.505 17.832 15.606 14.992 5.435 10.374 
52 1.540 8.041 12.709 7.220 8.324 4.192 3.661 9.420 10.177 8.632 5.534 5.051 6.906 10.817 12.318 10.614 2.305 6.747 7.894 12.825 9.550 10.951 8.813 8.359 11.370 10.844 6.256 3.402 11.379 11.406 8.700 1.622 3.180 7.362 4.324 3.190 4.451 5.070 8.871 6.230 5.254 7.494 5.208 9.712 4.223 8.768 3.709 4.170 13.341 4.353 9.940 0.000 10.673 13.808 8.851 11.440 12.121 3.761 7.900 7.433 11.790 7.666 7.022 7.481 8.128 6.286 5.671 8.253 7.972 9.435 8.853 6.535 5.161 1.540 
53 9.800 18.537 18.137 6.562 3.066 14.862 7.738 6.879 16.552 18.968 9.384 7.821 14.717 9.908 3.723 18.365 12.958 16.951 3.516 10.582 9.889 20.777 1.896 7.255 17.169 9.691 8.701 13.319 11.419 13.690 19.353 10.305 13.831 17.269 9.775 7.890 12.571 15.268 18.779 13.911 8.336 6.604 11.009 13.216 7.319 19.423 11.754 14.730 11.236 14.789 8.761 10.673 0.000 7.622 17.276 21.588 3.596 11.893 11.523 17.861 5.232 6.654 13.661 16.189 2.689 15.550 14.734 18.289 9.630 20.096 19.296 11.477 6.671 9.800 
54 12.359 20.012 14.880 13.253 9.905 17.377 12.614 14.211 14.371 22.329 15.290 8.882 19.871 17.264 4.030 16.817 15.929 18.100 10.175 18.147 6.542 24.758 8.369 14.299 14.404 17.072 14.945 17.159 18.719 9.567 21.313 14.336 16.733 21.170 10.454 12.417 17.376 16.698 22.679 19.063 8.908 6.365 10.896 10.175 12.480 21.923 16.475 17.829 18.809 18.102 16.060 13.808 7.622 0.000 22.243 25.183 4.101 12.772 17.931 19.264 2.538 6.208 12.660 15.933 7.640 15.942 15.169 19.002 16.347 22.065 22.462 10.443 12.315 12.359 
55 10.389 9.918 19.933 11.140 14.259 7.558 9.803 12.325 17.305 5.151 8.008 13.827 2.567 11.298 19.986 16.583 7.486 10.470 13.788 13.088 18.397 4.544 15.451 11.242 18.608 11.506 8.880 5.557 10.632 19.931 8.922 7.946 7.132 3.381 13.126 9.888 4.881 9.892 3.607 3.365 14.089 16.144 13.774 18.129 10.092 7.571 5.778 6.262 13.216 5.738 11.349 8.851 17.276 22.243 0.000 5.934 19.790 11.855 7.023 9.971 19.976 16.326 14.774 13.445 15.363 12.080 12.026 11.659 8.954 9.141 5.778 15.060 10.618 10.389 
56 12.832 7.522 19.000 16.135 18.768 7.971 13.851 17.679 16.574 2.871 13.012 16.310 7.947 17.063 23.696 15.022 9.254 9.064 18.290 18.932 20.121 1.480 19.694 16.531 17.821 17.253 13.992 8.307 16.512 20.575 5.894 11.339 8.458 4.330 14.962 13.717 9.243 9.512 2.870 8.525 16.353 18.822 15.062 18.723 14.293 4.402 9.943 7.355 19.097 7.094 16.967 11.440 21.588 25.183 5.934 0.000 23.498 12.958 12.717 8.009 23.228 18.983 14.985 12.507 19.289 11.417 11.769 9.536 14.484 5.593 2.889 16.124 15.044 12.832 
57 10.902 19.387 16.739 9.769 6.253 16.137 9.989 10.400 15.612 20.735 12.240 7.947 17.289 13.450 0.199 17.769 14.406 17.610 6.610 14.178 8.061 22.861 4.730 10.650 15.975 13.241 11.718 15.215 14.945 11.765 20.451 12.208 15.270 19.271 9.890 9.954 14.935 16.020 20.801 16.471 8.258 5.798 10.811 11.755 9.710 20.783 14.057 16.291 14.832 16.457 12.278 12.121 3.596 4.101 19.790 23.498 0.000 12.243 14.660 18.663 2.048 5.743 13.174 16.150 4.445 15.803 14.982 18.768 12.895 21.211 20.973 10.858 9.305 10.902 
58 2.950 7.262 8.950 10.285 10.319 5.001 6.725 12.505 6.443 10.105 9.173 4.300 10.302 14.303 12.424 7.184 4.370 5.399 9.986 16.246 7.172 12.872 10.264 11.566 7.615 14.300 9.781 6.349 14.999 8.081 8.544 5.373 4.843 9.557 2.377 6.154 8.028 3.926 10.891 9.723 4.014 6.611 2.104 6.274 7.223 9.253 7.386 5.908 16.803 6.354 13.324 3.761 11.893 12.772 11.855 12.958 12.243 0.000 11.650 6.519 11.296 6.724 3.261 4.404 9.206 3.658 2.840 6.529 11.574 9.294 10.095 3.260 8.073 2.950 
59 8.914 13.868 20.600 4.960 8.489 10.004 5.890 5.490 18.078 11.013 2.837 11.225 4.776 4.352 14.839 18.374 8.479 13.406 8.083 6.295 16.032 11.452 9.951 4.550 19.266 4.537 2.986 6.899 4.067 18.736 13.628 6.280 8.882 8.857 11.596 6.354 4.603 12.040 9.966 4.303 11.736 12.824 12.805 17.223 5.763 12.787 4.697 8.882 6.563 8.509 4.329 7.900 11.523 17.931 7.023 12.717 14.660 11.650 0.000 13.548 15.432 13.007 14.902 15.142 10.345 13.821 13.351 14.927 2.058 14.146 11.581 14.090 5.666 8.914 
60 8.063 0.748 10.990 14.475 15.726 3.613 11.047 16.593 8.587 5.700 12.113 10.737 9.901 17.399 18.850 7.065 5.493 1.223 15.308 19.464 13.321 8.571 16.069 15.461 9.819 17.489 13.044 6.654 17.556 12.980 2.317 8.499 4.815 6.634 8.888 10.612 8.947 2.644 7.197 9.805 10.516 13.123 8.392 11.177 11.609 3.620 8.946 4.669 19.877 5.080 16.754 7.433 17.861 19.264 9.971 8.009 18.663 6.519 13.548 0.000 17.807 13.240 7.438 4.557 15.207 3.682 4.277 1.701 14.431 2.972 5.321 9.109 12.545 8.063 
61 10.423 18.547 14.939 10.719 7.371 15.589 10.247 11.685 13.989 20.405 12.828 7.120 17.554 14.737 2.083 16.259 14.001 16.695 7.637 15.661 6.246 22.711 5.838 11.761 14.252 14.547 12.447 15.062 16.186 9.849 19.732 12.148 14.838 19.110 8.921 10.097 15.096 15.184 20.634 16.740 7.292 4.686 9.637 9.991 10.071 20.207 14.198 15.908 16.325 16.135 13.529 11.790 5.232 2.538 19.976 23.228 2.048 11.296 15.432 17.807 0.000 4.576 11.787 14.911 5.112 14.714 13.907 17.742 13.820 20.491 20.585 9.476 9.848 10.423 
62 6.180 13.982 11.491 9.108 6.823 11.174 7.193 10.808 10.039 16.125 10.186 2.674 14.084 13.604 5.904 12.074 9.732 12.121 6.797 15.041 3.509 18.591 5.803 10.421 10.560 13.479 10.139 11.055 14.842 7.178 15.200 8.383 10.528 15.018 4.352 6.841 11.540 10.625 16.515 13.301 2.739 0.187 5.099 6.564 7.247 15.744 10.648 11.628 15.701 11.913 12.388 7.666 6.654 6.208 16.326 18.983 5.743 6.724 13.007 13.240 4.576 0.000 7.440 10.423 4.503 10.155 9.343 13.172 11.844 15.957 16.254 5.131 7.436 6.180 
63 6.076 8.148 5.701 13.208 12.667 7.414 9.762 15.394 3.281 12.256 12.376 5.888 13.425 17.399 13.330 4.704 7.368 6.219 12.408 19.291 6.238 15.159 12.286 14.535 4.379 17.378 12.928 9.410 18.169 5.598 9.739 8.630 7.642 12.142 4.109 9.186 11.239 5.475 13.317 12.891 5.334 7.403 2.718 3.761 10.215 10.836 10.629 8.579 19.870 9.082 16.368 7.022 13.661 12.660 14.774 14.985 13.174 3.261 14.902 7.438 11.787 7.440 0.000 3.327 11.074 3.758 3.234 6.663 14.747 10.410 12.104 2.319 10.994 6.076 
64 7.190 5.184 6.604 14.527 14.722 5.914 10.921 16.753 4.078 9.994 12.994 8.409 12.637 18.298 16.317 3.269 6.760 3.443 14.390 20.303 9.561 12.926 14.623 15.753 5.352 18.324 13.738 8.695 18.822 8.570 6.857 9.039 6.638 10.392 6.425 10.368 10.887 3.556 11.307 12.277 7.970 10.356 5.340 6.841 11.452 8.157 10.507 7.248 20.822 7.777 17.407 7.481 16.189 15.933 13.445 12.507 16.150 4.404 15.142 4.557 14.911 10.423 3.327 0.000 13.517 1.390 1.812 3.444 15.436 7.449 9.715 5.495 12.343 7.190 
65 7.159 15.892 15.790 5.616 2.488 12.293 5.580 6.788 14.057 16.593 7.825 5.194 12.851 9.788 4.638 15.768 10.431 14.279 2.629 10.944 7.975 18.570 1.305 6.714 14.753 9.619 7.368 10.982 11.185 11.681 16.756 7.949 11.306 15.006 7.118 5.602 10.527 12.601 16.532 12.033 5.741 4.403 8.390 10.974 5.273 16.896 9.661 12.253 11.613 12.355 8.563 8.128 2.689 7.640 15.363 19.289 4.445 9.206 10.345 15.207 5.112 4.503 11.074 13.517 0.000 12.862 12.046 15.606 8.709 17.505 16.883 8.953 4.868 7.159 
66 6.185 4.391 7.899 13.436 13.878 4.534 9.827 15.655 5.311 8.807 11.749 7.906 11.248 17.080 15.979 4.650 5.397 2.468 13.519 19.102 9.773 11.742 13.902 14.625 6.609 17.116 12.526 7.312 17.554 9.307 5.990 7.798 5.250 9.074 5.926 9.291 9.519 2.190 10.050 10.890 7.547 10.065 5.084 7.496 10.372 7.152 9.164 5.864 19.606 6.394 16.224 6.286 15.550 15.942 12.080 11.417 15.803 3.658 13.821 3.682 14.714 10.155 3.758 1.390 12.862 0.000 0.825 3.061 14.189 6.653 8.575 5.572 11.283 6.185 
67 5.449 5.010 7.909 12.751 13.096 4.479 9.141 14.975 5.279 9.077 11.182 7.082 11.026 16.487 15.159 5.025 5.039 3.055 12.745 18.494 9.068 12.000 13.096 13.963 6.582 16.514 11.927 7.029 17.011 8.832 6.545 7.227 5.021 9.152 5.102 8.596 9.161 2.295 10.224 10.617 6.725 9.251 4.289 6.995 9.679 7.602 8.741 5.766 19.011 6.293 15.602 5.671 14.734 15.169 12.026 11.769 14.982 2.840 13.351 4.277 13.907 9.343 3.234 1.812 12.046 0.825 0.000 3.843 13.624 7.239 8.896 4.854 10.580 5.449 
68 8.602 2.017 9.527 15.445 16.372 4.924 11.914 17.615 7.254 7.361 13.295 10.829 11.490 18.632 18.948 5.486 6.606 1.548 15.978 20.693 12.805 10.192 16.564 16.512 8.426 18.706 14.185 8.039 18.883 12.014 3.663 9.512 6.061 8.332 8.880 11.434 10.357 3.184 8.885 11.343 10.517 13.075 8.132 10.278 12.477 5.138 10.260 6.128 21.135 6.584 17.917 8.253 18.289 19.002 11.659 9.536 18.768 6.529 14.927 1.701 17.742 13.172 6.663 3.444 15.606 3.061 3.843 0.000 15.670 4.141 6.948 8.620 13.414 8.602 
69 8.671 14.836 20.427 3.126 6.654 10.821 5.128 3.436 18.000 12.567 2.442 10.392 6.564 2.968 13.066 18.586 9.073 14.124 6.285 5.033 15.070 13.282 8.165 2.507 19.122 3.065 1.846 7.845 3.426 18.055 14.803 6.397 9.633 10.441 11.100 5.679 5.736 12.622 11.670 5.962 10.957 11.668 12.415 16.671 4.821 14.122 5.512 9.856 5.466 9.563 2.505 7.972 9.630 16.347 8.954 14.484 12.895 11.574 2.058 14.431 13.820 11.844 14.747 15.436 8.709 14.189 13.624 15.670 0.000 15.381 13.102 13.635 4.418 8.671 
70 10.374 2.275 13.661 15.983 17.718 5.245 12.821 17.966 11.384 4.085 13.266 13.374 9.841 18.302 21.402 9.573 7.202 4.194 17.271 20.345 16.247 6.506 18.246 16.798 12.566 18.429 14.256 7.617 18.213 15.942 0.760 10.142 6.356 5.836 11.622 12.471 9.653 5.372 5.742 9.991 13.219 15.828 11.259 14.145 13.365 1.573 9.923 5.692 20.679 5.872 17.832 9.435 20.096 22.065 9.141 5.593 21.211 9.294 14.146 2.972 20.491 15.957 10.410 7.449 17.505 6.653 7.239 4.141 15.381 0.000 3.502 12.044 14.274 10.374 
71 10.163 4.948 16.269 14.292 16.604 5.135 11.624 16.051 13.792 0.629 11.290 13.580 6.938 15.894 21.171 12.386 6.588 6.285 16.133 17.875 17.265 3.250 17.401 14.879 15.057 16.054 12.295 6.010 15.587 17.690 3.503 8.992 5.748 2.747 12.152 11.412 7.471 6.629 2.255 7.282 13.586 16.099 12.197 15.838 12.111 1.966 8.003 4.687 18.133 4.530 15.606 8.853 19.296 22.462 5.778 2.889 20.973 10.095 11.581 5.321 20.585 16.254 12.104 9.715 16.883 8.575 8.896 6.948 13.102 3.502 0.000 13.243 12.934 10.163 
72 5.221 9.850 7.060 11.720 10.736 8.217 8.516 13.835 5.106 13.294 11.387 3.871 13.372 16.094 11.013 6.954 7.594 7.895 10.524 17.887 4.214 16.102 10.205 13.082 5.894 16.044 11.789 9.516 17.011 4.894 11.326 8.007 8.102 12.816 2.535 7.957 10.978 6.767 14.138 12.737 3.263 5.102 1.327 3.180 8.890 12.231 10.241 9.167 18.497 9.613 14.992 6.535 11.477 10.443 15.060 16.124 10.858 3.260 14.090 9.109 9.476 5.131 2.319 5.495 8.953 5.572 4.854 8.620 13.635 12.044 13.243 0.000 9.558 5.221 
73 5.159 13.116 16.544 2.218 3.729 9.104 1.502 4.432 14.272 12.544 2.980 6.059 8.069 6.552 9.496 15.257 7.125 11.906 3.251 8.335 10.660 14.159 4.833 3.545 15.291 6.491 2.718 6.933 7.587 13.746 13.577 4.132 7.934 10.714 7.051 1.997 5.911 10.230 12.200 7.257 6.651 7.258 8.443 12.460 0.938 13.354 5.121 8.626 8.940 8.566 5.435 5.161 6.671 12.315 10.618 15.044 9.305 8.073 5.666 12.545 9.848 7.436 10.994 12.343 4.868 11.283 10.580 13.414 4.418 14.274 12.934 9.558 0.000 5.159 
74 0.000 8.737 11.764 7.359 7.774 5.236 3.778 9.583 9.333 9.991 6.308 3.535 8.397 11.361 11.096 10.118 3.582 7.192 7.389 13.296 8.020 12.411 8.010 8.623 10.453 11.354 6.858 4.933 12.095 10.025 9.620 2.801 4.415 8.841 2.856 3.210 5.898 5.494 10.335 7.695 3.715 6.013 3.910 8.393 4.286 9.881 5.098 5.489 13.856 5.743 10.374 1.540 9.800 12.359 10.389 12.832 10.902 2.950 8.914 8.063 10.423 6.180 6.076 7.190 7.159 6.185 5.449 8.602 8.671 10.374 10.163 5.221 5.159 0.000 ;
param d := 
1 0
2 1
3 2
4 2
5 5
6 2
7 6
8 1
9 5
10 6
11 6
12 5
13 3
14 6
15 2
16 6
17 6
18 6
19 2
20 6
21 2
22 4
23 1
24 5
25 6
26 5
27 1
28 3
29 5
30 4
31 2
32 6
33 2
34 2
35 3
36 1
37 3
38 1
39 2
40 2
41 5
42 2
43 6
44 1
45 5
46 6
47 6
48 5
49 3
50 6
51 2
52 6
53 6
54 6
55 2
56 6
57 2
58 4
59 1
60 5
61 6
62 5
63 1
64 3
65 5
66 4
67 2
68 6
69 2
70 2
71 3
72 1
73 3
74 0;
param q := 
1 0
2 1
3 2
4 2
5 5
6 2
7 6
8 1
9 5
10 6
11 6
12 5
13 3
14 6
15 2
16 6
17 6
18 6
19 2
20 6
21 2
22 4
23 1
24 5
25 6
26 5
27 1
28 3
29 5
30 4
31 2
32 6
33 2
34 2
35 3
36 1
37 3
38 -1
39 -2
40 -2
41 -5
42 -2
43 -6
44 -1
45 -5
46 -6
47 -6
48 -5
49 -3
50 -6
51 -2
52 -6
53 -6
54 -6
55 -2
56 -6
57 -2
58 -4
59 -1
60 -5
61 -6
62 -5
63 -1
64 -3
65 -5
66 -4
67 -2
68 -6
69 -2
70 -2
71 -3
72 -1
73 -3
74 0;
param e := 
1 0
2 0
3 0
4 0
5 0
6 0
7 0
8 0
9 0
10 0
11 0
12 0
13 0
14 0
15 0
16 0
17 0
18 0
19 0
20 117
21 350
22 630
23 546
24 97
25 97
26 73
27 195
28 263
29 419
30 201
31 503
32 432
33 434
34 593
35 12
36 616
37 220
38 563
39 340
40 373
41 157
42 144
43 570
44 109
45 345
46 660
47 647
48 385
49 381
50 516
51 608
52 72
53 134
54 419
55 596
56 0
57 0
58 0
59 0
60 0
61 0
62 0
63 0
64 0
65 0
66 0
67 0
68 0
69 0
70 0
71 0
72 0
73 0
74 0;
param l := 
1 720
2 1440
3 1440
4 1440
5 1440
6 1440
7 1440
8 1440
9 1440
10 1440
11 1440
12 1440
13 1440
14 1440
15 1440
16 1440
17 1440
18 1440
19 1440
20 132
21 365
22 645
23 561
24 112
25 112
26 88
27 210
28 278
29 434
30 216
31 518
32 447
33 449
34 608
35 27
36 631
37 235
38 578
39 355
40 388
41 172
42 159
43 585
44 124
45 360
46 675
47 662
48 400
49 396
50 531
51 623
52 87
53 149
54 434
55 611
56 1440
57 1440
58 1440
59 1440
60 1440
61 1440
62 1440
63 1440
64 1440
65 1440
66 1440
67 1440
68 1440
69 1440
70 1440
71 1440
72 1440
73 1440
74 720;

