param n := 60;
param m := 5;
param L := 45;
param Q := 6;
param T := 720;
param t :
    1   2   3   4   5   6   7   8   9  10  11  12  13  14  15  16  17  18  19  20  21  22  23  24  25  26  27  28  29  30  31  32  33  34  35  36  37  38  39  40  41  42  43  44  45  46  47  48  49  50  51  52  53  54  55  56  57  58  59  60  61  62  63  64  65  66  67  68  69  70  71  72  73  74  75  76  77  78  79  80  81  82  83  84  85  86  87  88  89  90  91  92  93  94  95  96  97  98  99 100 101 102 103 104 105 106 107 108 109 110 111 112 113 114 115 116 117 118 119 120 121 122 :=
1 0.000 3.662 10.604 6.720 13.999 8.709 3.933 7.594 11.412 9.349 13.137 8.282 10.745 6.945 9.526 10.283 7.789 8.868 8.065 6.861 8.473 5.168 7.840 6.003 12.494 11.092 10.978 10.766 6.739 7.446 8.245 2.082 3.693 11.886 9.836 11.489 8.095 13.622 6.300 13.184 7.444 6.457 8.646 1.160 9.403 6.823 9.125 5.872 8.909 11.519 13.142 9.752 4.394 3.079 8.530 11.310 12.143 8.727 2.659 6.163 10.011 10.737 10.781 11.219 3.886 12.050 4.458 8.118 12.291 8.220 6.000 10.543 5.321 11.387 9.322 8.886 8.371 12.515 3.527 7.107 10.675 9.609 11.919 5.461 4.870 10.483 5.730 6.089 10.134 8.386 6.574 8.797 5.175 3.930 7.529 7.514 11.241 8.974 8.647 6.305 13.391 2.504 7.518 8.340 8.786 9.712 10.418 7.698 11.082 8.653 4.606 10.448 10.138 7.125 10.105 11.080 6.387 9.792 10.304 2.731 3.219 0.000 
2 3.662 0.000 13.423 9.430 12.965 11.982 7.321 9.436 14.951 5.753 15.027 11.278 11.937 6.231 9.323 13.601 9.080 12.298 11.066 4.233 5.501 3.345 7.705 2.559 14.148 12.214 9.212 7.945 7.353 10.507 9.116 1.802 0.339 11.131 7.042 14.617 9.451 17.014 7.338 14.949 10.800 2.946 11.018 4.790 9.036 7.306 11.297 4.907 12.563 8.613 16.604 10.855 8.054 3.116 5.929 12.575 9.142 5.273 1.025 9.419 13.113 9.131 14.439 10.219 4.762 13.823 7.028 5.534 15.717 11.462 8.222 11.551 4.410 11.436 5.660 6.456 11.856 14.502 1.590 4.971 8.442 8.583 15.520 5.914 3.041 8.824 8.603 2.584 8.562 4.966 7.946 10.919 8.221 6.578 7.768 8.738 8.804 9.643 6.387 3.777 12.372 1.174 9.201 12.001 11.920 11.958 6.763 8.450 14.431 8.046 6.537 13.551 12.001 4.779 6.482 14.664 8.367 7.261 13.867 5.463 4.966 3.662 
3 10.604 13.423 0.000 3.993 24.213 12.147 10.415 15.580 11.473 17.772 4.805 13.162 6.317 17.349 9.907 12.667 16.522 11.250 13.036 13.801 18.848 12.134 17.881 14.678 5.294 6.606 21.545 16.545 8.114 12.524 7.212 12.487 13.629 22.014 15.848 14.427 6.010 14.200 15.688 5.255 11.192 15.151 2.886 9.619 10.269 8.355 3.228 11.002 8.370 17.304 13.293 6.489 8.325 13.657 14.626 6.199 18.037 18.648 12.713 11.285 1.604 21.272 8.851 21.516 14.037 4.697 6.397 18.643 13.065 12.088 5.368 6.850 10.940 20.923 18.336 19.456 10.643 4.135 12.212 13.095 15.075 19.985 10.907 15.493 15.449 21.035 12.414 15.984 20.672 18.363 6.612 15.875 5.435 6.866 8.749 6.533 15.920 18.191 14.007 16.808 23.617 12.384 5.415 7.909 2.342 16.223 19.170 7.590 12.909 10.642 7.034 13.906 4.047 13.453 19.526 10.733 5.487 15.223 10.635 11.778 13.031 10.604 
4 6.720 9.430 3.993 0.000 20.576 10.384 7.348 12.591 10.970 13.945 6.794 11.000 5.768 13.597 7.600 11.363 13.335 9.768 10.830 10.092 14.860 8.329 14.283 10.763 6.484 6.157 17.698 13.195 5.001 10.226 4.901 8.528 9.636 18.408 12.416 13.077 3.823 13.745 12.273 6.978 9.181 11.243 2.107 5.828 7.831 5.255 2.799 7.408 7.606 13.983 12.937 5.239 5.470 9.797 11.118 6.074 14.715 14.662 8.726 8.804 3.895 17.451 8.868 17.831 10.349 5.924 2.404 14.678 12.436 10.161 1.671 5.960 7.246 17.547 14.435 15.506 9.107 6.106 8.243 9.518 11.997 16.256 10.800 11.868 11.513 17.201 9.589 11.994 16.849 14.374 3.477 13.187 1.761 2.881 5.873 3.918 12.815 14.888 10.624 12.841 19.973 8.394 2.894 6.966 2.885 13.739 15.313 4.944 11.847 7.856 3.147 12.320 4.124 9.834 15.586 10.312 2.115 11.894 9.906 8.262 9.410 6.720 
5 13.999 12.965 24.213 20.576 0.000 15.439 14.062 9.852 19.062 14.657 27.135 13.878 24.569 7.071 22.288 16.589 8.489 16.497 13.814 16.461 9.070 16.234 6.334 14.130 26.476 24.887 4.254 18.972 20.148 13.848 21.859 12.706 12.629 2.220 18.329 16.148 21.948 19.336 8.682 27.180 15.274 14.060 22.594 14.759 21.994 20.142 23.111 17.864 18.935 19.297 19.577 23.521 16.132 11.006 17.787 25.171 19.454 10.931 12.980 14.235 23.271 4.077 20.440 2.796 10.228 26.044 18.440 8.218 18.666 15.029 19.999 24.273 17.375 4.249 13.421 7.356 16.600 26.509 14.539 17.492 20.352 4.443 20.155 8.725 9.947 4.402 12.708 11.683 4.540 10.797 20.400 10.711 18.882 17.911 20.677 21.299 20.370 6.714 18.570 9.421 0.608 13.347 21.466 18.773 22.079 11.333 14.157 21.225 17.290 20.987 18.554 15.420 24.134 17.163 12.442 19.313 20.376 18.946 18.534 12.438 11.191 13.999 
6 8.709 11.982 12.147 10.384 15.439 0.000 4.777 5.614 3.700 17.694 16.644 1.569 16.137 10.659 16.906 1.631 7.014 1.133 1.626 15.570 14.932 13.842 9.988 14.518 16.656 16.528 14.709 19.474 13.863 1.761 14.685 10.181 11.872 13.339 18.544 2.874 13.897 5.077 7.516 16.967 1.329 14.926 12.267 7.965 16.949 14.053 13.048 14.256 4.173 20.228 4.820 15.505 5.332 9.445 17.231 16.458 20.849 16.017 10.982 2.568 10.652 14.239 5.180 13.398 8.248 16.052 9.926 14.064 3.869 0.539 11.176 16.272 13.754 11.295 17.373 14.374 1.557 15.926 12.222 15.762 19.269 12.451 4.736 8.580 11.326 14.164 3.633 13.830 13.770 15.648 12.859 4.857 8.932 9.654 14.831 13.687 19.887 8.737 17.291 12.781 14.953 10.983 12.988 4.389 9.844 4.659 18.531 14.421 2.480 16.486 11.022 1.959 14.425 15.813 17.778 3.876 11.813 18.474 3.099 6.545 7.419 8.709 
7 3.933 7.321 10.415 7.348 14.062 4.777 0.000 5.250 7.651 13.072 14.129 4.483 12.693 7.725 12.624 6.353 6.108 4.982 4.269 10.794 11.046 9.072 7.793 9.815 13.816 13.077 12.088 14.697 9.610 3.625 10.731 5.528 7.250 11.841 13.767 7.578 10.178 9.720 5.388 14.326 3.517 10.243 9.450 3.242 12.601 9.767 10.141 9.573 5.674 15.451 9.285 11.876 2.104 5.197 12.455 13.138 16.075 11.810 6.302 2.248 9.299 11.708 7.521 11.508 4.538 13.267 6.013 10.365 8.406 4.294 7.534 12.680 9.052 10.536 12.870 10.893 4.539 13.431 7.452 10.999 14.530 10.140 8.298 5.598 7.253 11.538 2.313 9.399 11.144 11.445 8.886 5.899 5.605 5.602 10.538 9.802 15.130 7.787 12.533 8.795 13.486 6.264 9.362 5.258 8.154 6.574 14.011 10.343 7.160 12.020 6.875 6.551 11.425 11.040 13.438 7.415 8.123 13.704 6.595 2.190 3.468 3.933 
8 7.594 9.436 15.580 12.591 9.852 5.614 5.250 0.000 9.289 14.505 19.378 4.076 17.781 5.653 17.107 6.900 1.407 6.649 3.989 13.626 10.471 12.315 4.582 11.887 19.039 18.157 9.276 17.378 14.237 3.997 15.588 7.902 9.191 7.729 16.477 6.883 15.192 10.012 2.511 19.568 5.446 12.170 14.695 7.614 16.995 14.347 15.377 13.356 9.164 18.030 10.063 16.898 7.275 6.329 15.341 18.263 18.526 11.953 8.668 4.568 14.358 8.783 10.597 7.799 4.691 18.500 11.068 9.444 9.110 5.183 12.650 17.705 12.793 5.803 13.841 9.512 6.753 18.681 10.370 14.199 17.778 6.966 10.349 4.027 7.509 8.748 3.189 10.380 8.367 11.600 13.789 1.594 10.839 10.601 15.080 14.733 18.205 3.138 15.704 8.638 9.353 8.859 14.438 9.078 13.272 2.673 14.987 15.113 7.676 16.242 11.736 5.954 16.641 14.093 13.859 9.488 13.203 16.671 8.694 4.903 4.604 7.594 
9 11.412 14.951 11.473 10.970 19.062 3.700 7.651 9.289 0.000 20.704 16.256 5.213 16.614 14.314 18.279 2.524 10.694 2.844 5.307 18.126 18.422 16.293 13.686 17.403 16.549 16.991 18.405 21.966 15.322 5.440 15.757 13.170 14.894 16.993 21.049 3.730 14.770 2.790 11.203 16.670 4.387 17.846 12.459 10.452 18.411 15.546 13.243 16.383 3.365 22.748 1.971 16.196 7.250 12.738 19.696 16.799 23.412 19.374 13.927 5.814 9.870 17.937 2.738 17.085 11.715 15.931 11.317 17.606 1.597 4.189 12.191 16.887 15.942 14.871 20.521 17.970 3.130 15.562 14.910 18.134 21.472 16.151 1.158 12.203 14.719 17.859 7.179 17.036 17.465 19.005 14.058 8.373 9.965 11.205 16.297 14.743 22.167 12.389 19.611 16.221 18.592 13.859 13.833 4.008 9.451 7.937 21.662 15.646 2.054 18.140 12.539 3.912 14.594 18.255 21.058 0.745 12.814 20.856 1.146 9.726 10.790 11.412 
10 9.349 5.753 17.772 13.945 14.657 17.694 13.072 14.505 20.704 0.000 18.089 16.896 14.413 9.762 10.437 19.320 13.807 18.045 16.688 4.106 5.608 5.638 11.435 3.388 16.973 14.562 10.404 4.463 10.105 16.160 11.694 7.545 5.830 13.487 4.051 20.258 12.529 22.746 12.104 17.852 16.537 2.910 15.019 10.419 9.992 9.925 15.044 6.939 18.244 4.667 22.352 13.383 13.724 8.400 4.202 15.064 4.798 3.728 6.777 15.141 17.830 10.617 20.108 12.392 9.917 16.832 11.710 6.585 21.459 17.167 12.414 13.847 6.879 14.743 1.303 7.340 17.609 17.731 6.061 5.092 6.249 11.071 21.258 10.547 7.013 10.300 14.224 4.127 10.251 3.870 11.355 16.078 13.168 11.390 9.941 11.808 6.007 13.803 5.155 6.198 14.167 6.857 12.686 17.659 16.730 17.153 1.454 11.046 20.157 8.969 10.799 19.190 15.306 4.659 2.688 20.408 12.302 4.867 19.617 11.149 10.438 9.349 
11 13.137 15.027 4.805 6.794 27.135 16.644 14.129 19.378 16.256 18.089 0.000 17.497 3.834 20.079 8.254 17.316 20.127 15.832 17.348 13.988 20.498 12.750 20.919 15.520 1.266 3.833 23.957 15.712 8.040 16.783 6.394 14.624 15.307 25.009 15.229 19.079 5.662 18.997 19.021 0.554 15.574 15.932 4.687 12.425 8.714 8.194 4.057 11.201 13.081 16.369 18.093 4.753 12.180 16.167 14.260 3.263 17.061 19.854 14.589 15.426 6.405 23.770 13.655 24.356 16.951 1.257 8.705 20.547 17.843 16.519 7.137 4.483 11.382 24.288 18.938 21.449 15.199 0.718 13.541 13.018 13.854 22.740 15.711 18.506 17.616 23.496 16.336 17.375 23.170 19.634 7.094 19.916 8.554 9.233 8.155 6.399 14.681 21.659 13.435 18.745 26.527 14.220 5.828 12.573 6.876 20.402 19.543 7.046 17.618 9.502 8.650 18.483 3.039 13.443 20.297 15.520 6.791 14.443 15.383 15.002 16.080 13.137 
12 8.282 11.278 13.162 11.000 13.878 1.569 4.483 4.076 5.213 16.896 17.497 0.000 16.674 9.313 17.039 2.870 5.482 2.675 0.217 15.089 13.766 13.449 8.532 13.836 17.409 17.064 13.258 18.992 14.004 0.860 14.991 9.499 11.130 11.788 18.062 3.367 14.305 6.189 6.119 17.785 1.978 14.216 12.984 7.717 17.039 14.175 13.747 14.043 5.568 19.723 6.100 15.962 5.636 8.526 16.784 17.044 20.314 14.967 10.315 2.322 11.731 12.779 6.722 11.873 7.177 16.819 10.206 12.848 5.136 1.248 11.588 16.749 13.516 9.726 16.479 13.094 2.952 16.779 11.709 15.388 18.953 10.978 6.282 7.303 10.283 12.718 2.677 12.921 12.328 14.599 13.143 3.300 9.416 9.866 14.952 14.020 19.523 7.184 16.929 11.678 13.396 10.366 13.427 5.676 10.827 3.211 17.642 14.663 3.691 16.489 11.204 2.300 15.108 15.396 16.780 5.436 12.213 18.064 4.668 5.828 6.476 8.282 
13 10.745 11.937 6.317 5.768 24.569 16.137 12.693 17.781 16.614 14.413 3.834 16.674 0.000 17.512 4.423 17.128 18.302 15.535 16.494 10.343 17.277 9.291 18.563 12.060 2.613 0.391 21.094 11.880 4.617 15.871 2.850 11.866 12.245 22.532 11.413 18.844 2.651 19.403 16.973 3.497 14.911 12.439 4.194 10.301 4.881 4.711 3.443 7.650 13.258 12.535 18.563 1.086 11.053 13.584 10.484 0.658 13.227 16.448 11.672 14.416 7.589 20.964 14.307 21.773 14.630 2.647 6.714 17.455 18.123 15.895 5.159 0.660 7.916 22.131 15.332 18.387 14.875 3.700 10.375 9.322 10.023 20.127 16.322 16.205 14.752 20.671 15.003 14.101 20.374 16.258 4.184 18.590 7.258 7.181 4.499 3.270 10.853 19.657 9.635 15.713 23.961 11.298 3.343 12.644 7.415 19.246 15.867 3.531 17.597 5.679 6.159 18.080 2.276 9.755 16.727 15.925 4.581 10.617 15.589 13.039 13.910 10.745 
14 6.945 6.231 17.349 13.597 7.071 10.659 7.725 5.653 14.314 9.762 20.079 9.313 17.512 0.000 15.457 12.169 4.515 11.486 9.161 10.215 4.938 9.576 1.674 8.005 19.406 17.835 4.364 13.433 13.148 8.898 14.832 5.677 5.895 5.030 12.631 12.445 14.884 15.480 3.220 20.115 9.997 8.104 15.576 7.771 15.202 13.158 16.069 11.097 13.220 13.947 15.410 16.471 9.629 3.935 11.777 18.109 14.300 6.629 6.043 8.659 16.536 4.003 14.964 4.281 3.340 18.978 11.400 3.856 14.446 10.143 12.943 17.232 10.573 5.256 8.841 3.859 11.356 19.461 7.724 11.109 14.380 2.664 15.243 2.167 3.244 3.817 7.169 5.825 3.426 6.310 13.336 7.196 11.946 10.871 13.734 14.242 14.591 4.071 12.406 3.565 6.463 6.396 14.395 12.897 15.319 8.239 9.915 14.211 13.002 14.241 11.483 11.455 17.070 10.854 8.555 14.339 13.308 13.064 13.495 5.748 4.406 6.945 
15 9.526 9.323 9.907 7.600 22.288 16.906 12.624 17.107 18.279 10.437 8.254 17.039 4.423 15.457 0.000 18.190 17.292 16.578 16.834 6.570 14.140 6.111 16.781 8.657 7.014 4.439 18.447 7.492 3.044 16.183 2.769 9.883 9.661 20.433 7.091 19.766 3.977 20.983 15.723 7.889 15.586 8.940 7.141 9.573 0.469 2.864 6.679 4.433 14.970 8.125 20.244 3.651 11.574 11.742 6.312 5.001 8.810 12.989 9.417 14.719 10.786 18.409 16.400 19.539 13.127 7.065 7.027 14.539 19.631 16.544 6.131 3.771 4.913 20.505 11.493 15.492 15.935 8.105 7.759 5.455 5.600 17.899 18.254 14.626 12.354 18.095 14.856 10.984 17.854 12.864 4.231 18.225 8.315 7.254 2.088 3.689 6.430 18.339 5.400 12.971 21.696 9.073 4.795 14.304 10.185 19.064 11.866 2.665 18.815 1.476 5.884 18.851 6.156 5.888 12.936 17.677 5.541 6.262 17.160 12.207 12.691 9.526 
16 10.283 13.601 12.667 11.363 16.589 1.631 6.353 6.900 2.524 19.320 17.316 2.870 17.128 12.169 18.190 0.000 8.305 1.618 3.009 17.138 16.527 15.386 11.399 16.131 17.437 17.516 16.125 21.037 15.158 3.322 15.866 11.799 13.495 14.549 20.108 1.763 15.008 3.447 8.985 17.677 2.839 16.543 13.125 9.490 18.259 15.359 13.916 15.731 4.330 21.796 3.244 16.566 6.658 11.075 18.785 17.403 22.425 17.638 12.597 4.182 11.108 15.643 4.720 14.690 9.860 16.824 11.169 15.643 2.281 2.166 12.312 17.311 15.242 12.379 19.004 15.925 2.274 16.603 13.805 17.295 20.775 13.838 3.672 10.126 12.946 15.586 5.244 15.461 15.196 17.269 14.068 5.881 10.044 10.943 16.134 14.857 21.410 9.953 18.817 14.391 16.131 12.590 14.084 4.759 10.444 5.413 20.162 15.649 0.854 17.849 12.315 1.461 15.295 17.360 19.406 2.962 12.950 20.015 2.424 8.173 9.046 10.283 
17 7.789 9.080 16.522 13.335 8.489 7.014 6.108 1.407 10.694 13.807 20.127 5.482 18.302 4.515 17.292 8.305 0.000 8.037 5.392 13.312 9.430 12.155 3.263 11.416 19.713 18.669 7.906 16.952 14.523 5.370 15.972 7.719 8.803 6.343 16.073 8.234 15.676 11.386 1.749 20.285 6.785 11.652 15.441 8.013 17.144 14.611 16.089 13.339 10.467 17.567 11.459 17.374 8.199 5.980 15.007 18.814 18.022 11.021 8.426 5.798 15.370 7.407 11.951 6.392 4.356 19.194 11.630 8.365 10.508 6.574 13.235 18.178 12.775 4.542 13.048 8.343 8.114 19.442 10.186 13.980 17.513 5.587 11.750 3.276 6.803 7.385 4.319 9.690 7.011 10.681 14.220 2.743 11.574 11.138 15.316 15.168 17.882 1.796 15.447 7.759 7.977 8.666 14.973 10.341 14.248 3.745 14.174 15.457 9.077 16.330 12.175 7.332 17.308 13.832 12.945 10.885 13.754 16.338 10.086 5.265 4.602 7.789 
18 8.868 12.298 11.250 9.768 16.497 1.133 4.982 6.649 2.844 18.045 15.832 2.675 15.535 11.486 16.578 1.618 8.037 0.000 2.701 15.694 15.587 13.912 10.918 14.797 15.908 15.924 15.620 19.580 13.548 2.679 14.249 10.501 12.217 14.377 18.653 3.310 13.395 4.755 8.408 16.177 1.555 15.224 11.565 8.011 16.651 13.751 12.353 14.191 3.096 20.347 4.307 14.960 5.070 9.949 17.319 15.821 20.989 16.574 11.281 2.991 9.723 15.161 4.051 14.396 8.880 15.298 9.554 14.764 3.426 1.469 10.695 15.709 13.712 12.379 17.801 15.127 0.661 15.116 12.395 15.805 19.253 13.391 3.769 9.365 11.904 15.072 4.337 14.287 14.676 16.205 12.451 5.974 8.428 9.335 14.524 13.240 19.903 9.785 17.317 13.396 16.002 11.246 12.472 3.385 8.982 5.791 18.951 14.032 2.277 16.253 10.706 2.657 13.733 15.887 18.286 2.876 11.334 18.530 2.054 6.962 7.973 8.868 
19 8.065 11.066 13.036 10.830 13.814 1.626 4.269 3.989 5.307 16.688 17.348 0.217 16.494 9.161 16.834 3.009 5.392 2.701 0.000 14.872 13.587 13.232 8.408 13.623 17.250 16.884 13.134 18.775 13.800 0.651 14.795 9.285 10.919 11.713 17.845 3.572 14.116 6.359 5.976 17.632 1.877 14.004 12.823 7.502 16.832 13.970 13.583 13.828 5.527 19.507 6.248 15.777 5.450 8.322 16.567 16.868 20.098 14.776 10.101 2.122 11.617 12.658 6.733 11.780 6.985 16.661 10.011 12.676 5.284 1.243 11.401 16.565 13.300 9.680 16.276 12.932 2.931 16.631 11.492 15.171 18.735 10.861 6.360 7.136 10.090 12.592 2.466 12.719 12.202 14.408 12.947 3.295 9.237 9.668 14.746 13.826 19.305 7.111 16.712 11.491 13.327 10.151 13.241 5.611 10.699 3.277 17.439 14.464 3.841 16.279 11.003 2.504 14.942 15.179 16.585 5.503 12.025 17.847 4.720 5.613 6.272 8.065 
20 6.861 4.233 13.801 10.092 16.461 15.570 10.794 13.626 18.126 4.106 13.988 15.089 10.343 10.215 6.570 17.138 13.312 15.694 14.872 0.000 7.770 1.888 11.789 2.332 12.884 10.509 12.374 3.907 6.002 14.270 7.595 5.754 4.521 14.851 2.976 18.342 8.425 20.448 11.571 13.759 14.300 2.474 10.997 7.692 6.157 5.819 10.978 2.847 15.315 4.658 19.926 9.299 10.895 7.339 1.721 10.997 5.296 6.449 4.963 13.022 13.985 12.426 17.115 13.846 8.981 12.731 8.015 8.347 19.103 15.081 8.492 9.793 2.863 15.471 4.995 9.284 15.167 13.625 3.382 1.127 4.216 12.283 18.512 10.136 6.978 12.102 12.463 4.785 11.925 6.353 7.291 15.071 9.555 7.783 5.852 7.708 4.581 13.839 2.192 7.062 15.899 4.810 8.611 14.682 12.945 16.090 5.558 6.943 17.929 5.098 6.968 17.294 11.203 0.723 6.411 17.722 8.314 3.047 16.993 9.305 9.072 6.861 
21 8.473 5.501 18.848 14.860 9.070 14.932 11.046 10.471 18.422 5.608 20.498 13.766 17.277 4.938 14.140 16.527 9.430 15.587 13.587 7.770 0.000 8.092 6.485 5.504 19.581 17.527 4.825 9.908 12.660 13.205 14.429 6.430 5.253 7.901 9.294 17.049 14.879 19.941 7.963 20.399 14.036 5.296 16.511 9.610 13.773 12.575 16.798 9.798 16.711 10.228 19.752 16.191 12.474 5.882 8.877 17.927 10.403 1.930 6.134 12.609 18.420 5.012 18.566 6.800 6.707 19.281 12.459 1.118 18.798 14.395 13.714 16.840 9.427 9.357 4.421 1.733 15.322 19.987 6.957 8.878 11.376 5.572 19.220 6.527 3.804 4.694 11.301 3.188 4.646 1.738 13.404 12.050 13.523 11.982 12.918 14.153 11.336 8.928 9.730 2.257 8.568 6.467 14.682 16.256 17.205 13.113 5.316 13.750 17.380 12.716 12.035 16.015 17.482 8.493 3.748 18.316 13.868 9.957 17.472 8.856 7.657 8.473 
22 5.168 3.345 12.134 8.329 16.234 13.842 9.072 12.315 16.293 5.638 12.750 13.449 9.291 9.576 6.111 15.386 12.155 13.912 13.232 1.888 8.092 0.000 11.035 2.776 11.723 9.511 12.339 5.676 4.721 12.614 6.451 4.439 3.681 14.452 4.757 16.647 7.095 18.658 10.449 12.577 12.552 3.183 9.396 5.902 5.783 4.592 9.460 1.707 13.442 6.455 18.114 8.212 9.049 6.215 3.409 9.948 7.123 7.156 3.746 11.316 12.222 12.312 15.234 13.516 7.802 11.500 6.174 8.434 17.306 13.365 6.777 8.810 1.377 14.771 6.273 9.387 13.369 12.323 1.970 1.941 5.531 11.893 16.654 9.123 6.371 11.996 10.869 4.909 11.764 6.971 5.793 13.689 7.696 5.918 4.846 6.359 6.074 12.885 3.483 6.867 15.648 3.490 7.131 12.805 11.151 14.673 7.042 5.772 16.163 4.758 5.184 15.611 9.843 1.975 7.574 15.874 6.670 4.632 15.156 7.753 7.712 5.168 
23 7.840 7.705 17.881 14.283 6.334 9.988 7.793 4.582 13.686 11.435 20.919 8.532 18.563 1.674 16.781 11.399 3.263 10.918 8.408 11.789 6.485 11.035 0.000 9.620 20.323 18.901 4.726 15.081 14.332 8.253 15.965 6.905 7.377 4.134 14.268 11.464 15.916 14.587 2.546 20.993 9.513 9.740 16.325 8.497 16.552 14.364 16.873 12.490 12.979 15.606 14.605 17.548 9.833 5.060 13.381 19.139 15.967 8.247 7.387 8.289 16.942 4.251 14.628 3.715 3.971 19.865 12.214 5.375 13.646 9.501 13.800 18.327 11.951 3.739 10.501 5.197 10.881 20.276 9.128 12.645 15.977 2.476 14.684 2.416 4.818 4.187 6.746 7.488 3.799 7.938 14.380 6.005 12.571 11.688 14.979 15.307 16.213 2.444 13.981 5.238 5.741 7.717 15.357 12.734 15.747 6.989 11.564 15.368 12.203 15.621 12.444 10.529 17.950 12.409 10.165 13.794 14.218 14.680 12.965 6.105 4.875 7.840 
24 6.003 2.559 14.678 10.763 14.130 14.518 9.815 11.887 17.403 3.388 15.520 13.836 12.060 8.005 8.657 16.131 11.416 14.797 13.623 2.332 5.504 2.776 9.620 0.000 14.499 12.273 10.046 5.540 7.496 13.062 9.225 4.345 2.736 12.542 4.680 17.171 9.861 19.530 9.668 15.352 13.317 0.490 12.025 7.047 8.279 7.367 12.147 4.424 14.873 6.154 19.096 10.983 10.355 5.568 3.775 12.717 6.639 4.395 3.536 11.951 14.613 10.095 16.732 11.527 7.197 14.272 8.454 6.025 18.221 14.001 9.315 11.568 4.152 13.252 3.674 6.968 14.333 15.084 2.680 3.398 6.382 9.977 17.921 8.166 4.810 9.770 11.162 2.454 9.593 4.231 8.518 13.402 9.861 8.098 7.592 9.124 6.593 11.774 4.465 4.744 13.569 3.552 9.852 14.281 13.481 14.455 4.617 8.546 16.956 7.219 7.646 16.106 12.595 3.042 4.865 17.082 9.290 5.060 16.302 8.016 7.501 6.003 
25 12.494 14.148 5.294 6.484 26.476 16.656 13.816 19.039 16.549 16.973 1.266 17.409 2.613 19.406 7.014 17.437 19.713 15.908 17.250 12.884 19.581 11.723 20.323 14.499 0.000 2.580 23.183 14.489 7.003 16.662 5.299 13.864 14.439 24.379 14.025 19.193 4.703 19.320 18.527 0.885 15.528 14.898 4.428 11.867 7.477 7.137 3.687 10.133 13.292 15.137 18.433 3.593 11.951 15.475 13.087 2.014 15.824 18.861 13.772 15.264 6.839 23.017 14.026 23.686 16.354 0.618 8.141 19.681 18.119 16.492 6.536 3.248 10.348 23.770 17.857 20.596 15.262 1.417 12.629 11.888 12.611 22.056 16.083 17.922 16.828 22.735 16.072 16.432 22.420 18.654 6.206 19.671 8.211 8.659 7.033 5.429 13.435 21.189 12.245 17.898 25.867 13.399 5.024 12.743 7.098 20.216 18.428 5.968 17.795 8.292 7.924 18.540 2.405 12.317 19.233 15.824 6.107 13.229 15.621 14.518 15.531 12.494 
26 11.092 12.214 6.606 6.157 24.887 16.528 13.077 18.157 16.991 14.562 3.833 17.064 0.391 17.835 4.439 17.516 18.669 15.924 16.884 10.509 17.527 9.511 18.901 12.273 2.580 0.000 21.386 11.924 4.873 16.261 3.102 12.181 12.525 22.859 11.483 19.233 3.003 19.781 17.331 3.451 15.302 12.643 4.559 10.664 4.904 4.952 3.799 7.854 13.638 12.564 18.939 1.368 11.443 13.911 10.590 0.571 13.248 16.665 11.971 14.805 7.910 21.262 14.674 22.092 14.975 2.705 7.092 17.723 18.503 16.286 5.543 0.716 8.140 22.479 15.502 18.658 15.264 3.772 10.645 9.472 10.033 20.445 16.692 16.549 15.051 20.968 15.387 14.346 20.675 16.482 4.522 18.973 7.648 7.556 4.689 3.596 10.855 20.015 9.726 15.991 24.280 11.598 3.722 13.025 7.768 19.632 16.013 3.778 17.983 5.751 6.515 18.470 2.585 9.906 16.906 16.301 4.961 10.675 15.970 13.405 14.264 11.092 
27 10.978 9.212 21.545 17.698 4.254 14.709 12.088 9.276 18.405 10.404 23.957 13.258 21.094 4.364 18.447 16.125 7.906 15.620 13.134 12.374 4.825 12.339 4.726 10.046 23.183 21.386 0.000 14.733 16.549 12.967 18.303 9.333 8.888 3.479 14.108 16.141 18.538 19.287 7.213 23.941 14.185 9.931 19.598 11.926 18.121 16.512 20.027 14.017 17.535 15.046 19.326 20.021 13.986 7.901 13.621 21.721 15.200 6.677 9.428 12.906 20.809 0.520 19.244 2.432 7.668 22.804 15.405 4.037 18.367 14.217 16.876 20.737 13.565 5.639 9.169 3.132 15.553 23.375 10.801 13.439 16.161 2.326 19.390 6.503 6.356 0.554 11.380 7.594 0.953 6.546 16.999 10.611 16.113 14.884 16.977 17.850 16.150 6.578 14.435 5.477 3.778 9.802 18.165 17.234 19.586 11.520 9.928 17.644 16.926 17.088 15.308 15.230 20.921 13.087 8.226 18.495 17.170 14.748 17.660 10.098 8.749 10.978 
28 10.766 7.945 16.545 13.195 18.972 19.474 14.697 17.378 21.966 4.463 15.712 18.992 11.880 13.433 7.492 21.037 16.952 19.580 18.775 3.907 9.908 5.676 15.081 5.540 14.489 11.924 14.733 0.000 8.431 18.175 9.576 9.592 8.188 17.643 0.931 22.248 10.670 24.330 15.204 15.369 18.199 5.352 13.661 11.569 7.024 8.191 13.453 5.866 19.068 0.799 23.791 10.995 14.718 11.050 2.270 12.480 1.522 8.120 8.784 16.928 17.000 14.900 20.830 16.572 12.693 14.495 11.409 10.777 22.980 18.987 11.528 11.241 6.177 18.628 5.766 11.616 19.043 15.505 7.283 3.869 2.103 15.138 22.307 13.706 10.313 14.578 16.357 7.626 14.485 8.202 9.951 18.863 12.981 11.274 7.863 10.053 1.596 17.294 2.571 9.971 18.457 8.669 11.137 18.422 16.079 19.899 5.507 9.055 21.823 6.218 10.238 21.200 13.321 3.712 7.097 21.539 11.197 1.323 20.828 13.194 12.888 10.766 
29 6.739 7.353 8.114 5.001 20.148 13.863 9.610 14.237 15.322 10.105 8.040 14.004 4.617 13.148 3.044 15.158 14.523 13.548 13.800 6.002 12.660 4.721 14.332 7.496 7.003 4.873 16.549 8.431 0.000 13.150 1.771 7.472 7.669 18.176 7.744 16.724 2.424 17.999 13.028 7.857 12.543 7.898 5.230 6.639 3.105 0.254 5.069 3.173 12.050 9.193 17.280 3.531 8.532 9.277 6.563 5.268 9.926 11.864 7.174 11.683 8.635 16.443 13.561 17.361 10.512 6.787 4.016 12.852 16.641 13.501 3.372 4.200 3.347 18.000 10.907 13.788 12.909 7.641 5.776 5.122 7.045 15.709 15.354 12.060 10.243 16.143 11.865 9.485 15.861 11.663 1.553 15.290 5.396 4.216 0.978 1.710 7.879 15.689 5.899 11.129 19.545 6.804 2.715 11.380 7.814 16.098 11.554 1.098 15.794 2.888 2.844 15.808 5.202 5.522 12.258 14.741 2.893 7.109 14.193 9.338 9.955 6.739 
30 7.446 10.507 12.524 10.226 13.848 1.761 3.625 3.997 5.440 16.160 16.783 0.860 15.871 8.898 16.183 3.322 5.370 2.679 0.651 14.270 13.205 12.614 8.253 13.062 16.662 16.261 12.967 18.175 13.150 0.000 14.151 8.719 10.370 11.713 17.244 4.110 13.480 6.746 5.763 17.058 1.510 13.450 12.233 6.861 16.181 13.319 12.989 13.190 5.256 18.911 6.557 15.145 4.820 7.826 15.960 16.251 19.508 14.339 9.532 1.475 11.131 12.502 6.604 11.718 6.550 16.076 9.368 12.322 5.598 1.251 10.768 15.935 12.664 9.775 15.779 12.618 2.759 16.066 10.892 14.552 18.111 10.723 6.434 6.822 9.646 12.420 1.953 12.225 12.025 13.970 12.303 3.559 8.616 9.021 14.096 13.184 18.687 7.134 16.092 11.076 13.344 9.570 12.609 5.269 10.183 3.712 16.941 13.816 4.174 15.629 10.354 3.045 14.343 14.566 16.127 5.550 11.390 17.234 4.732 5.045 5.780 7.446 
31 8.245 9.116 7.212 4.901 21.859 14.685 10.731 15.588 15.757 11.694 6.394 14.991 2.850 14.832 2.769 15.866 15.972 14.249 14.795 7.595 14.429 6.451 15.965 9.225 5.299 3.102 18.303 9.576 1.771 14.151 0.000 9.159 9.430 19.862 8.991 17.505 1.216 18.501 14.541 6.169 13.391 9.612 4.394 7.982 3.082 1.863 3.997 4.836 12.413 10.294 17.728 1.765 9.388 10.931 7.929 3.504 11.015 13.606 8.905 12.676 8.025 18.188 13.759 19.067 12.090 5.138 4.786 14.621 17.164 14.369 3.576 2.435 5.075 19.598 12.559 15.557 13.594 6.060 7.544 6.628 7.933 17.417 15.660 13.653 11.981 17.890 13.031 11.252 17.603 13.413 1.849 16.544 5.839 5.140 1.773 1.016 8.782 17.218 7.156 12.894 21.254 8.532 2.038 11.755 7.418 17.293 13.149 0.681 16.439 3.456 3.871 16.644 3.750 7.050 13.935 15.128 2.945 8.265 14.659 10.728 11.460 8.245 
32 2.082 1.802 12.487 8.528 12.706 10.181 5.528 7.902 13.170 7.545 14.624 9.499 11.866 5.677 9.883 11.799 7.719 10.501 9.285 5.754 6.430 4.439 6.905 4.345 13.864 12.181 9.333 9.592 7.472 8.719 9.159 0.000 1.725 10.706 8.672 12.828 9.261 15.213 6.025 14.612 8.999 4.745 10.322 3.241 9.667 7.487 10.713 5.679 10.864 10.292 14.808 10.815 6.387 1.862 7.474 12.475 10.852 6.649 0.817 7.617 11.996 9.154 12.743 9.912 3.373 13.474 6.158 6.156 13.917 9.662 7.564 11.567 5.123 10.622 7.378 6.979 10.066 14.045 2.475 6.299 9.877 8.264 13.761 4.775 3.010 8.875 6.829 4.033 8.556 6.306 7.712 9.322 7.109 5.654 8.081 8.598 10.321 8.530 7.803 4.322 12.100 0.957 8.841 10.322 10.778 10.336 8.505 8.535 12.630 8.766 5.975 11.764 11.588 6.194 8.074 12.897 7.838 8.798 12.094 3.674 3.320 2.082 
33 3.693 0.339 13.629 9.636 12.629 11.872 7.250 9.191 14.894 5.830 15.307 11.130 12.245 5.895 9.661 13.495 8.803 12.217 10.919 4.521 5.253 3.681 7.377 2.736 14.439 12.525 8.888 8.188 7.669 10.370 9.430 1.725 0.000 10.792 7.291 14.478 9.746 16.917 7.058 15.235 10.707 3.089 11.258 4.839 9.374 7.626 11.553 5.245 12.566 8.842 16.524 11.164 8.069 2.862 6.205 12.882 9.356 5.124 1.036 9.314 13.286 8.802 14.443 9.881 4.506 14.107 7.233 5.243 15.629 11.348 8.462 11.865 4.747 11.105 5.660 6.158 11.788 14.776 1.920 5.286 8.735 8.244 15.485 5.616 2.702 8.496 8.453 2.439 8.231 4.805 8.235 10.687 8.388 6.772 8.096 9.036 9.080 9.335 6.686 3.469 12.035 1.279 9.479 12.013 12.087 11.733 6.782 8.765 14.330 8.384 6.784 13.411 12.277 5.083 6.414 14.622 8.624 7.535 13.819 5.334 4.765 3.693 
34 11.886 11.131 22.014 18.408 2.220 13.339 11.841 7.729 16.993 13.487 25.009 11.788 22.532 5.030 20.433 14.549 6.343 14.377 11.713 14.851 7.901 14.452 4.134 12.542 24.379 22.859 3.479 17.643 18.176 11.713 19.862 10.706 10.792 0.000 16.937 14.218 19.898 17.414 6.462 25.068 13.116 12.530 20.440 12.605 20.160 18.184 20.973 16.036 16.752 18.038 17.602 21.496 13.913 8.948 16.276 23.124 18.265 9.827 11.045 12.045 21.058 3.070 18.285 1.107 8.068 23.935 16.305 6.906 16.675 12.912 17.877 22.259 15.527 2.527 12.322 6.177 14.454 24.375 12.676 15.834 18.873 2.571 18.070 6.542 8.090 3.335 10.512 10.138 3.279 9.632 18.352 8.701 16.703 15.777 18.749 19.263 18.965 4.604 17.006 7.798 1.656 11.405 19.385 16.577 19.868 9.411 13.183 19.241 15.277 19.176 16.468 13.437 22.022 15.533 11.526 17.215 18.273 17.493 16.423 10.236 9.006 11.886 
35 9.836 7.042 15.848 12.416 18.329 18.544 13.767 16.477 21.049 4.051 15.229 18.062 11.413 12.631 7.091 20.108 16.073 18.653 17.845 2.976 9.294 4.757 14.268 4.680 14.025 11.483 14.108 0.931 7.744 17.244 8.991 8.672 7.291 16.937 0.000 21.318 10.044 23.404 14.325 14.909 17.270 4.528 12.970 10.644 6.622 7.511 12.800 5.037 18.168 1.699 22.869 10.485 13.803 10.152 1.364 12.030 2.382 7.573 7.866 15.997 16.248 14.252 19.939 15.877 11.797 13.997 10.569 10.114 22.055 18.056 10.754 10.787 5.315 17.848 5.337 10.979 18.118 14.987 6.353 2.989 2.199 14.412 21.400 12.837 9.478 13.928 15.428 6.854 13.817 7.621 9.238 17.955 12.139 10.416 7.245 9.401 2.043 16.452 1.847 9.211 17.802 7.745 10.459 17.525 15.301 18.988 5.261 8.437 20.895 5.735 9.416 20.270 12.740 2.802 6.736 20.627 10.451 0.881 19.912 12.266 11.973 9.836 
36 11.489 14.617 14.427 13.077 16.148 2.874 7.578 6.883 3.730 20.258 19.079 3.367 18.844 12.445 19.766 1.763 8.234 3.310 3.572 18.342 17.049 16.647 11.464 17.171 19.193 19.233 16.141 22.248 16.724 4.110 17.505 12.828 14.478 14.218 21.318 0.000 16.680 3.195 9.225 19.439 4.203 17.560 14.869 10.801 19.815 16.918 15.658 17.112 6.076 22.992 3.482 18.259 8.193 11.893 20.019 19.131 23.598 18.306 13.641 5.332 12.864 15.640 6.276 14.491 10.527 18.581 12.768 16.098 2.668 3.299 13.970 19.012 16.604 11.899 19.845 16.281 3.970 18.366 14.973 18.577 22.105 13.819 4.857 10.537 13.632 15.619 6.035 16.288 15.243 17.939 15.690 5.564 11.709 12.511 17.695 16.501 22.709 9.712 20.111 15.002 15.735 13.674 15.761 6.520 12.207 4.816 21.009 17.261 1.702 19.360 13.881 1.068 17.037 18.612 20.133 4.352 14.608 21.278 4.015 9.155 9.842 11.489 
37 8.095 9.451 6.010 3.823 21.948 13.897 10.178 15.192 14.770 12.529 5.662 14.305 2.651 14.884 3.977 15.008 15.676 13.395 14.116 8.425 14.879 7.095 15.916 9.861 4.703 3.003 18.538 10.670 2.424 13.480 1.216 9.261 9.746 19.898 10.044 16.680 0.000 17.533 14.329 5.525 12.627 10.278 3.179 7.666 4.297 2.613 2.811 5.595 11.411 11.404 16.740 1.706 8.670 10.952 8.922 3.227 12.131 14.193 9.112 12.010 6.811 18.391 12.689 19.153 11.980 4.421 4.165 14.985 16.210 13.611 2.724 2.513 5.734 19.480 13.320 15.904 12.736 5.231 7.926 7.530 9.093 17.510 14.622 13.554 12.184 18.103 12.491 11.734 17.798 13.976 1.549 16.055 4.971 4.599 2.807 0.737 9.941 17.013 8.198 13.211 21.341 8.738 0.937 10.762 6.227 16.751 13.977 1.616 15.547 4.635 3.512 15.854 2.778 7.937 14.658 14.123 2.092 9.351 13.690 10.411 11.262 8.095 
38 13.622 17.014 14.200 13.745 19.336 5.077 9.720 10.012 2.790 22.746 18.997 6.189 19.403 15.480 20.983 3.447 11.386 4.755 6.359 20.448 19.941 18.658 14.587 19.530 19.320 19.781 19.287 24.330 17.999 6.746 18.501 15.213 16.917 17.414 23.404 3.195 17.533 0.000 12.268 19.422 6.214 19.950 15.249 12.760 21.099 18.217 16.033 18.881 6.148 25.099 0.931 18.976 9.714 14.522 22.067 19.589 25.743 21.080 16.004 7.606 12.597 18.792 5.361 17.679 13.295 18.702 13.984 19.035 1.367 5.613 14.928 19.672 18.415 15.087 22.447 19.280 5.291 18.309 17.149 20.542 23.959 16.972 3.340 13.491 16.387 18.760 8.684 18.907 18.379 20.711 16.777 8.749 12.683 13.835 18.977 17.485 24.625 12.900 22.046 17.822 18.928 15.982 16.596 6.779 12.225 8.010 23.604 18.367 2.597 20.785 15.189 4.058 17.383 20.632 22.852 3.499 15.556 23.268 3.844 11.608 12.492 13.622 
39 6.300 7.338 15.688 12.273 8.682 7.516 5.388 2.511 11.203 12.104 19.021 6.119 16.973 3.220 15.723 8.985 1.749 8.408 5.976 11.571 7.963 10.449 2.546 9.668 18.527 17.331 7.213 15.204 13.028 5.763 14.541 6.025 7.058 6.462 14.325 9.225 14.329 12.268 0.000 19.143 6.979 9.907 14.360 6.685 15.554 13.100 14.965 11.680 10.436 15.820 12.219 16.011 7.475 4.250 13.262 17.511 16.278 9.448 6.709 5.743 14.655 6.759 12.082 6.208 2.652 18.032 10.391 6.946 11.255 7.015 12.000 16.809 11.119 5.274 11.386 7.063 8.347 18.353 8.479 12.255 15.776 5.017 12.177 1.558 5.091 6.664 4.200 7.980 6.268 9.097 12.836 4.101 10.523 9.879 13.784 13.783 16.138 2.684 13.713 6.142 8.113 6.962 13.676 10.201 13.485 5.175 12.524 13.998 9.809 14.711 10.817 8.236 16.127 12.099 11.359 11.281 12.481 14.593 10.447 4.019 3.082 6.300 
40 13.184 14.949 5.255 6.978 27.180 16.967 14.326 19.568 16.670 17.852 0.554 17.785 3.497 20.115 7.889 17.677 20.285 16.177 17.632 13.759 20.399 12.577 20.993 15.352 0.885 3.451 23.941 15.369 7.857 17.058 6.169 14.612 15.235 25.068 14.909 19.439 5.525 19.422 19.143 0.000 15.876 15.755 4.879 12.512 8.354 7.998 4.196 10.999 13.468 16.014 18.522 4.475 12.409 16.192 13.972 2.889 16.699 19.707 14.546 15.685 6.847 23.765 14.090 24.395 17.023 1.139 8.783 20.479 18.253 16.828 7.193 4.128 11.204 24.400 18.728 21.388 15.539 1.121 13.443 12.769 13.483 22.771 16.148 18.585 17.591 23.487 16.554 17.259 23.167 19.495 7.003 20.145 8.730 9.308 7.910 6.258 14.305 21.793 13.130 18.687 26.572 14.175 5.779 12.946 7.255 20.654 19.306 6.834 17.997 9.175 8.649 18.823 3.046 13.197 20.100 15.937 6.807 14.111 15.780 15.125 16.175 13.184 
41 7.444 10.800 11.192 9.181 15.274 1.329 3.517 5.446 4.387 16.537 15.574 1.978 14.911 9.997 15.586 2.839 6.785 1.555 1.877 14.300 14.036 12.552 9.513 13.317 15.528 15.302 14.185 18.199 12.543 1.510 13.391 8.999 10.707 13.116 17.270 4.203 12.627 6.214 6.979 15.876 0.000 13.736 11.115 6.662 15.625 12.731 11.888 12.936 3.749 18.958 5.834 14.251 4.018 8.398 15.949 15.251 19.586 15.020 9.789 1.436 9.754 13.737 5.169 13.067 7.329 14.931 8.621 13.221 4.924 0.985 9.903 15.025 12.437 11.245 16.269 13.598 1.368 14.856 10.968 14.466 17.960 11.989 5.251 7.858 10.349 13.634 2.828 12.747 13.236 14.651 11.559 5.067 7.675 8.338 13.509 12.398 18.585 8.570 15.991 11.841 14.758 9.770 11.726 3.764 8.861 5.149 17.421 13.115 3.643 15.158 9.704 3.266 13.259 14.525 16.738 4.345 10.538 17.182 3.499 5.423 6.418 7.444 
42 6.457 2.946 15.151 11.243 14.060 14.926 10.243 12.170 17.846 2.910 15.932 14.216 12.439 8.104 8.940 16.543 11.652 15.224 14.004 2.474 5.296 3.183 9.740 0.490 14.898 12.643 9.931 5.352 7.898 13.450 9.612 4.745 3.089 12.530 4.528 17.560 10.278 19.950 9.907 15.755 13.736 0.000 12.487 7.514 8.549 7.761 12.597 4.789 15.340 5.924 19.527 11.366 10.821 5.874 3.747 13.096 6.371 4.057 3.947 12.362 15.098 10.005 17.202 11.498 7.486 14.682 8.940 5.895 18.647 14.407 9.786 11.935 4.552 13.332 3.191 6.825 14.768 15.506 3.168 3.585 6.347 9.976 18.376 8.387 4.961 9.679 11.540 2.392 9.520 3.923 8.955 13.699 10.351 8.586 7.956 9.541 6.496 11.943 4.510 4.740 13.508 3.987 10.292 14.752 13.967 14.758 4.128 8.936 17.371 7.487 8.121 16.494 13.022 3.197 4.410 17.533 9.751 4.985 16.749 8.408 7.842 6.457 
43 8.646 11.018 2.886 2.107 22.594 12.267 9.450 14.695 12.459 15.019 4.687 12.984 4.194 15.576 7.141 13.125 15.441 11.565 12.823 10.997 16.511 9.396 16.325 12.025 4.428 4.559 19.598 13.661 5.230 12.233 4.394 10.322 11.258 20.440 12.970 14.869 3.179 15.249 14.360 4.879 11.115 12.487 0.000 7.836 7.475 5.470 0.791 8.172 9.121 14.419 14.396 4.001 7.536 11.719 11.760 4.340 15.151 16.141 10.420 10.837 3.656 19.373 10.115 19.833 12.372 3.849 4.194 16.418 13.988 12.085 2.797 4.561 8.150 19.632 15.650 17.279 10.911 4.001 9.684 10.249 12.197 18.240 12.135 13.909 13.331 19.114 11.676 13.523 18.771 15.877 3.745 15.269 3.867 4.718 5.871 3.656 13.042 16.985 11.127 14.586 21.988 10.068 2.530 8.526 3.251 15.794 16.436 4.724 13.539 7.784 4.485 14.173 2.169 10.618 16.890 11.760 2.736 12.338 11.459 10.343 11.462 8.646 
44 1.160 4.790 9.619 5.828 14.759 7.965 3.242 7.614 10.452 10.419 12.425 7.717 10.301 7.771 9.573 9.490 8.013 8.011 7.502 7.692 9.610 5.902 8.497 7.047 11.867 10.664 11.926 11.569 6.639 6.861 7.982 3.241 4.839 12.605 10.644 10.801 7.666 12.760 6.685 12.512 6.662 7.514 7.836 0.000 9.506 6.762 8.376 6.331 7.827 12.339 12.235 9.361 3.308 4.049 9.308 10.830 12.987 9.887 3.802 5.483 8.946 11.656 9.690 12.005 4.536 11.389 3.729 9.219 11.412 7.504 5.331 10.166 5.811 11.905 10.441 9.961 7.476 11.779 4.469 7.806 11.306 10.428 10.902 6.082 5.954 11.417 5.324 7.246 11.056 9.546 6.208 8.657 4.189 3.208 7.512 7.157 11.924 9.365 9.329 7.421 14.154 3.620 6.992 7.241 7.718 9.492 11.525 7.499 10.262 8.857 4.162 9.785 9.477 7.876 11.252 10.082 5.797 10.526 9.328 2.751 3.664 1.160 
45 9.403 9.036 10.269 7.831 21.994 16.949 12.601 16.995 18.411 9.992 8.714 17.039 4.881 15.202 0.469 18.259 17.144 16.651 16.832 6.157 13.773 5.783 16.552 8.279 7.477 4.904 18.121 7.024 3.105 16.181 3.082 9.667 9.374 20.160 6.622 19.815 4.297 21.099 15.554 8.354 15.625 8.549 7.475 9.506 0.000 2.900 7.042 4.131 15.120 7.661 20.373 4.084 11.622 11.529 5.855 5.465 8.348 12.590 9.173 14.723 11.106 18.094 16.583 19.255 12.943 7.520 7.119 14.193 19.743 16.576 6.316 4.232 4.633 20.282 11.059 15.146 16.013 8.556 7.486 5.037 5.143 17.618 18.415 14.426 12.073 17.778 14.811 10.629 17.543 12.472 4.408 18.143 8.459 7.316 2.127 3.948 5.976 18.154 4.938 12.650 21.404 8.835 5.077 14.452 10.469 18.998 11.417 2.888 18.898 1.062 5.945 18.887 6.569 5.467 12.505 17.821 5.745 5.792 17.287 12.104 12.542 9.403 
46 6.823 7.306 8.355 5.255 20.142 14.053 9.767 14.347 15.546 9.925 8.194 14.175 4.711 13.158 2.864 15.359 14.611 13.751 13.970 5.819 12.575 4.592 14.364 7.367 7.137 4.952 16.512 8.191 0.254 13.319 1.863 7.487 7.626 18.184 7.511 16.918 2.613 18.217 13.100 7.998 12.731 7.761 5.470 6.762 2.900 0.000 5.294 3.008 12.280 8.950 17.502 3.627 8.725 9.305 6.341 5.366 9.683 11.745 7.163 11.855 8.886 16.413 13.800 17.358 10.567 6.938 4.233 12.787 16.858 13.686 3.623 4.267 3.215 18.043 10.745 13.727 13.114 7.810 5.723 4.919 6.793 15.707 15.586 12.109 10.223 16.112 12.011 9.394 15.834 11.550 1.807 15.418 5.631 4.416 0.778 1.915 7.627 15.755 5.665 11.078 19.540 6.795 2.949 11.611 8.068 16.236 11.376 1.182 16.001 2.643 3.046 15.995 5.388 5.324 12.105 14.969 3.147 6.868 14.416 9.445 10.032 6.823 
47 9.125 11.297 3.228 2.799 23.111 13.048 10.141 15.377 13.243 15.044 4.057 13.747 3.443 16.069 6.679 13.916 16.089 12.353 13.583 10.978 16.798 9.460 16.873 12.147 3.687 3.799 20.027 13.453 5.069 12.989 3.997 10.713 11.553 20.973 12.800 15.658 2.811 16.033 14.965 4.196 11.888 12.597 0.791 8.376 7.042 5.294 0.000 8.134 9.909 14.197 15.178 3.353 8.264 12.180 11.633 3.558 14.925 16.342 10.756 11.583 4.242 19.818 10.882 20.339 12.908 3.126 4.672 16.754 14.776 12.860 3.151 3.850 8.166 20.231 15.732 17.631 11.699 3.403 9.904 10.169 11.903 18.733 12.908 14.458 13.721 19.552 12.388 13.759 19.216 16.090 3.689 15.986 4.538 5.200 5.600 3.401 12.752 17.606 10.952 14.929 22.504 10.396 2.371 9.316 3.973 16.530 16.475 4.418 14.330 7.444 4.776 14.958 1.380 10.555 17.008 12.543 2.931 12.132 12.248 10.946 12.026 9.125 
48 5.872 4.907 11.002 7.408 17.864 14.256 9.573 13.356 16.383 6.939 11.201 14.043 7.650 11.097 4.433 15.731 13.339 14.191 13.828 2.847 9.798 1.707 12.490 4.424 10.133 7.854 14.017 5.866 3.173 13.190 4.836 5.679 5.245 16.036 5.037 17.112 5.595 18.881 11.680 10.999 12.936 4.789 8.172 6.331 4.131 3.008 8.134 0.000 13.345 6.664 18.270 6.581 9.168 7.529 3.715 8.308 7.386 8.819 5.107 11.810 11.274 13.976 15.057 15.125 9.033 9.946 5.544 10.134 17.516 13.813 5.763 7.146 0.564 16.229 7.737 11.087 13.606 10.813 3.373 2.112 5.089 13.490 16.628 10.451 7.946 13.662 11.575 6.616 13.421 8.648 4.449 14.640 7.116 5.426 3.168 4.871 5.800 14.210 3.328 8.540 17.273 4.790 5.765 12.686 10.289 15.576 8.385 4.166 16.466 3.144 4.378 16.107 8.371 2.452 9.101 15.901 5.524 4.614 15.237 8.589 8.780 5.872 
