param n := 72;
param m := 6;
param L := 45;
param Q := 6;
param T := 720;
param t :
    1   2   3   4   5   6   7   8   9  10  11  12  13  14  15  16  17  18  19  20  21  22  23  24  25  26  27  28  29  30  31  32  33  34  35  36  37  38  39  40  41  42  43  44  45  46  47  48  49  50  51  52  53  54  55  56  57  58  59  60  61  62  63  64  65  66  67  68  69  70  71  72  73  74  75  76  77  78  79  80  81  82  83  84  85  86  87  88  89  90  91  92  93  94  95  96  97  98  99 100 101 102 103 104 105 106 107 108 109 110 111 112 113 114 115 116 117 118 119 120 121 122 123 124 125 126 127 128 129 130 131 132 133 134 135 136 137 138 139 140 141 142 143 144 145 146 :=
1 0.000 10.902 6.785 7.730 6.684 1.848 9.865 7.825 9.600 6.935 9.713 9.723 12.875 5.345 2.199 6.189 3.798 7.892 8.275 7.008 12.524 9.746 5.981 7.717 6.365 9.305 6.305 9.369 7.582 9.880 9.180 8.161 4.794 7.983 10.140 5.074 2.857 12.873 3.355 5.695 9.403 5.014 8.032 1.464 8.710 5.279 13.647 7.713 13.063 11.792 8.226 1.308 8.176 10.098 9.638 12.283 6.969 0.980 9.904 8.242 4.082 8.595 9.448 12.840 0.826 1.769 9.277 5.295 3.535 7.211 8.936 9.686 10.192 1.915 8.943 6.429 4.947 4.051 12.077 6.766 9.393 5.400 2.513 5.652 8.287 10.195 3.998 5.036 6.785 6.394 13.144 6.290 6.117 9.446 11.580 5.347 10.639 2.023 6.664 10.901 8.060 12.056 5.546 9.077 7.629 8.742 12.889 4.196 6.805 10.332 3.128 11.226 8.206 9.477 5.776 11.624 7.469 4.477 3.520 10.971 7.920 10.699 8.250 0.664 5.998 6.109 12.028 6.566 9.320 11.996 9.533 5.032 6.509 9.815 5.007 4.392 4.722 12.688 5.428 8.877 9.179 7.328 10.966 8.387 6.462 0.000 
2 10.902 0.000 10.549 4.652 4.220 12.359 20.724 10.404 20.318 12.016 20.511 12.385 18.092 8.699 11.817 15.675 8.905 9.892 18.910 5.985 17.738 9.346 13.237 13.633 11.374 17.875 13.352 13.162 8.529 13.675 16.289 14.094 14.827 11.565 18.483 10.332 12.134 16.544 14.203 15.956 8.924 6.881 18.932 9.978 19.547 13.285 16.918 14.380 16.785 1.068 12.990 12.086 16.895 14.514 3.957 1.551 6.411 11.046 16.879 4.483 13.354 17.299 20.231 16.704 10.897 10.211 5.822 9.116 12.321 17.145 16.478 14.380 21.082 12.777 12.313 4.788 12.161 14.278 16.640 13.601 13.040 7.970 8.594 16.130 5.479 1.405 7.358 13.644 15.208 5.726 24.043 16.901 16.625 4.992 22.265 16.148 15.026 10.085 17.522 15.039 16.232 16.834 12.187 19.109 15.617 19.599 17.950 8.414 16.225 21.214 8.002 15.771 19.104 20.134 14.736 16.349 18.167 6.809 8.076 14.828 6.876 13.048 6.544 11.548 12.372 14.600 17.919 8.584 18.489 22.878 7.810 10.919 15.313 9.574 9.048 6.759 15.530 16.055 5.639 12.963 9.646 16.045 21.770 14.861 16.191 10.902 
3 6.785 10.549 0.000 5.896 7.524 8.462 14.403 1.139 12.309 13.258 14.552 3.016 7.778 2.269 5.315 12.782 9.204 13.300 13.695 10.481 7.409 3.666 12.695 3.124 1.089 15.990 3.363 15.595 12.445 3.636 15.959 14.783 11.268 13.988 8.256 1.716 4.958 19.287 8.051 11.905 3.549 8.890 12.140 5.443 12.092 12.047 20.007 14.425 19.496 10.927 2.484 7.804 7.048 4.258 11.771 12.087 4.138 5.930 6.369 6.117 5.205 15.276 14.366 19.293 7.549 5.030 5.557 10.747 4.477 8.311 15.721 4.009 13.838 8.009 2.371 6.317 11.578 6.756 18.634 13.459 3.012 10.184 5.443 8.351 5.275 10.724 4.968 4.690 5.510 4.986 16.974 9.198 12.007 6.270 16.586 9.183 4.828 8.232 11.623 17.320 6.173 18.649 2.531 10.053 5.564 12.250 7.680 9.263 7.063 13.864 5.344 17.745 12.566 11.980 12.515 6.111 10.424 7.954 8.139 4.871 11.893 16.630 12.003 6.907 12.548 12.886 7.435 1.965 15.847 16.169 4.376 11.301 13.245 14.693 2.238 5.477 8.760 19.026 6.096 2.684 14.228 6.353 13.901 15.099 7.351 6.785 
4 7.730 4.652 5.896 0.000 2.767 9.493 17.466 5.794 16.457 11.471 17.380 7.883 13.492 4.150 7.966 13.522 7.401 10.293 16.003 6.437 13.134 5.205 11.934 8.989 6.742 16.280 8.795 13.325 9.062 9.098 15.306 13.450 12.338 11.594 13.921 5.801 8.127 17.052 10.699 13.350 4.738 5.856 15.449 6.453 15.854 11.663 17.614 13.448 17.287 5.079 8.341 9.034 12.422 9.909 6.534 6.191 1.758 7.529 12.238 0.518 9.194 15.615 17.127 17.142 8.035 6.507 2.233 8.399 8.159 12.953 15.310 9.754 17.502 9.627 7.725 1.761 10.728 10.349 16.782 12.519 8.455 7.370 5.218 12.218 1.244 4.949 3.733 9.306 10.746 1.387 20.586 13.043 13.837 1.924 19.290 12.494 10.436 7.734 14.302 15.242 11.699 16.897 7.652 14.890 11.079 15.944 13.361 7.104 11.919 17.599 4.608 15.860 15.717 16.221 12.801 11.759 14.339 5.171 6.218 10.283 7.865 13.806 7.778 8.284 11.329 12.877 13.280 3.931 16.598 19.530 3.861 9.809 13.487 10.940 4.544 3.398 11.908 16.656 2.630 8.341 10.701 11.599 17.986 14.055 11.972 7.730 
5 6.684 4.220 7.524 2.767 0.000 8.186 16.523 7.776 16.126 8.960 16.328 10.030 15.301 5.333 7.674 11.755 5.155 7.567 14.767 3.670 14.932 7.783 9.708 10.357 8.098 14.237 9.760 10.667 6.310 11.059 12.992 10.998 10.775 8.943 14.810 6.803 8.044 14.362 9.985 11.877 7.308 3.321 14.713 5.785 15.333 9.581 14.900 11.095 14.599 5.119 9.992 7.883 13.090 11.766 4.248 5.641 3.879 6.841 13.512 3.133 9.321 13.611 16.052 14.463 6.710 6.053 4.993 5.871 8.310 13.087 13.069 11.532 16.863 8.567 9.695 1.268 8.539 10.131 14.155 10.210 10.411 4.773 4.400 11.965 3.999 3.671 3.301 9.738 11.411 2.687 19.827 12.719 12.500 4.557 18.117 11.936 12.327 6.008 13.319 12.593 12.533 14.288 8.584 15.051 11.936 15.383 15.203 4.754 12.252 16.995 3.829 13.238 14.889 15.953 10.900 13.626 13.975 2.877 4.117 12.289 5.104 11.068 5.037 7.329 8.986 10.863 14.911 5.714 14.709 18.670 6.563 7.461 11.535 8.177 5.559 2.657 11.317 13.950 1.589 10.178 7.935 12.215 17.563 11.663 12.157 6.684 
6 1.848 12.359 8.462 9.493 8.186 0.000 8.386 9.540 8.709 6.151 8.152 11.322 13.945 7.167 3.349 4.368 4.219 7.726 6.591 7.808 13.610 11.556 4.719 8.980 7.924 7.535 7.464 8.552 7.739 11.334 7.656 6.975 2.946 7.408 10.557 6.748 3.939 11.808 2.671 3.868 11.224 5.940 6.781 3.306 7.659 3.892 12.615 6.394 11.979 13.299 9.652 0.664 8.593 11.448 10.634 13.666 8.806 2.539 10.748 10.008 4.821 6.822 7.872 11.741 1.485 3.551 11.108 5.382 4.639 7.103 7.341 11.018 8.970 0.922 10.508 8.094 3.919 4.147 10.888 5.512 10.896 5.858 4.294 5.255 10.105 11.526 5.780 5.886 7.456 8.184 11.770 5.687 4.359 11.250 9.934 4.527 11.963 2.438 5.201 9.869 8.690 10.828 6.908 8.780 8.363 7.648 13.987 4.731 7.034 9.139 4.890 10.091 6.857 8.661 4.060 12.840 6.683 5.646 4.465 12.357 8.446 10.054 8.833 1.557 5.012 4.481 13.003 8.387 7.490 10.558 11.378 4.482 4.787 9.810 6.812 6.110 3.949 11.690 7.080 10.355 9.125 7.825 9.925 7.052 6.556 1.848 
7 9.865 20.724 14.403 17.466 16.523 8.386 0.000 15.522 3.846 12.180 0.730 16.409 16.028 14.175 9.647 6.660 12.365 14.728 2.465 16.004 15.827 18.044 9.984 13.025 13.433 7.880 11.626 13.847 15.259 15.687 10.185 11.469 6.498 13.620 10.678 13.002 9.704 15.501 6.784 5.389 17.856 14.258 2.291 11.020 2.933 9.252 16.312 10.586 15.554 21.641 14.199 8.640 9.579 15.293 18.906 22.050 16.402 9.938 12.576 17.962 9.198 7.597 0.950 15.296 9.830 10.969 18.692 13.094 10.003 7.081 9.533 14.862 1.968 7.960 15.544 16.283 10.257 7.656 14.204 10.387 15.560 13.885 12.325 6.137 17.822 19.912 13.768 9.838 9.954 16.088 3.470 5.350 4.497 19.022 2.345 5.232 15.588 10.770 3.204 14.106 10.437 13.967 11.961 6.742 10.639 2.693 16.195 12.903 8.276 2.208 12.947 13.840 1.838 4.234 7.739 15.805 4.389 14.028 12.823 16.207 16.371 15.569 16.799 9.248 10.942 8.340 14.831 15.255 6.673 2.185 18.398 11.518 7.736 16.861 13.729 14.230 5.717 15.689 15.289 14.996 16.155 9.513 3.464 10.880 7.698 9.865 
8 7.825 10.404 1.139 5.794 7.776 9.540 15.522 0.000 13.350 14.137 15.680 2.293 7.699 2.885 6.438 13.878 10.011 14.013 14.834 10.970 7.341 2.612 13.677 3.687 2.112 17.074 4.284 16.435 13.087 3.318 16.975 15.727 12.372 14.798 8.909 2.803 6.094 20.156 9.189 13.028 2.572 9.510 13.254 6.442 13.175 13.057 20.858 15.402 20.369 10.675 2.708 8.886 7.876 4.116 12.003 11.914 4.079 7.002 6.813 5.921 6.327 16.360 15.496 20.172 8.567 6.058 5.029 11.517 5.615 9.315 16.755 3.979 14.922 9.116 1.941 6.523 12.540 7.883 19.545 14.432 2.670 10.874 6.286 9.449 4.966 10.727 5.598 5.762 6.424 5.121 18.051 10.292 13.141 5.812 17.715 10.308 4.644 9.169 12.759 18.197 6.949 19.572 3.596 10.997 6.361 13.338 7.567 10.023 8.044 14.941 6.102 18.648 13.686 13.012 13.581 5.966 11.502 8.577 8.897 4.530 12.411 17.403 12.484 7.983 13.483 13.934 7.532 2.070 16.955 17.268 3.554 12.189 14.313 15.297 3.011 6.027 9.892 19.876 6.477 2.560 14.867 7.243 14.941 16.074 8.372 7.825 
9 9.600 20.318 12.309 16.457 16.126 8.709 3.846 13.350 0.000 13.941 4.496 13.789 12.524 12.656 8.537 8.891 12.925 16.134 5.479 16.473 12.361 15.957 11.854 10.301 11.246 11.003 9.133 15.980 16.361 12.842 12.963 13.748 8.071 15.374 7.055 11.213 8.330 18.237 6.255 7.277 15.857 14.536 2.638 10.343 1.309 10.987 19.072 12.892 18.327 21.120 11.543 8.670 6.308 12.303 19.214 21.767 15.107 9.289 9.201 16.909 7.365 10.563 4.578 18.066 9.885 10.115 17.268 14.029 8.361 4.097 12.344 11.902 2.090 7.959 12.963 15.601 11.743 6.109 17.003 12.440 12.837 14.567 11.728 4.239 16.549 19.737 12.998 7.629 7.137 15.078 4.858 3.426 6.413 17.745 6.026 4.259 12.510 11.104 4.408 16.619 7.273 16.806 9.777 3.079 7.618 1.485 12.711 13.431 5.402 1.959 12.315 16.495 3.066 0.425 9.776 12.524 2.151 14.072 13.028 13.163 17.154 17.682 17.541 8.936 12.655 10.451 11.322 13.561 9.933 4.460 16.595 12.791 10.035 18.281 12.204 13.569 4.882 18.338 14.686 12.306 17.576 6.493 1.592 13.330 4.988 9.600 
10 6.935 12.016 13.258 11.471 8.960 6.151 12.180 14.137 13.941 0.000 11.641 16.274 19.811 11.297 9.105 5.546 4.230 2.785 9.757 6.033 19.459 15.442 2.197 14.632 13.076 6.323 13.240 2.436 3.835 16.648 4.314 2.081 5.894 1.448 16.708 11.646 9.760 6.030 8.690 6.858 15.011 5.649 11.495 7.942 12.696 2.975 6.764 2.456 6.238 13.084 15.045 6.649 14.743 16.954 8.650 12.780 11.738 7.914 16.780 11.935 10.859 5.926 11.340 6.037 6.114 8.432 13.634 3.090 10.454 13.164 4.603 16.558 13.497 7.067 15.576 9.711 2.285 10.297 5.445 1.975 16.110 4.202 7.851 11.231 12.550 10.724 8.786 11.886 13.550 10.639 15.587 11.487 7.775 13.386 12.714 10.230 17.509 5.085 9.639 4.062 14.804 5.510 12.443 14.691 14.439 12.598 19.823 4.404 13.181 13.722 8.095 4.532 11.308 14.014 4.445 18.539 12.217 6.308 5.440 17.793 5.458 3.912 5.894 7.211 1.285 3.886 18.953 12.399 7.280 14.247 14.703 1.961 4.580 4.773 11.126 8.620 9.760 5.790 8.920 15.634 4.093 13.964 14.794 2.855 12.686 6.935 
11 9.713 20.511 14.552 17.380 16.328 8.152 0.730 15.680 4.496 11.641 0.000 16.657 16.500 14.210 9.659 6.100 12.029 14.231 1.885 15.657 16.289 18.170 9.444 13.317 13.608 7.173 11.880 13.243 14.809 15.990 9.509 10.855 6.069 13.074 11.205 13.101 9.765 14.818 6.762 4.931 17.965 13.956 2.617 10.928 3.484 8.742 15.625 9.974 14.867 21.446 14.468 8.456 10.021 15.632 18.573 21.810 16.377 9.857 13.024 17.882 9.356 6.910 0.304 14.609 9.619 10.911 18.681 12.686 10.110 7.502 8.856 15.195 2.689 7.799 15.788 16.143 9.779 7.796 13.517 9.814 15.837 13.515 12.201 6.395 17.785 19.660 13.662 10.058 10.294 16.010 3.946 5.653 4.072 18.980 2.037 5.374 15.947 10.493 3.082 13.451 10.847 13.276 12.149 7.308 11.015 3.242 16.660 12.567 8.652 2.932 12.823 13.169 2.080 4.869 7.197 16.215 4.809 13.770 12.546 16.555 15.968 14.963 16.401 9.116 10.419 7.776 15.308 15.317 5.957 2.611 18.464 11.064 7.148 16.352 13.769 14.100 5.803 15.015 15.140 15.267 15.650 9.902 4.191 10.245 8.053 9.713 
12 9.723 12.385 3.016 7.883 10.030 11.322 16.409 2.293 13.789 16.274 16.657 0.000 5.809 5.141 8.045 15.566 12.209 16.266 16.033 13.263 5.480 3.396 15.673 3.490 3.402 18.800 4.783 18.608 15.364 1.475 18.901 17.783 14.025 16.995 8.292 4.669 7.576 22.303 10.542 14.559 3.672 11.790 14.118 8.428 13.829 15.001 23.022 17.406 22.511 12.542 2.247 10.658 7.758 2.410 14.233 13.852 6.243 8.825 5.869 7.934 7.433 18.088 16.507 22.308 10.508 7.993 6.711 13.740 6.974 9.694 18.637 2.508 15.554 10.781 0.873 8.768 14.572 8.981 21.644 16.444 1.056 13.134 8.453 10.274 6.908 12.830 7.869 6.609 6.652 7.353 18.616 11.065 14.555 7.547 18.687 11.328 2.791 11.239 13.901 20.335 6.754 21.656 4.645 11.109 6.270 14.019 5.639 12.250 8.389 15.537 8.324 20.757 14.601 13.412 15.381 4.064 12.163 10.855 11.124 2.463 14.704 19.627 14.776 9.780 15.553 15.787 5.906 4.354 18.569 17.972 4.865 14.316 16.104 17.583 5.206 8.315 11.009 22.041 8.764 1.499 17.146 7.340 15.352 18.081 8.853 9.723 
13 12.875 18.092 7.778 13.492 15.301 13.945 16.028 7.699 12.524 19.811 16.500 5.809 0.000 10.001 10.722 17.522 16.224 20.464 16.534 18.115 0.372 9.174 18.659 5.270 7.315 20.681 6.571 22.244 19.805 4.426 21.469 20.908 15.998 20.816 5.499 8.773 10.076 25.707 12.115 16.126 9.477 16.369 13.909 12.007 13.111 17.835 26.495 20.338 25.887 18.311 5.320 13.334 6.500 3.583 19.548 19.589 11.767 11.897 3.521 13.611 9.147 20.011 16.450 25.656 13.697 11.494 12.509 17.821 9.373 9.029 21.059 3.772 14.589 13.141 5.780 14.091 17.754 10.243 24.829 19.453 5.053 17.488 12.604 10.575 12.625 18.418 12.559 8.072 6.750 12.735 17.221 11.078 15.788 13.340 18.362 11.920 3.068 14.792 14.455 23.744 5.795 24.773 7.455 9.447 5.845 13.346 0.255 16.418 8.032 14.480 12.713 24.016 14.472 12.099 17.703 1.751 11.698 15.452 15.353 3.363 19.477 23.532 19.632 12.639 18.833 18.259 1.203 9.653 20.107 16.983 10.672 17.896 18.353 22.097 9.856 13.135 11.900 25.546 13.853 5.160 21.562 6.799 13.837 20.992 8.676 12.875 
14 5.345 8.699 2.269 4.150 5.333 7.167 14.175 2.885 12.656 11.297 14.210 5.141 10.001 0.000 4.556 11.530 7.140 11.131 13.096 8.212 9.630 4.404 10.969 5.042 2.770 14.643 4.658 13.570 10.226 5.902 14.322 12.950 10.098 11.921 9.789 1.651 4.480 17.303 7.463 10.900 4.058 6.656 12.006 3.887 12.208 10.411 17.996 12.676 17.518 9.216 4.681 6.551 8.273 6.519 9.565 10.250 2.526 4.689 8.245 4.499 5.292 13.935 13.989 17.326 5.997 3.622 4.614 8.634 4.305 8.941 14.150 6.249 13.920 6.931 4.604 4.181 9.801 6.648 16.725 11.702 5.272 7.995 3.460 8.462 3.936 8.703 2.730 5.233 6.601 2.978 17.057 9.315 11.164 5.111 16.209 8.989 7.091 6.418 11.158 15.351 7.554 16.763 3.504 10.843 6.935 12.330 9.915 7.140 7.840 13.986 3.225 15.822 12.356 12.382 11.100 8.361 10.605 5.719 6.013 7.139 9.629 14.519 9.734 5.653 10.702 11.385 9.579 1.221 14.657 16.113 4.296 9.362 11.833 12.456 0.454 3.211 8.463 17.013 3.852 4.952 12.008 7.456 14.225 13.344 7.952 5.345 
15 2.199 11.817 5.315 7.966 7.674 3.349 9.647 6.438 8.537 9.105 9.659 8.045 10.722 4.556 0.000 7.521 5.902 10.068 8.558 8.798 10.375 8.708 7.983 5.649 4.646 10.755 4.169 11.541 9.684 7.989 11.006 10.213 5.984 10.180 8.017 3.653 0.658 14.988 2.907 6.590 8.444 6.797 7.531 1.980 7.889 7.202 15.774 9.692 15.171 12.593 6.305 2.695 6.072 8.102 11.193 13.296 6.769 1.268 7.705 8.437 1.945 10.044 9.435 14.942 3.000 1.624 9.047 7.447 1.350 5.474 10.685 7.674 9.542 2.737 7.211 7.069 7.036 2.461 14.139 8.777 7.566 7.434 3.308 4.318 8.200 11.335 4.468 2.842 4.611 6.579 12.645 5.111 6.724 9.404 11.654 4.540 8.622 4.208 6.603 13.023 5.886 14.099 3.559 7.424 5.438 7.979 10.745 6.243 4.835 9.635 3.847 13.310 7.845 8.331 7.373 9.535 6.398 6.084 5.395 9.008 9.861 12.895 10.152 1.922 8.112 7.825 9.848 5.695 10.548 11.637 8.836 7.222 8.087 11.947 4.122 5.059 3.972 14.824 6.178 7.017 11.326 5.204 10.039 10.359 4.604 2.199 
16 6.189 15.675 12.782 13.522 11.755 4.368 6.660 13.878 8.891 5.546 6.100 15.566 17.522 11.530 7.521 0.000 6.777 8.192 4.216 10.187 17.217 15.923 3.352 12.926 12.167 3.243 11.358 7.225 8.899 15.437 4.231 4.897 1.557 6.975 13.267 11.076 8.011 9.377 5.409 1.656 15.588 8.807 6.290 7.653 7.589 2.730 10.215 4.024 9.480 16.696 13.750 5.005 11.457 15.436 13.110 16.787 13.042 6.895 14.103 14.039 8.512 2.538 5.800 9.220 5.619 7.919 15.309 6.992 8.661 9.291 3.689 14.992 8.111 4.786 14.729 11.957 3.861 7.280 8.181 3.729 15.054 7.988 8.484 7.335 14.268 14.614 9.924 9.566 10.781 12.295 10.042 7.239 2.478 15.366 7.229 6.032 15.911 5.810 4.487 7.728 11.861 8.013 11.013 10.351 11.699 7.446 17.603 7.286 9.786 8.349 9.030 7.620 5.995 9.052 1.118 16.640 7.552 8.916 7.650 16.371 10.226 8.948 10.673 5.911 4.349 1.680 16.466 12.751 3.134 8.702 15.710 5.211 1.144 10.286 11.179 10.136 5.814 9.454 10.958 14.494 9.590 10.879 9.501 4.438 9.169 6.189 
17 3.798 8.905 9.204 7.401 5.155 4.219 12.365 10.011 12.925 4.230 12.029 12.209 16.224 7.140 5.902 6.777 0.000 4.244 10.285 3.641 15.860 11.216 4.566 10.958 9.161 9.087 9.726 6.432 3.788 12.717 7.909 6.093 6.061 4.788 13.913 7.684 6.538 10.177 6.773 7.220 10.782 2.029 10.950 4.236 11.874 4.435 10.859 6.048 10.396 9.935 11.190 4.308 11.956 13.122 6.544 10.015 7.525 4.637 13.495 7.890 7.838 8.471 11.733 10.211 3.189 4.752 9.498 1.598 7.156 10.964 7.941 12.755 13.133 4.995 11.562 5.667 3.386 7.818 9.672 5.120 12.144 1.654 3.764 9.284 8.410 7.841 4.562 8.725 10.510 6.459 15.814 9.819 7.987 9.325 13.614 8.716 13.692 1.866 9.269 8.241 11.784 9.740 8.769 12.780 11.316 11.856 16.205 0.538 10.603 13.313 3.915 8.755 10.975 12.869 5.833 14.813 10.879 2.289 1.218 13.907 4.240 7.432 4.617 4.353 3.930 5.734 15.485 8.202 9.609 14.551 10.483 2.419 6.428 6.045 7.010 4.395 8.117 9.876 4.788 11.706 5.434 11.098 14.136 6.660 10.249 3.798 
18 7.892 9.892 13.300 10.293 7.567 7.726 14.728 14.013 16.134 2.785 14.231 16.266 20.464 11.131 10.068 8.192 4.244 0.000 12.353 4.062 20.099 14.869 4.868 15.196 13.346 9.086 13.968 3.270 1.364 16.874 6.916 4.593 8.279 1.752 18.022 11.858 10.717 6.821 10.395 9.343 14.409 4.602 13.822 8.479 14.945 5.490 7.335 5.172 7.061 10.948 15.388 8.053 16.052 17.321 6.213 10.448 10.958 8.802 17.721 10.694 11.974 8.708 13.927 6.942 7.161 8.994 12.524 2.648 11.359 14.810 7.292 16.964 15.908 8.630 15.670 8.576 4.482 11.746 6.766 4.758 16.283 3.146 7.925 12.981 11.483 8.525 8.421 12.908 14.674 9.757 18.173 13.374 10.250 12.124 15.412 12.161 17.894 5.869 11.988 5.167 15.949 6.948 13.010 16.503 15.505 14.874 20.442 4.065 14.611 16.121 7.956 5.884 13.699 16.158 7.074 19.036 14.260 5.496 5.172 18.080 3.031 3.519 3.413 8.354 3.848 6.580 19.729 12.077 10.064 16.841 13.893 3.344 7.303 2.154 11.069 8.062 11.623 6.391 8.006 15.870 1.445 15.214 17.123 5.443 14.195 7.892 
19 8.275 18.910 13.695 16.003 14.767 6.591 2.465 14.834 5.479 9.757 1.885 16.033 16.534 13.096 8.558 4.216 10.285 12.353 0.000 13.891 16.288 17.232 7.560 12.842 12.826 5.586 11.327 11.383 12.954 15.517 7.772 9.003 4.255 11.190 11.492 12.143 8.773 13.097 5.672 3.099 16.989 12.248 2.957 9.587 4.229 6.863 13.915 8.121 13.159 19.870 13.918 6.979 10.049 15.263 16.818 20.168 15.124 8.556 13.015 16.513 8.607 5.226 1.584 12.899 8.075 9.639 17.441 10.864 9.218 7.540 7.126 14.817 4.144 6.378 15.160 14.673 7.912 7.052 11.812 7.935 15.292 11.729 10.788 6.026 16.499 18.005 12.270 9.449 10.008 14.655 5.830 5.456 2.302 17.679 3.355 4.771 15.634 8.836 2.149 11.658 10.757 11.586 11.419 7.831 10.820 4.015 16.670 10.823 8.514 4.394 11.403 11.414 2.438 5.769 5.312 16.051 5.017 12.124 10.878 16.205 14.147 13.104 14.584 7.726 8.536 5.894 15.369 14.253 4.464 4.493 17.389 9.211 5.275 14.471 12.672 12.660 5.026 13.266 13.661 14.716 13.769 9.766 5.636 8.420 7.876 8.275 
20 7.008 5.985 10.481 6.437 3.670 7.808 16.004 10.970 16.473 6.033 15.657 13.263 18.115 8.212 8.798 10.187 3.641 4.062 13.891 0.000 17.744 11.352 7.401 12.925 10.801 12.040 11.988 7.299 2.726 14.114 10.323 8.110 9.644 5.637 16.690 9.347 9.356 10.875 10.246 10.805 10.880 2.007 14.575 6.853 15.463 7.592 11.358 8.421 11.116 7.053 12.826 7.803 14.801 14.711 2.934 6.791 7.397 7.626 15.847 6.786 10.713 11.509 15.360 11.001 6.598 7.310 8.658 3.260 9.847 14.181 10.541 14.415 16.761 8.515 12.802 4.830 6.430 11.028 10.809 7.684 13.482 2.199 5.754 12.656 7.668 4.696 5.558 11.425 13.218 6.167 19.455 13.264 11.601 8.180 17.199 12.227 15.286 5.378 12.909 9.215 14.454 10.978 10.876 16.075 13.915 15.455 18.051 3.106 13.633 16.937 5.482 9.914 14.611 16.392 9.151 16.532 14.387 2.771 3.488 15.351 1.464 7.486 1.522 7.646 6.473 8.902 17.561 8.917 12.766 18.189 10.206 5.107 9.643 4.514 8.287 5.006 11.614 10.432 4.529 13.160 4.270 13.917 17.731 8.884 13.373 7.008 
21 12.524 17.738 7.409 13.134 14.932 13.610 15.827 7.341 12.361 19.459 16.289 5.480 0.372 9.630 10.375 17.217 15.860 20.099 16.288 17.744 0.000 8.855 18.321 4.904 6.944 20.384 6.219 21.892 19.437 4.080 21.148 20.568 15.688 20.458 5.369 8.402 9.731 25.362 11.808 15.832 9.151 15.999 13.691 11.646 12.917 17.500 26.150 20.003 25.544 17.965 4.949 12.995 6.274 3.225 19.178 19.238 11.405 11.545 3.277 13.256 8.819 19.711 16.233 25.313 13.346 11.132 12.171 17.457 9.027 8.803 20.742 3.405 14.417 12.811 5.427 13.723 17.410 9.937 24.490 19.115 4.703 17.120 12.235 10.312 12.275 18.057 12.187 7.743 6.456 12.369 17.085 10.833 15.508 13.000 18.165 11.652 2.720 14.435 14.200 23.398 5.536 24.436 7.091 9.287 5.558 13.151 0.387 16.052 7.778 14.313 12.342 23.675 14.252 11.937 17.385 1.416 11.482 15.081 14.985 3.047 19.105 23.174 19.260 12.294 18.487 17.937 1.080 9.288 19.823 16.821 10.345 17.542 18.038 21.729 9.484 12.763 11.619 25.199 13.482 4.798 21.194 6.537 13.696 20.658 8.420 12.524 
22 9.746 9.346 3.666 5.205 7.783 11.556 18.044 2.612 15.957 15.442 18.170 3.396 9.174 4.404 8.708 15.923 11.216 14.869 17.232 11.352 8.855 0.000 15.304 6.144 4.711 19.047 6.890 17.600 13.780 4.861 18.682 17.206 14.472 15.898 11.323 5.090 8.460 21.363 11.561 15.227 0.475 10.267 15.791 8.290 15.759 14.784 22.011 16.990 21.588 9.369 4.998 10.928 10.430 5.793 11.740 10.739 3.958 9.047 9.055 5.096 8.853 18.338 17.976 21.411 10.400 8.005 3.528 12.578 8.062 11.927 18.531 5.833 17.504 11.262 3.732 6.544 14.117 10.389 20.887 16.017 4.337 11.751 7.758 12.016 4.030 9.989 6.657 8.353 9.021 5.187 20.640 12.864 15.426 4.369 20.201 12.815 6.186 10.749 15.199 19.448 9.477 20.949 6.188 13.598 8.907 15.917 8.991 11.109 10.654 17.529 7.393 19.971 16.206 15.621 15.505 7.441 14.090 9.388 10.018 5.812 12.815 18.364 12.795 10.024 14.965 15.783 9.301 3.187 19.044 19.832 1.554 13.556 16.237 15.847 4.744 6.866 12.368 21.031 6.893 4.541 15.516 9.830 17.549 17.650 10.982 9.746 
23 5.981 13.237 12.695 11.934 9.708 4.719 9.984 13.677 11.854 2.197 9.444 15.673 18.659 10.969 7.983 3.352 4.566 4.868 7.560 7.401 18.321 15.304 0.000 13.629 12.340 4.645 12.146 4.156 5.696 15.860 3.404 2.258 3.783 3.637 15.127 11.005 8.609 7.106 6.992 4.684 14.906 6.450 9.359 7.251 10.589 0.909 7.923 1.734 7.270 14.295 14.201 5.326 13.191 16.055 10.234 14.177 11.876 6.932 15.460 12.431 9.539 4.110 9.143 7.029 5.174 7.681 13.971 4.148 9.314 11.404 3.378 15.635 11.327 5.568 14.911 10.219 1.212 8.740 6.170 0.795 15.373 5.276 7.547 9.432 12.887 12.042 8.754 10.605 12.152 10.904 13.390 9.594 5.601 13.853 10.548 8.327 16.587 4.557 7.503 5.195 13.367 6.118 11.495 12.808 13.065 10.480 18.696 4.956 11.571 11.555 7.938 5.374 9.148 11.950 2.248 17.517 10.220 6.855 5.717 16.940 7.165 5.835 7.615 6.068 1.030 1.712 17.722 12.149 5.395 12.050 14.772 2.319 2.438 6.939 10.719 8.752 7.914 7.020 9.306 14.858 6.246 12.467 12.647 2.408 11.029 5.981 
24 7.717 13.633 3.124 8.989 10.357 8.980 13.025 3.687 10.301 14.632 13.317 3.490 5.270 5.042 5.649 12.926 10.958 15.196 12.842 12.925 4.904 6.144 13.629 0.000 2.277 16.162 1.573 17.056 14.539 2.680 16.625 15.850 11.370 15.587 5.222 3.601 5.041 20.590 7.618 11.724 6.205 11.130 10.739 6.756 10.377 12.850 21.363 15.341 20.779 14.041 1.251 8.335 4.335 2.511 14.562 15.177 7.235 6.739 3.250 9.231 4.438 15.463 13.185 20.555 8.543 6.246 8.637 12.555 4.342 6.208 16.276 2.065 12.091 8.267 2.688 9.223 12.652 5.871 19.775 14.422 2.550 12.221 7.340 6.924 8.399 13.729 7.398 3.441 3.165 7.978 15.136 7.676 11.584 9.376 15.332 8.078 2.993 9.573 10.694 18.618 3.354 19.741 2.198 7.640 2.818 10.573 5.247 11.148 4.905 12.067 7.475 18.935 11.243 9.923 12.929 3.908 8.721 10.222 10.084 3.452 14.257 18.298 14.432 7.561 13.713 13.425 4.636 5.072 15.775 14.519 7.240 12.697 13.622 16.833 4.800 8.005 7.839 20.401 8.830 2.005 16.293 3.856 11.862 16.008 5.390 7.717 
25 6.365 11.374 1.089 6.742 8.098 7.924 13.433 2.112 11.246 13.076 13.608 3.402 7.315 2.770 4.646 12.167 9.161 13.346 12.826 10.801 6.944 4.711 12.340 2.277 0.000 15.399 2.279 15.458 12.584 3.573 15.526 14.488 10.629 13.904 7.252 1.490 4.200 19.098 7.233 11.191 4.621 9.088 11.158 5.145 11.063 11.641 19.840 14.073 19.300 11.811 2.050 7.260 5.977 3.978 12.318 12.921 4.999 5.444 5.508 7.009 4.254 14.687 13.432 19.088 7.166 4.677 6.590 10.740 3.638 7.232 15.250 3.640 12.809 7.381 2.587 6.950 11.269 5.819 18.380 13.120 3.041 10.283 5.421 7.343 6.232 11.452 5.244 3.650 4.424 5.703 15.939 8.182 11.231 7.275 15.645 8.235 4.553 7.997 10.727 17.123 5.122 18.377 1.484 8.964 4.508 11.227 7.250 9.282 5.978 12.829 5.446 17.508 11.599 10.913 11.982 5.748 9.390 8.161 8.178 4.746 12.172 16.585 12.319 6.388 12.280 12.396 6.827 2.870 15.184 15.159 5.464 11.117 12.704 14.862 2.559 5.823 7.843 18.865 6.589 2.559 14.358 5.269 12.838 14.748 6.278 6.365 
26 9.305 17.875 15.990 16.280 14.237 7.535 7.880 17.074 11.003 6.323 7.173 18.800 20.681 14.643 10.755 3.243 9.087 9.086 5.586 12.040 20.384 19.047 4.645 16.162 15.399 0.000 14.591 6.939 10.141 18.680 2.593 4.649 4.799 7.471 16.216 14.278 11.253 7.717 8.601 4.563 18.695 11.047 8.386 10.757 9.712 4.657 8.501 3.928 7.745 18.929 16.993 8.188 14.485 18.672 14.841 18.822 15.981 10.074 17.226 16.790 11.738 0.713 6.930 7.491 8.657 11.063 18.193 8.793 11.904 12.186 1.983 18.227 9.711 8.019 17.966 14.625 5.727 10.457 6.397 4.412 18.297 9.920 11.450 10.299 17.127 16.687 12.830 12.784 13.931 15.135 10.776 10.061 5.044 18.171 7.432 8.949 19.143 8.578 6.865 6.585 14.962 6.139 14.256 12.985 14.840 9.519 20.771 9.526 12.821 9.962 11.951 6.166 7.938 11.254 3.553 19.848 10.106 11.361 10.150 19.609 11.711 8.533 12.157 9.091 5.577 3.403 19.602 15.862 1.275 9.483 18.744 6.962 2.828 10.902 14.312 12.956 8.838 7.969 13.661 17.737 10.280 13.967 11.215 3.822 12.188 9.305 
27 6.305 13.352 3.363 8.795 9.760 7.464 11.626 4.284 9.133 13.240 11.880 4.783 6.571 4.658 4.169 11.358 9.726 13.968 11.327 11.988 6.219 6.890 12.146 1.573 2.279 14.591 0.000 15.673 13.399 4.203 15.091 14.381 9.802 14.253 5.132 3.021 3.537 19.154 6.046 10.151 6.848 10.107 9.334 5.490 9.077 11.349 19.937 13.847 19.339 13.870 2.596 6.830 3.711 4.084 13.862 14.903 7.102 5.326 3.860 9.113 2.864 13.894 11.735 19.110 7.127 4.974 8.841 11.320 2.832 5.058 14.731 3.637 10.814 6.725 3.919 8.727 11.203 4.317 18.307 12.940 3.970 11.083 6.270 5.492 8.414 13.289 6.598 1.886 2.150 7.626 13.908 6.283 10.020 9.499 13.907 6.580 4.554 8.229 9.182 17.187 2.909 18.264 1.179 6.714 2.288 9.260 6.585 9.963 3.770 10.810 6.508 17.479 9.820 8.778 11.379 5.376 7.404 9.234 8.945 5.025 13.256 16.970 13.467 6.091 12.276 11.885 5.764 5.066 14.202 13.214 7.736 11.326 12.067 15.695 4.307 7.240 6.308 18.984 8.183 3.396 15.126 2.991 10.717 14.510 4.146 6.305 
28 9.369 13.162 15.595 13.325 10.667 8.552 13.847 16.435 15.980 2.436 13.243 18.608 22.244 13.570 11.541 7.225 6.432 3.270 11.383 7.299 21.892 17.600 4.156 17.056 15.458 6.939 15.673 0.000 4.635 19.031 4.415 2.405 7.921 1.731 19.103 14.012 12.196 3.765 11.033 8.737 17.155 7.484 13.445 10.342 14.703 5.056 4.427 3.277 3.993 14.217 17.444 9.070 17.143 19.359 9.436 13.685 13.791 10.347 19.215 13.756 13.290 6.776 12.952 3.829 8.549 10.838 15.537 5.027 12.890 15.491 4.964 18.967 15.334 9.460 17.931 11.574 4.640 12.689 3.511 3.542 18.482 5.962 10.158 13.535 14.470 11.791 10.973 14.320 15.976 12.637 17.143 13.734 9.640 15.203 14.043 12.469 19.917 7.491 11.598 1.927 17.226 3.681 14.863 16.948 16.868 14.583 22.255 6.492 15.564 15.570 10.347 2.616 13.195 16.090 6.228 20.960 14.376 8.273 7.597 20.188 6.293 1.724 6.655 9.646 3.556 5.571 21.389 14.630 8.116 15.803 16.759 4.360 6.115 4.312 13.428 10.735 12.034 3.444 10.886 18.016 3.854 16.376 16.705 3.142 15.054 9.369 
29 7.582 8.529 12.445 9.062 6.310 7.739 15.259 13.087 16.361 3.835 14.809 15.364 19.805 10.226 9.684 8.899 3.788 1.364 12.954 2.726 19.437 13.780 5.696 14.539 12.584 10.141 13.399 4.635 0.000 16.060 8.109 5.801 8.761 3.063 17.699 11.094 10.315 8.152 10.393 9.880 13.313 3.578 14.169 7.943 15.223 6.169 8.634 6.288 8.393 9.587 14.634 7.963 15.744 16.560 4.896 9.112 9.837 8.421 17.213 9.443 11.623 9.707 14.505 8.282 6.933 8.453 11.295 2.360 10.917 14.701 8.433 16.222 16.305 8.602 14.813 7.378 5.054 11.573 8.129 5.739 15.451 2.319 7.201 12.956 10.272 7.166 7.496 12.495 14.286 8.619 18.726 13.425 10.762 10.860 16.118 12.258 17.136 5.601 12.374 6.529 15.558 8.313 12.382 16.475 15.079 15.173 19.769 3.456 14.383 16.507 7.140 7.248 14.100 16.349 7.789 18.318 14.400 4.510 4.460 17.281 1.688 4.769 2.095 8.116 4.671 7.374 19.129 11.100 11.041 17.409 12.737 3.745 8.118 2.297 10.208 7.072 11.687 7.706 6.888 15.068 1.783 14.884 17.446 6.633 14.015 7.582 
30 9.880 13.675 3.636 9.098 11.059 11.334 15.687 3.318 12.842 16.648 15.990 1.475 4.426 5.902 7.989 15.437 12.717 16.874 15.517 14.114 4.080 4.861 15.860 2.680 3.573 18.680 4.203 19.031 16.060 0.000 18.984 18.032 13.882 17.472 6.968 5.034 7.442 22.666 10.216 14.306 5.115 12.517 13.405 8.710 12.998 15.132 23.411 17.590 22.867 13.885 1.688 10.674 6.647 0.935 15.299 15.166 7.396 8.931 4.485 9.198 7.038 17.974 15.861 22.654 10.694 8.234 8.094 14.287 6.777 8.780 18.674 1.086 14.694 10.698 1.377 9.818 14.812 8.519 21.934 16.645 0.650 13.781 8.961 9.601 8.203 14.041 8.600 6.089 5.761 8.427 17.697 10.343 14.211 8.921 18.001 10.756 1.361 11.566 13.370 20.691 5.641 21.925 4.436 10.037 5.229 13.200 4.276 12.817 7.492 14.657 8.929 21.067 13.914 12.450 15.358 2.676 11.357 11.581 11.703 1.238 15.529 20.147 15.636 9.837 15.835 15.814 4.441 5.348 18.352 17.132 6.302 14.688 16.067 18.317 5.861 9.112 10.506 22.437 9.694 1.014 17.841 6.349 14.376 18.263 8.017 9.880 
31 9.180 16.289 15.959 15.306 12.992 7.656 10.185 16.975 12.963 4.314 9.509 18.901 21.469 14.322 11.006 4.231 7.909 6.916 7.772 10.323 21.148 18.682 3.404 16.625 15.526 2.593 15.091 4.415 8.109 18.984 0.000 2.324 5.582 5.202 17.446 14.252 11.589 5.325 9.418 5.877 18.290 9.685 10.327 10.533 11.654 3.919 6.146 1.913 5.392 17.356 17.305 8.313 15.596 19.103 12.961 17.090 15.280 10.083 18.128 15.798 12.336 2.622 9.243 5.131 8.412 10.929 17.365 7.210 12.284 13.502 0.654 18.671 11.906 8.368 18.112 13.576 4.615 11.281 4.051 2.790 18.531 8.361 10.927 11.532 16.280 15.018 12.157 13.411 14.790 14.301 13.249 11.468 6.622 17.228 9.967 10.251 19.614 7.936 8.613 4.013 15.930 3.844 14.564 14.579 15.713 11.487 21.531 8.251 13.928 12.154 11.335 3.663 9.951 13.162 3.779 20.456 11.761 10.180 9.089 20.013 9.760 5.958 10.191 9.150 4.006 3.212 20.461 15.514 3.842 11.934 18.174 5.533 3.192 8.548 14.053 12.155 9.996 5.506 12.683 17.998 7.972 14.969 13.377 1.476 13.328 9.180 
32 8.161 14.094 14.783 13.450 10.998 6.975 11.469 15.727 13.748 2.081 10.855 17.783 20.908 12.950 10.213 4.897 6.093 4.593 9.003 8.110 20.568 17.206 2.258 15.850 14.488 4.649 14.381 2.405 5.801 18.032 2.324 0.000 5.773 2.883 17.362 13.116 10.846 4.852 9.219 6.472 16.789 7.677 11.172 9.358 12.455 3.132 5.675 0.882 5.013 15.162 16.386 7.575 15.433 18.257 10.675 14.837 13.609 9.127 17.718 13.925 11.796 4.413 10.566 4.771 7.341 9.812 15.582 5.132 11.551 13.592 2.739 17.842 13.001 7.826 17.042 11.696 3.220 10.988 3.926 1.475 17.529 6.263 9.493 11.612 14.495 12.795 10.569 12.860 14.409 12.552 14.744 11.719 7.354 15.372 11.639 10.455 18.795 6.558 9.343 2.974 15.623 3.895 13.700 14.923 15.323 12.322 20.942 6.347 13.804 13.240 9.814 3.116 10.891 13.883 3.976 19.746 12.251 8.279 7.309 19.132 7.466 4.112 7.890 8.293 2.248 3.299 19.977 14.098 5.770 13.405 16.556 3.680 3.764 6.272 12.735 10.471 10.078 4.790 10.865 17.024 5.672 14.718 14.398 0.856 13.253 8.161 
33 4.794 14.827 11.268 12.338 10.775 2.946 6.498 12.372 8.071 5.894 6.069 14.025 15.998 10.098 5.984 1.557 6.061 8.279 4.255 9.644 15.688 14.472 3.783 11.370 10.629 4.799 9.802 7.921 8.761 13.882 5.582 5.773 0.000 7.338 11.866 9.569 6.462 10.497 3.884 1.161 14.151 8.055 5.601 6.251 6.810 2.923 11.336 4.963 10.623 15.818 12.195 3.548 10.016 13.879 12.575 16.026 11.735 5.425 12.600 12.856 6.959 4.095 5.766 10.367 4.320 6.477 14.029 6.618 7.107 7.948 5.104 13.435 7.637 3.259 13.185 10.849 3.797 5.758 9.373 4.395 13.502 7.475 7.195 5.969 13.010 13.854 8.667 8.016 9.269 11.064 9.966 5.981 2.002 14.138 7.557 4.730 14.356 4.768 3.747 8.724 10.375 9.237 9.460 9.167 10.189 6.707 16.074 6.596 8.347 7.855 7.770 8.725 5.434 8.170 1.858 15.093 6.481 8.018 6.752 14.815 9.901 9.614 10.335 4.448 4.611 2.523 14.955 11.316 4.584 8.656 14.324 5.022 2.394 10.427 9.732 8.940 4.426 10.512 9.837 12.942 9.719 9.403 8.903 5.498 7.745 4.794 
34 7.983 11.565 13.988 11.594 8.943 7.408 13.620 14.798 15.374 1.448 13.074 16.995 20.816 11.921 10.180 6.975 4.788 1.752 11.190 5.637 20.458 15.898 3.637 15.587 13.904 7.471 14.253 1.731 3.063 17.472 5.202 2.883 7.338 0.000 17.937 12.441 10.838 5.485 10.008 8.305 15.450 5.753 12.939 8.837 14.135 4.422 6.113 3.545 5.715 12.628 15.912 7.856 15.965 17.838 7.952 12.175 12.071 8.948 17.884 12.026 12.001 7.150 12.774 5.558 7.183 9.343 13.806 3.321 11.518 14.482 5.614 17.456 14.945 8.330 16.340 9.843 3.660 11.547 5.216 3.315 16.910 4.231 8.545 12.571 12.739 10.215 9.292 13.001 14.708 10.911 17.018 12.861 9.223 13.473 14.105 11.611 18.402 6.024 11.084 3.651 15.973 5.362 13.389 16.054 15.580 14.039 20.815 4.803 14.437 15.170 8.697 4.304 12.755 15.441 5.881 19.480 13.625 6.550 5.920 18.647 4.751 2.718 5.148 8.332 2.726 5.304 20.002 12.959 8.516 15.677 15.037 2.972 5.977 3.445 11.798 9.032 11.123 5.134 9.158 16.459 2.809 15.166 16.240 3.739 13.964 7.983 
35 10.140 18.483 8.256 13.921 14.810 10.557 10.678 8.909 7.055 16.708 11.205 8.292 5.499 9.789 8.017 13.267 13.913 18.022 11.492 16.690 5.369 11.323 15.127 5.222 7.252 16.216 5.132 19.103 17.699 6.968 17.446 17.362 11.866 17.937 0.000 8.150 7.399 22.208 8.143 11.702 11.413 14.720 8.685 9.865 7.746 14.233 23.035 16.657 22.358 18.998 6.325 10.081 1.974 6.169 18.807 20.033 12.212 9.278 2.541 14.226 6.076 15.601 11.189 22.108 10.862 9.388 13.813 15.435 6.850 4.037 16.945 5.886 9.136 9.644 7.669 13.827 14.464 6.414 21.168 15.890 7.235 15.450 10.955 5.936 13.483 18.389 11.564 5.266 3.473 12.756 11.722 6.180 11.177 14.521 12.985 7.271 6.163 12.159 9.548 20.321 2.279 21.056 6.297 3.980 2.877 7.986 5.700 14.260 3.557 9.013 11.318 20.449 9.253 6.630 13.701 5.784 6.494 13.924 13.383 6.830 17.837 20.607 18.103 9.671 15.552 14.334 4.304 10.120 15.456 11.505 12.462 14.974 14.254 19.951 9.435 12.217 7.455 22.145 13.222 6.864 19.319 2.815 8.338 17.260 4.126 10.140 
36 5.074 10.332 1.716 5.801 6.803 6.748 13.002 2.803 11.213 11.646 13.101 4.669 8.773 1.651 3.653 11.076 7.684 11.858 12.143 9.347 8.402 5.090 11.005 3.601 1.490 14.278 3.021 14.012 11.094 5.034 14.252 13.116 9.569 12.441 8.150 0.000 3.370 17.675 6.472 10.235 4.865 7.607 10.776 3.759 10.859 10.343 18.407 12.738 17.879 10.865 3.540 6.090 6.622 5.469 10.976 11.883 4.155 4.215 6.709 6.146 3.886 13.565 12.900 17.672 5.846 3.327 6.111 9.258 3.000 7.387 14.008 5.128 12.592 6.313 3.933 5.726 9.903 5.361 16.987 11.775 4.471 8.793 3.935 7.091 5.534 10.282 3.801 3.661 4.953 4.606 15.737 7.948 10.375 6.680 15.126 7.772 6.044 6.585 10.112 15.702 5.906 16.994 1.856 9.258 5.289 10.997 8.716 7.795 6.243 12.640 3.959 16.106 11.167 10.918 10.799 7.231 9.219 6.683 6.689 6.225 10.704 15.113 10.861 5.192 10.891 11.171 8.227 2.348 14.152 14.857 5.426 9.686 11.529 13.373 1.286 4.405 7.300 17.430 5.251 4.023 12.868 5.810 12.796 13.412 6.399 5.074 
37 2.857 12.134 4.958 8.127 8.044 3.939 9.704 6.094 8.330 9.760 9.765 7.576 10.076 4.480 0.658 8.011 6.538 10.717 8.773 9.356 9.731 8.460 8.609 5.041 4.200 11.253 3.537 12.196 10.315 7.442 11.589 10.846 6.462 10.838 7.399 3.370 0.000 15.631 3.104 6.991 8.226 7.363 7.526 2.504 7.773 7.815 16.420 10.311 15.813 12.874 5.754 3.296 5.468 7.515 11.683 13.632 6.822 1.916 7.047 8.581 1.357 10.545 9.555 15.583 3.658 2.076 9.056 8.092 0.706 5.044 11.253 7.082 9.464 3.257 6.728 7.357 7.679 2.224 14.771 9.403 7.044 8.052 3.752 4.091 8.264 11.715 4.779 2.191 3.972 6.750 12.592 4.921 7.052 9.467 11.781 4.509 8.025 4.863 6.750 13.668 5.246 14.727 3.007 7.008 4.787 7.882 10.102 6.867 4.304 9.541 4.245 13.948 7.880 8.097 7.921 8.911 6.218 6.618 5.990 8.430 10.451 13.553 10.732 2.564 8.758 8.396 9.193 5.554 10.993 11.633 8.701 7.880 8.627 12.583 4.031 5.398 3.987 15.472 6.511 6.486 11.968 4.592 9.864 10.975 4.131 2.857 
38 12.873 16.544 19.287 17.052 14.362 11.808 15.501 20.156 18.237 6.030 14.818 22.303 25.707 17.303 14.988 9.377 10.177 6.821 13.097 10.875 25.362 21.363 7.106 20.590 19.098 7.717 19.154 3.765 8.152 22.666 5.325 4.852 10.497 5.485 22.208 17.675 15.631 0.000 14.065 11.028 20.920 11.231 15.609 13.956 16.929 7.984 0.840 5.562 0.242 17.574 21.052 12.391 20.284 22.950 12.668 16.886 17.554 13.851 22.556 17.472 16.626 7.909 14.557 0.285 12.047 14.438 19.272 8.792 16.335 18.404 5.972 22.547 17.230 12.671 21.605 15.309 7.953 15.840 1.325 6.327 22.134 9.709 13.870 16.420 18.212 15.146 14.730 17.684 19.255 16.396 18.492 16.477 11.841 18.913 15.136 15.223 23.500 11.101 13.850 1.976 20.473 1.614 18.415 19.659 20.167 16.771 25.733 10.254 18.651 17.478 14.085 1.772 15.254 18.416 8.645 24.496 16.912 12.034 11.354 23.802 9.707 3.507 10.007 13.068 6.879 7.974 24.798 18.379 8.988 17.195 20.521 7.990 8.248 7.086 17.145 14.500 14.879 0.557 14.642 21.653 6.907 19.570 18.698 4.999 18.093 12.873 
39 3.355 14.203 8.051 10.699 9.985 2.671 6.784 9.189 6.255 8.690 6.762 10.542 12.115 7.463 2.907 5.409 6.773 10.395 5.672 10.246 11.808 11.561 6.992 7.618 7.233 8.601 6.046 11.033 10.393 10.216 9.418 9.219 3.884 10.008 8.143 6.472 3.104 14.065 0.000 4.107 11.317 8.290 4.768 4.287 5.359 6.093 14.892 8.518 14.215 15.061 8.550 2.465 6.228 10.125 12.960 15.611 9.622 3.197 8.720 11.190 3.183 7.917 6.533 13.966 3.648 4.192 11.920 8.034 3.596 4.475 8.971 9.676 6.885 1.792 9.676 9.601 6.411 1.874 13.035 7.749 9.901 8.427 5.642 2.586 11.038 13.540 7.035 4.198 5.386 9.316 9.910 3.046 4.014 12.238 8.749 1.996 10.574 4.916 3.697 12.183 6.512 12.932 5.897 6.108 6.307 5.400 12.194 7.256 4.586 7.012 6.256 12.307 5.018 6.151 5.639 11.247 4.144 7.819 6.782 11.069 11.011 12.602 11.379 2.692 7.480 6.241 11.071 8.597 8.158 8.832 11.741 7.126 6.257 12.481 7.029 7.540 1.374 14.005 8.633 9.328 11.796 5.558 7.611 9.129 4.037 3.355 
40 5.695 15.956 11.905 13.350 11.877 3.868 5.389 13.028 7.277 6.858 4.931 14.559 16.126 10.900 6.590 1.656 7.220 9.343 3.099 10.805 15.832 15.227 4.684 11.724 11.191 4.563 10.151 8.737 9.880 14.306 5.877 6.472 1.161 8.305 11.702 10.235 6.991 11.028 4.107 0.000 14.927 9.208 4.709 7.124 5.983 3.892 11.867 5.615 11.134 16.940 12.631 4.400 9.936 14.231 13.736 17.170 12.664 6.212 12.664 13.867 7.287 3.915 4.627 10.873 5.315 7.293 14.972 7.766 7.587 7.697 5.317 13.783 6.643 3.970 13.703 11.903 4.868 5.928 9.838 5.199 13.969 8.635 8.162 5.768 13.973 14.999 9.647 8.304 9.376 12.050 8.849 5.615 0.918 15.118 6.396 4.436 14.681 5.879 2.871 9.353 10.400 9.669 9.935 8.701 10.282 5.853 16.219 7.755 8.268 6.871 8.755 9.267 4.468 7.421 2.510 15.333 5.896 9.148 7.885 15.175 11.049 10.453 11.486 5.266 5.593 3.178 15.041 12.107 4.051 7.529 15.167 6.136 2.781 11.482 10.512 9.957 4.281 11.095 10.889 13.399 10.775 9.404 7.974 6.069 7.639 5.695 
41 9.403 8.924 3.549 4.738 7.308 11.224 17.856 2.572 15.857 15.011 17.965 3.672 9.477 4.058 8.444 15.588 10.782 14.409 16.989 10.880 9.151 0.475 14.906 6.205 4.621 18.695 6.848 17.155 13.313 5.115 18.290 16.789 14.151 15.450 11.413 4.865 8.226 20.920 11.317 14.927 0.000 9.807 15.615 7.943 15.621 14.399 21.563 16.585 21.145 8.976 5.105 10.604 10.444 6.039 11.272 10.334 3.486 8.730 9.200 4.639 8.683 17.988 17.765 20.970 10.041 7.675 3.122 12.131 7.858 11.853 18.148 6.047 17.365 10.958 3.915 6.070 13.715 10.203 20.454 15.612 4.559 11.295 7.362 11.865 3.572 9.542 6.229 8.234 8.992 4.716 20.505 12.718 15.148 3.966 19.991 12.625 6.459 10.353 14.974 19.008 9.509 20.519 6.080 13.562 8.926 15.773 9.301 10.667 10.594 17.396 6.981 19.537 16.019 15.528 15.148 7.735 13.957 8.932 9.580 6.119 12.342 17.906 12.321 9.702 14.550 15.414 9.555 2.837 18.714 19.674 1.195 13.132 15.880 15.375 4.420 6.420 12.163 20.584 6.426 4.711 15.047 9.814 17.449 17.243 10.898 9.403 
