param n := 70;
param m := 7;
param L := 45;
param Q := 6;
param T := 600;
param t :
    1   2   3   4   5   6   7   8   9  10  11  12  13  14  15  16  17  18  19  20  21  22  23  24  25  26  27  28  29  30  31  32  33  34  35  36  37  38  39  40  41  42  43  44  45  46  47  48  49  50  51  52  53  54  55  56  57  58  59  60  61  62  63  64  65  66  67  68  69  70  71  72  73  74  75  76  77  78  79  80  81  82  83  84  85  86  87  88  89  90  91  92  93  94  95  96  97  98  99 100 101 102 103 104 105 106 107 108 109 110 111 112 113 114 115 116 117 118 119 120 121 122 123 124 125 126 127 128 129 130 131 132 133 134 135 136 137 138 139 140 141 142 :=
1 0.000 6.804 3.499 6.918 9.192 10.069 3.546 9.418 10.475 8.898 9.853 1.697 10.069 10.364 13.046 6.714 1.373 6.984 10.070 6.099 3.883 8.975 5.102 9.378 7.435 6.160 9.824 8.953 13.171 8.038 5.063 8.168 8.594 5.354 9.066 8.488 12.092 8.579 10.319 9.111 7.732 12.955 1.437 4.349 10.447 11.834 7.348 6.645 8.247 5.528 7.583 5.159 8.914 10.061 9.383 12.663 13.075 6.285 4.249 6.394 10.426 13.138 1.998 8.853 9.693 7.157 6.193 9.479 3.128 9.838 7.349 5.593 9.464 13.242 1.366 4.460 2.603 2.294 4.050 0.783 11.146 9.088 6.156 8.069 8.932 3.566 11.976 8.047 10.131 5.705 6.453 9.255 4.784 8.988 4.807 3.009 11.045 4.610 4.049 7.472 11.199 8.453 7.069 10.431 8.974 7.833 6.597 10.601 4.145 5.967 9.276 7.521 4.602 9.563 8.069 6.562 6.566 5.838 7.354 2.650 8.912 6.927 6.840 5.998 9.330 8.833 3.371 4.164 7.911 7.391 7.218 9.127 9.489 8.601 7.862 9.847 10.235 9.660 3.930 13.407 6.565 0.000 
2 6.804 0.000 7.788 11.669 8.959 6.483 3.494 9.091 7.050 11.849 7.027 6.729 16.213 17.088 17.825 2.393 5.440 1.584 13.484 12.779 10.467 15.349 11.905 13.136 1.526 4.692 3.320 14.782 11.116 14.825 9.029 12.996 10.163 7.933 10.152 9.881 16.941 2.396 10.253 9.249 8.081 10.484 5.641 6.668 15.623 17.882 14.127 12.718 8.024 8.528 14.082 5.882 15.710 15.150 3.146 17.502 8.389 7.469 6.947 10.352 16.339 17.825 5.845 8.703 16.036 1.814 7.145 4.043 9.018 13.263 14.089 11.602 8.208 8.662 7.757 10.966 8.549 5.301 10.474 6.152 16.703 15.262 10.457 14.152 12.294 5.717 18.230 9.372 3.640 6.802 10.879 5.949 11.346 13.748 5.094 4.126 10.381 10.170 10.794 13.364 17.781 15.109 13.813 14.776 15.432 9.784 12.602 6.598 4.315 8.824 10.220 14.270 9.185 16.221 7.710 7.421 10.619 12.634 6.097 8.053 10.050 11.010 8.999 0.806 15.958 15.215 4.172 10.967 10.253 14.155 13.948 3.852 16.044 6.534 14.203 6.711 15.139 4.074 9.725 19.245 11.008 6.804 
3 3.499 7.788 0.000 10.121 6.253 8.439 4.423 12.737 8.696 5.417 12.672 5.187 8.536 11.433 10.257 6.552 3.939 8.615 6.684 5.995 3.884 10.903 6.101 6.064 8.939 8.970 10.011 11.458 16.298 8.927 8.527 11.272 5.200 8.838 5.744 11.964 9.332 10.051 13.699 6.055 4.810 15.985 3.054 7.752 13.283 13.984 8.372 5.118 11.534 9.027 6.804 8.364 9.643 12.958 10.855 9.905 11.618 9.674 7.694 9.807 12.772 10.298 5.278 12.177 8.494 7.278 9.543 11.376 1.961 13.227 7.367 8.252 12.626 11.711 2.559 4.091 1.884 2.731 3.576 3.993 8.918 7.624 9.519 6.495 5.509 2.149 13.888 4.749 10.268 3.055 3.297 7.654 6.876 6.118 7.840 5.439 14.363 7.689 4.623 10.038 12.621 8.052 7.139 7.370 8.027 11.326 9.148 13.112 3.589 2.505 5.973 7.571 8.001 10.898 5.371 9.922 3.242 6.460 10.375 6.046 12.378 10.296 10.330 7.083 8.790 7.736 3.637 5.382 11.410 8.499 8.513 11.071 11.071 6.556 6.732 8.039 13.207 11.497 2.291 15.684 3.423 3.499 
4 6.918 11.669 10.121 0.000 16.106 16.630 9.633 7.338 17.094 15.153 10.029 5.639 12.827 8.207 17.460 12.678 7.514 10.909 15.954 8.338 7.797 5.337 6.436 15.138 11.413 7.933 14.986 3.694 11.286 7.322 2.657 1.340 15.319 4.074 15.856 5.089 16.547 12.289 7.468 16.009 14.643 11.558 8.181 5.074 3.956 6.733 6.779 10.502 6.860 3.456 10.010 6.191 8.076 3.481 12.898 17.055 19.412 5.301 4.762 1.619 5.147 17.640 6.264 6.947 12.016 12.816 5.579 12.188 8.795 3.413 8.636 2.722 8.322 19.623 7.561 8.264 8.494 9.083 8.314 6.890 14.810 12.001 1.278 11.461 14.983 10.470 7.406 14.850 15.306 12.621 12.275 15.840 4.449 14.018 6.796 7.821 8.493 2.451 7.107 2.831 7.974 9.905 8.427 15.608 11.118 4.271 2.797 11.550 10.794 12.613 16.080 8.659 2.550 7.118 14.986 5.607 12.603 7.135 7.746 4.308 5.519 1.192 4.019 10.988 10.676 11.261 9.874 6.188 3.775 6.619 6.168 11.832 6.491 15.388 10.692 16.502 3.501 12.442 9.318 7.784 12.349 6.918 
5 9.192 8.959 6.253 16.106 0.000 4.517 7.510 17.006 4.343 4.828 15.762 10.648 12.530 17.366 11.389 6.597 8.863 10.460 6.363 11.711 9.954 17.120 12.235 6.551 10.485 12.566 9.018 17.706 19.809 14.878 14.130 17.334 2.474 13.979 1.901 16.902 10.760 11.226 18.117 0.510 1.467 19.267 8.040 12.672 19.476 20.218 14.401 9.940 15.795 14.340 11.931 12.763 15.484 19.130 11.831 11.204 7.156 14.374 12.744 15.522 19.025 11.266 10.332 16.499 12.913 7.339 14.143 12.965 8.106 18.963 12.986 14.462 16.477 7.098 8.683 9.992 8.129 7.176 9.538 9.333 11.700 11.886 15.326 10.881 5.564 5.698 20.078 2.079 9.106 3.489 6.396 4.188 13.129 8.291 12.013 9.511 18.533 13.745 10.759 16.275 18.674 13.302 12.814 8.411 12.794 16.439 15.383 15.539 5.911 4.203 1.781 13.189 13.763 16.956 1.305 14.517 5.811 12.455 14.142 11.833 17.238 16.088 15.451 8.725 13.836 12.398 6.834 11.592 16.673 14.553 14.626 12.801 17.206 2.798 11.550 3.901 19.348 12.960 8.104 21.929 6.462 9.192 
6 10.069 6.483 8.439 16.630 4.517 0.000 7.008 15.510 0.568 9.186 13.464 11.012 16.256 19.816 15.802 4.330 9.156 8.053 10.801 14.430 12.290 18.932 14.409 10.879 7.871 11.011 5.133 19.021 17.538 17.321 14.221 17.956 6.851 13.566 6.388 16.028 15.116 8.232 16.672 5.015 4.820 16.861 8.645 12.200 20.405 21.878 16.730 13.209 14.392 14.071 15.089 11.820 18.067 19.987 8.623 15.590 3.181 13.495 12.386 15.648 20.492 15.697 10.374 15.088 16.468 4.677 13.200 9.980 10.378 18.919 15.798 15.660 14.683 3.275 10.179 12.530 10.172 7.776 12.013 9.846 15.795 15.484 15.598 14.392 9.884 6.756 21.950 6.229 5.117 5.510 10.005 0.816 14.731 12.388 10.999 8.961 16.851 14.563 12.967 17.539 20.914 16.401 15.575 12.751 16.174 15.778 16.666 12.816 5.930 7.481 6.293 16.003 14.095 19.204 4.006 13.528 9.480 14.859 12.509 12.400 16.263 16.286 14.877 6.661 17.075 15.824 6.789 13.587 16.158 16.838 16.797 9.924 19.284 2.063 14.874 0.617 20.098 9.900 10.701 23.473 10.104 10.069 
7 3.546 3.494 4.423 9.633 7.510 7.008 0.000 9.510 7.490 9.127 8.659 4.064 12.733 13.905 14.643 3.203 2.312 4.192 10.655 9.326 7.004 12.463 8.586 10.181 4.523 5.160 6.299 12.237 12.557 11.552 7.219 10.965 7.909 6.688 8.118 9.450 13.730 5.648 10.611 7.623 6.238 12.116 2.218 5.329 13.459 15.227 10.871 9.234 8.293 7.144 10.592 5.263 12.413 13.027 6.458 14.300 9.806 6.899 5.468 8.648 13.758 14.670 3.370 8.995 12.543 3.611 6.654 6.958 5.525 11.965 10.656 8.905 9.062 10.006 4.314 7.487 5.056 1.811 6.989 3.061 13.318 11.778 8.589 10.673 9.443 2.570 15.439 7.170 6.602 4.398 7.655 6.231 8.305 10.515 4.503 2.057 11.061 7.665 7.385 10.763 14.740 11.641 10.385 11.677 11.939 9.055 9.925 8.859 1.614 5.947 8.258 10.842 7.091 13.109 6.216 7.022 7.483 9.267 6.717 5.473 9.763 9.281 8.095 2.727 12.481 11.721 0.854 7.657 9.358 10.922 10.761 6.660 13.023 5.984 10.710 6.923 13.116 7.075 6.241 16.730 7.784 3.546 
8 9.418 9.091 12.737 7.338 17.006 15.510 9.510 0.000 16.071 18.114 3.440 7.785 18.680 15.470 22.369 11.205 8.814 7.609 19.418 14.132 12.585 12.668 12.354 18.764 7.938 4.527 11.794 10.959 4.089 14.203 5.793 8.099 17.298 4.446 17.579 2.338 21.413 8.177 1.163 17.133 15.747 4.238 9.726 5.085 10.370 13.794 13.555 15.602 1.223 4.692 15.874 4.396 15.054 9.888 8.382 21.977 17.420 3.169 5.242 5.820 12.273 22.481 7.477 0.565 18.053 10.852 3.226 7.099 12.491 6.330 14.905 9.410 1.321 17.706 10.736 13.189 11.988 10.331 12.963 8.781 20.203 17.734 6.314 16.898 18.245 11.748 14.600 16.599 12.061 13.851 15.862 14.897 10.584 18.377 5.046 7.607 1.629 8.075 12.261 10.153 15.312 16.212 14.644 19.844 17.193 3.080 9.934 5.117 11.123 14.982 17.734 14.994 6.575 14.384 15.705 2.864 15.936 13.207 3.002 7.685 2.034 6.148 3.470 8.851 17.079 17.207 10.251 11.678 3.637 13.443 13.028 6.864 13.802 15.151 16.396 15.662 9.591 7.342 13.267 14.460 15.976 9.418 
9 10.475 7.050 8.696 17.094 4.343 0.568 7.490 16.071 0.000 9.101 14.032 11.466 16.348 20.107 15.704 4.882 9.602 8.621 10.687 14.672 12.566 19.291 14.715 10.810 8.439 11.568 5.645 19.427 18.106 17.607 14.708 18.416 6.748 14.081 6.239 16.569 15.043 8.793 17.232 4.850 4.818 17.427 9.060 12.714 20.847 22.258 17.028 13.368 14.949 14.580 15.272 12.356 18.337 20.434 9.175 15.505 3.008 14.032 12.894 16.137 20.888 15.590 10.847 15.646 16.592 5.243 13.739 10.538 10.647 19.424 16.032 16.067 15.248 3.049 10.528 12.785 10.465 8.181 12.271 10.281 15.804 15.598 16.077 14.517 9.814 7.100 22.310 6.170 5.614 5.710 10.090 1.259 15.099 12.389 11.536 9.464 17.415 14.998 13.262 17.947 21.232 16.598 15.815 12.681 16.327 16.310 17.069 13.379 6.351 7.585 6.124 16.238 14.565 19.517 3.996 14.070 9.550 15.141 13.069 12.846 16.808 16.771 15.403 7.220 17.252 15.968 7.232 13.909 16.683 17.141 17.113 10.486 19.616 2.179 15.032 0.657 20.553 10.456 10.935 23.867 10.184 10.475 
10 8.898 11.849 5.417 15.153 4.828 9.186 9.127 18.114 9.101 0.000 17.762 10.594 8.103 14.149 6.617 9.837 9.301 13.072 1.685 8.602 7.640 14.641 9.767 1.723 13.266 14.144 12.953 15.749 21.551 11.820 13.849 16.174 2.360 14.250 2.966 17.379 5.943 14.245 19.099 4.324 4.435 21.175 8.389 13.167 17.839 17.740 11.517 6.297 16.902 14.418 8.225 13.723 12.221 17.591 14.980 6.406 11.980 15.082 13.111 15.058 16.818 6.520 10.686 17.559 8.660 10.660 14.942 15.825 6.358 18.415 9.630 12.909 17.926 11.927 7.791 7.388 6.693 7.841 7.117 9.409 6.951 7.633 14.721 6.801 0.750 6.575 17.374 2.966 13.115 5.052 3.000 8.688 11.251 3.620 13.143 10.636 19.735 12.705 8.465 14.479 15.630 9.567 9.537 3.586 8.751 16.731 13.641 17.970 7.695 3.191 3.154 9.812 13.263 13.990 5.209 15.322 2.568 9.667 15.625 11.344 17.795 15.493 15.738 11.336 9.901 8.323 8.276 9.439 16.793 11.708 11.911 15.577 14.420 7.207 7.661 8.584 17.914 15.890 5.877 19.505 2.966 8.898 
11 9.853 7.027 12.672 10.029 15.762 13.464 8.659 3.440 14.032 17.762 0.000 8.514 19.799 17.785 22.818 9.384 8.840 5.443 19.239 15.452 13.544 15.186 13.873 18.698 5.594 3.722 9.111 13.723 4.091 16.171 7.874 11.013 16.532 6.271 16.676 5.547 21.871 5.435 4.334 15.983 14.684 3.505 9.650 6.140 13.470 16.718 15.477 16.464 3.259 6.773 17.126 4.904 17.067 12.975 5.410 22.445 14.920 4.838 6.438 8.414 15.149 22.888 7.880 3.478 19.308 8.836 4.639 3.991 12.956 9.652 16.442 11.585 2.119 15.223 11.215 14.153 12.424 9.990 13.817 9.094 20.997 18.822 8.833 17.861 18.031 11.187 17.433 15.772 9.337 13.012 15.958 12.969 12.380 18.699 5.058 7.234 3.944 10.080 13.425 12.701 17.862 17.708 16.164 20.032 18.506 6.079 12.303 1.681 10.200 14.571 16.791 16.565 8.552 16.726 14.468 4.493 15.904 14.738 2.622 8.973 5.367 8.897 6.023 7.074 18.601 18.442 9.502 13.059 6.690 15.404 15.034 3.851 16.239 13.520 17.533 13.728 12.733 4.201 13.763 17.554 16.082 9.853 
12 1.697 6.729 5.187 5.639 10.648 11.012 4.064 7.785 11.466 10.594 8.514 0.000 11.285 10.455 14.602 7.223 1.876 6.516 11.762 7.001 5.031 8.622 5.618 11.062 7.011 4.940 9.968 8.203 11.625 8.338 3.484 6.952 10.222 3.657 10.662 6.791 13.646 8.104 8.653 10.610 9.208 11.462 2.611 2.700 9.403 11.242 7.623 7.982 6.639 3.847 8.634 3.663 9.246 8.978 8.869 14.212 13.869 4.629 2.570 4.877 9.740 14.706 0.901 7.220 10.807 7.496 4.562 8.714 4.706 8.315 8.105 4.916 7.922 14.065 2.956 5.641 4.205 3.496 5.324 1.316 12.559 10.309 4.711 9.359 10.628 4.951 11.529 9.642 10.286 7.168 8.128 10.216 4.670 10.592 3.484 2.603 9.407 3.604 4.942 6.742 11.066 9.317 7.821 12.066 10.022 6.139 5.932 9.437 5.155 7.632 10.863 8.251 3.154 9.541 9.465 4.922 8.257 6.452 5.935 1.410 7.216 5.458 5.144 5.949 10.211 9.940 4.238 4.719 6.234 7.617 7.354 8.347 9.326 9.754 9.020 10.868 9.087 8.923 5.485 12.699 8.236 1.697 
13 10.069 16.213 8.536 12.827 12.530 16.256 12.733 18.680 16.348 8.103 19.799 11.285 0.000 7.678 5.362 15.083 11.309 16.810 7.346 4.590 6.256 9.551 6.474 6.639 17.201 16.179 18.542 11.444 22.710 6.235 13.029 13.252 10.172 14.235 10.883 17.037 4.699 18.347 19.314 12.077 11.583 22.646 10.755 13.803 13.759 12.153 6.437 3.502 17.665 14.046 2.848 14.927 6.049 13.729 19.161 5.006 19.354 15.569 13.564 13.612 11.857 5.623 11.957 18.134 0.973 15.814 15.603 19.458 7.231 16.166 4.248 10.104 19.067 19.370 8.771 5.650 7.735 10.922 6.020 10.851 2.389 0.981 13.115 2.061 7.392 10.685 11.425 10.452 18.794 10.861 6.258 15.568 8.442 4.536 14.756 13.025 20.222 10.920 6.435 10.762 9.274 3.135 4.422 5.446 1.786 16.201 10.251 20.656 12.122 8.775 11.110 4.273 12.243 8.054 12.394 15.911 6.805 5.703 17.212 11.020 17.513 13.720 15.401 15.460 2.737 1.568 12.049 7.023 15.965 6.649 7.071 19.118 8.762 14.200 2.286 15.731 14.188 19.618 6.492 13.820 6.165 10.069 
14 10.364 17.088 11.433 8.207 17.366 19.816 13.905 15.470 20.107 14.149 17.785 10.455 7.678 0.000 13.038 17.027 11.683 16.971 14.054 5.673 7.549 2.987 5.426 13.210 17.466 14.883 20.186 5.119 19.478 2.507 9.915 7.871 15.527 11.514 16.238 13.282 12.360 18.553 15.671 17.043 16.035 19.708 11.718 11.863 7.136 4.605 3.092 7.855 14.830 11.031 6.013 13.178 1.929 7.306 19.308 12.684 22.973 12.953 11.528 9.651 4.776 13.301 11.355 15.032 6.710 17.514 13.146 19.024 9.472 10.787 4.520 6.200 16.330 23.089 9.776 7.401 9.644 12.404 7.887 10.948 10.066 7.385 9.156 7.686 13.612 13.101 3.771 15.454 20.494 14.480 11.325 19.013 5.787 11.278 13.446 13.015 16.694 7.726 6.849 5.385 1.599 4.823 4.630 12.639 6.058 12.446 5.541 19.126 14.206 13.164 16.489 4.337 9.238 1.089 16.705 13.305 11.892 4.974 15.254 9.327 13.721 9.388 12.028 16.287 4.948 6.453 13.619 6.305 11.977 3.004 3.147 18.653 1.788 17.985 6.698 19.451 7.808 19.251 9.297 6.181 11.313 10.364 
15 13.046 17.825 10.257 17.460 11.389 15.802 14.643 22.369 15.704 6.617 22.818 14.602 5.362 13.038 0.000 16.088 13.978 18.819 5.026 9.183 9.923 14.813 11.046 4.952 19.105 19.096 19.375 16.594 26.212 11.495 17.111 18.088 8.958 18.034 9.490 21.068 0.956 20.178 23.170 10.879 11.037 25.999 13.188 17.294 18.906 17.503 11.595 6.985 21.239 17.989 7.688 18.204 11.390 18.827 20.961 0.405 18.537 19.201 17.127 17.962 17.137 0.290 15.044 21.805 6.333 16.901 19.158 21.596 9.920 20.869 9.326 14.781 22.505 18.464 11.687 9.358 10.443 12.987 9.481 13.768 2.974 5.811 17.505 6.046 5.937 12.145 16.787 9.581 19.564 11.286 6.988 15.301 13.016 4.141 17.828 15.617 23.981 15.274 10.453 15.748 14.633 8.408 9.431 3.115 7.065 20.284 15.123 23.354 13.512 9.082 9.635 9.403 16.368 13.401 11.823 19.509 7.207 10.445 20.386 14.780 21.533 18.193 19.380 17.195 8.098 6.731 13.818 11.300 20.159 11.812 12.201 21.303 14.090 13.820 6.935 15.199 19.263 21.704 9.125 19.179 6.859 13.046 
16 6.714 2.393 6.552 12.678 6.597 4.330 3.203 11.205 4.882 9.837 9.384 7.223 15.083 17.027 16.088 0.000 5.515 3.955 11.508 12.177 9.863 15.663 11.648 11.253 3.913 6.691 3.459 15.421 13.474 14.628 10.150 14.018 7.972 9.344 7.890 11.706 15.245 4.636 12.364 6.910 5.814 12.860 5.315 7.990 16.565 18.426 13.964 11.665 10.072 9.881 13.257 7.515 15.466 16.119 5.276 15.790 6.757 9.184 8.206 11.556 16.949 16.060 6.456 10.771 15.039 0.823 8.883 6.368 8.151 14.725 13.542 12.101 10.430 6.987 7.293 10.272 7.767 4.644 9.750 6.264 15.271 14.176 11.563 13.047 10.352 4.408 18.641 7.182 3.717 4.824 9.302 3.692 11.493 12.121 6.693 4.862 12.584 10.826 10.355 13.952 17.911 14.417 13.282 12.988 14.537 11.480 13.121 8.990 3.003 7.005 7.938 13.737 10.129 16.263 5.374 9.206 8.953 12.272 8.208 8.631 11.935 12.208 10.601 2.368 15.214 14.266 3.412 10.736 11.881 14.029 13.893 6.209 16.203 4.145 13.255 4.457 16.178 6.367 8.739 19.917 9.428 6.714 
17 1.373 5.440 3.939 7.514 8.863 9.156 2.312 8.814 9.602 9.301 8.840 1.876 11.309 11.683 13.978 5.515 0.000 5.626 10.622 7.454 5.203 10.155 6.467 9.999 6.070 5.119 8.509 9.945 12.369 9.388 5.297 8.824 8.644 5.165 9.023 8.214 13.031 7.217 9.804 8.858 7.447 12.080 0.917 3.938 11.249 12.918 8.692 7.841 7.605 5.485 8.899 4.429 10.270 10.832 8.023 13.605 12.058 5.808 3.947 6.713 11.458 14.048 1.482 8.258 10.980 5.890 5.650 8.168 4.175 10.130 8.717 6.602 8.689 12.245 2.540 5.761 3.643 1.690 5.321 0.752 12.249 10.330 6.573 9.281 9.440 3.185 13.127 8.009 8.819 5.415 7.163 8.355 6.016 9.861 3.908 1.718 10.437 5.412 5.414 8.468 12.463 9.807 8.437 11.223 10.285 7.661 7.621 9.455 3.279 6.191 9.210 8.890 5.023 10.853 7.651 6.032 7.172 7.210 6.458 3.244 8.598 7.310 6.661 4.634 10.679 10.125 2.370 5.528 7.844 8.727 8.537 7.822 10.738 7.879 9.140 8.999 10.953 8.341 4.977 14.434 7.284 1.373 
18 6.984 1.584 8.615 10.909 10.460 8.053 4.192 7.609 8.621 13.072 5.443 6.516 16.810 16.971 18.819 3.955 5.626 0.000 14.669 13.079 10.820 15.003 11.998 14.261 0.510 3.382 4.333 14.227 9.533 14.826 8.254 12.206 11.520 6.978 11.561 8.583 17.912 1.601 8.767 10.726 9.507 8.906 6.061 5.835 14.854 17.356 14.115 13.310 6.594 7.597 14.505 4.837 15.729 14.369 2.399 18.480 9.812 6.295 6.149 9.483 15.784 18.838 5.618 7.253 16.548 3.397 5.963 2.780 9.580 12.172 14.331 11.196 6.670 10.097 8.122 11.364 9.076 5.949 10.903 6.248 17.496 15.841 9.656 14.757 13.465 6.683 17.789 10.735 4.632 8.072 11.832 7.532 11.184 14.698 4.130 4.020 8.845 9.691 11.032 12.863 17.531 15.432 14.049 15.824 15.884 8.576 12.162 5.081 5.393 9.961 11.645 14.500 8.533 16.045 9.190 6.194 11.633 12.781 4.649 7.705 8.709 10.133 7.873 1.767 16.305 15.704 5.002 11.065 9.086 14.120 13.868 2.509 15.793 8.100 14.705 8.293 14.311 2.886 10.338 18.624 11.962 6.984 
19 10.070 13.484 6.684 15.954 6.363 10.801 10.655 19.418 10.687 1.685 19.239 11.762 7.346 14.054 5.026 11.508 10.622 14.669 0.000 8.753 8.226 14.885 10.167 0.865 14.881 15.582 14.637 16.186 22.959 11.865 14.875 16.890 3.950 15.411 4.464 18.546 4.439 15.878 20.366 5.853 6.098 22.615 9.726 14.401 18.362 17.930 11.658 6.290 18.217 15.529 8.042 15.048 12.148 18.154 16.622 4.853 13.511 16.333 14.318 16.010 17.137 4.904 11.946 18.857 8.045 12.330 16.214 17.434 7.264 19.290 9.594 13.561 19.301 13.440 8.861 7.866 7.676 9.261 7.696 10.648 5.805 7.062 15.638 6.428 1.212 8.086 17.471 4.617 14.800 6.704 3.709 10.332 11.834 2.862 14.512 12.052 21.045 13.535 9.008 15.004 15.594 9.302 9.549 2.179 8.302 17.860 14.206 19.514 9.278 4.717 4.611 9.757 14.241 14.025 6.857 16.591 3.506 9.925 17.029 12.375 18.977 16.399 16.880 12.949 9.489 7.868 9.801 9.988 17.877 11.862 12.120 17.178 14.531 8.852 7.383 10.194 18.509 17.507 6.651 19.695 3.622 10.070 
20 6.099 12.779 5.995 8.338 11.711 14.430 9.326 14.132 14.672 8.602 15.452 7.001 4.590 5.673 9.183 12.177 7.454 13.079 8.753 0.000 2.325 6.136 1.908 7.888 13.522 11.940 15.549 7.587 18.186 3.238 8.443 8.907 9.859 9.689 10.567 12.449 8.300 14.670 14.737 11.378 10.408 18.159 7.138 9.359 9.858 9.183 2.920 2.497 13.149 9.474 1.748 10.548 3.774 9.728 15.477 8.781 17.610 11.055 9.097 9.035 8.410 9.382 7.775 13.593 3.922 12.790 11.112 15.558 4.098 11.727 1.378 5.628 14.580 17.699 5.022 1.925 4.420 7.590 2.452 6.855 6.473 3.697 8.544 3.141 8.134 7.912 8.774 9.782 15.837 8.973 5.692 13.648 3.898 6.220 10.476 9.100 15.656 6.336 2.074 6.600 7.071 2.355 1.144 7.765 3.073 11.611 5.943 16.437 9.200 7.508 10.819 1.581 7.656 5.399 11.107 11.403 6.245 1.273 12.837 6.532 12.925 9.171 10.819 11.982 3.236 3.077 8.824 2.454 11.376 3.119 3.369 15.201 5.820 12.512 2.364 14.016 10.142 15.746 3.738 10.949 5.691 6.099 
21 3.883 10.467 3.884 7.797 9.954 12.290 7.004 12.585 12.566 7.640 13.544 5.031 6.256 7.549 9.923 9.863 5.203 10.820 8.226 2.325 0.000 7.214 2.285 7.388 11.252 9.927 13.225 8.123 16.554 5.044 7.188 8.672 8.405 8.175 9.069 11.157 8.977 12.402 13.314 9.681 8.567 16.445 4.828 7.599 10.201 10.333 4.493 3.018 11.514 8.085 3.700 8.683 5.778 9.964 13.213 9.521 15.459 9.431 7.383 8.086 9.267 10.069 5.708 12.028 5.822 10.468 9.434 13.359 1.923 11.187 3.680 5.335 12.877 15.564 2.714 0.611 2.143 5.265 0.530 4.660 7.619 5.279 7.653 4.341 7.347 5.653 10.134 8.178 13.513 6.934 4.649 11.493 3.623 6.240 8.499 6.888 14.169 5.449 0.839 6.840 8.756 4.642 3.419 7.825 5.091 10.364 6.010 14.413 6.899 5.814 9.318 3.874 6.448 7.032 9.198 9.760 5.084 2.576 10.964 4.908 11.625 8.376 9.474 9.673 5.498 4.958 6.500 1.800 10.237 4.627 4.674 13.009 7.252 10.437 4.005 11.909 10.302 13.538 1.885 12.075 4.700 3.883 
22 8.975 15.349 10.903 5.337 17.120 18.932 12.463 12.668 19.291 14.641 15.186 8.622 9.551 2.987 14.813 15.663 10.155 15.003 14.885 6.136 7.214 0.000 4.941 14.020 15.511 12.564 18.583 2.159 16.620 3.322 7.345 4.894 15.612 8.956 16.282 10.425 14.025 16.540 12.794 16.871 15.700 16.894 10.407 9.515 4.340 3.121 3.284 8.624 12.118 8.418 7.208 10.809 3.621 4.430 17.251 14.430 22.007 10.354 9.174 6.864 2.328 15.051 9.504 12.259 8.596 16.038 10.580 16.805 9.014 7.800 5.534 3.819 13.604 22.159 8.765 7.313 9.020 11.213 7.683 9.404 11.877 9.002 6.396 8.945 14.223 12.193 3.019 15.389 18.900 13.916 11.660 18.116 4.207 12.325 11.195 11.223 13.821 5.363 6.385 2.516 2.676 6.424 5.485 13.835 7.779 9.607 2.923 16.613 13.075 13.023 16.531 5.431 6.759 1.950 16.272 10.694 12.166 4.980 12.738 7.316 10.849 6.530 9.280 14.571 6.902 8.087 12.345 5.529 9.107 3.068 2.767 16.435 1.201 17.271 7.968 18.644 4.928 17.045 9.098 4.875 11.681 8.975 
23 5.102 11.905 6.101 6.436 12.235 14.409 8.586 12.354 14.715 9.767 13.873 5.618 6.474 5.426 11.046 11.648 6.467 11.998 10.167 1.908 2.285 4.941 0.000 9.308 12.469 10.487 14.886 6.020 16.429 2.981 6.609 7.054 10.671 7.930 11.343 10.597 10.147 13.599 12.912 11.966 10.840 16.443 6.373 7.736 8.211 8.062 2.335 4.168 11.415 7.670 3.627 8.982 3.827 8.032 14.389 10.642 17.557 9.333 7.450 7.139 7.055 11.236 6.469 11.824 5.748 12.172 9.417 14.323 4.156 9.834 2.577 3.737 12.872 17.678 4.364 2.386 4.257 7.007 2.742 5.776 8.376 5.600 6.644 5.025 9.401 7.678 7.849 10.460 15.187 9.154 6.769 13.602 1.991 7.847 9.008 7.978 13.850 4.448 1.482 4.875 6.526 3.869 2.304 9.428 4.867 9.752 4.142 14.958 8.788 8.099 11.593 2.692 5.818 4.806 11.455 9.687 7.254 0.866 11.251 4.900 11.073 7.264 8.990 11.099 4.750 4.933 8.235 0.939 9.497 2.431 2.412 13.958 4.978 12.617 4.271 14.060 8.418 14.527 4.164 9.812 6.800 5.102 
24 9.378 13.136 6.064 15.138 6.551 10.879 10.181 18.764 10.810 1.723 18.698 11.062 6.639 13.210 4.952 11.253 9.999 14.261 0.865 7.888 7.388 14.020 9.308 0.000 14.497 15.016 14.472 15.326 22.362 11.006 14.117 16.058 4.080 14.699 4.685 17.831 4.236 15.522 19.692 6.047 6.091 22.042 9.118 13.722 17.506 17.067 10.794 5.428 17.571 14.797 7.200 14.413 11.299 17.302 16.281 4.717 13.700 15.657 13.626 15.228 16.273 4.877 11.287 18.201 7.294 12.074 15.550 17.037 6.498 18.487 8.739 12.722 18.688 13.649 8.136 7.016 6.929 8.708 6.860 9.984 5.282 6.294 14.848 5.611 0.996 7.613 16.611 4.650 14.650 6.429 2.949 10.358 10.989 2.107 13.903 11.481 20.392 12.728 8.162 14.150 14.744 8.475 8.691 1.872 7.508 17.131 13.356 19.033 8.873 4.313 4.867 8.904 13.469 13.168 6.885 15.924 2.830 9.061 16.437 11.624 18.267 15.605 16.157 12.566 8.690 7.074 9.330 9.142 17.133 10.999 11.255 16.769 13.669 8.878 6.553 10.283 17.660 17.120 5.857 18.831 2.851 9.378 
25 7.435 1.526 8.939 11.413 10.485 7.871 4.523 7.938 8.439 13.266 5.594 7.011 17.201 17.466 19.105 3.913 6.070 0.510 14.881 13.522 11.252 15.511 12.469 14.497 0.000 3.820 3.912 14.737 9.671 15.310 8.758 12.708 11.646 7.469 11.656 9.000 18.205 1.151 9.090 10.772 9.589 9.011 6.468 6.339 15.357 17.866 14.600 13.700 6.959 8.090 14.929 5.323 16.212 14.870 1.965 18.771 9.493 6.753 6.655 9.980 16.294 19.118 6.111 7.604 16.957 3.276 6.419 2.562 9.970 12.637 14.784 11.704 6.948 9.784 8.546 11.789 9.472 6.307 11.322 6.708 17.841 16.236 10.158 15.144 13.682 6.960 18.299 10.857 4.203 8.239 12.125 7.390 11.680 14.995 4.628 4.494 9.120 10.201 11.483 13.373 18.035 15.874 14.503 16.089 16.304 9.020 12.672 5.077 5.626 10.187 11.730 14.955 9.042 16.544 9.232 6.639 11.906 13.246 5.014 8.210 9.110 10.629 8.336 1.933 16.743 16.117 5.307 11.535 9.539 14.606 14.358 2.341 16.296 8.045 15.115 8.144 14.809 2.626 10.718 19.132 12.255 7.435 
26 6.160 4.692 8.970 7.933 12.566 11.011 5.160 4.527 11.568 14.144 3.722 4.940 16.179 14.883 19.096 6.691 5.119 3.382 15.582 11.940 9.927 12.564 10.487 15.016 3.820 0.000 7.715 11.471 7.419 13.017 5.352 9.161 13.064 3.865 13.277 5.210 18.149 4.472 5.681 12.725 11.365 7.035 5.935 3.049 11.800 14.594 12.305 12.797 3.381 4.490 13.568 1.768 13.928 11.304 5.001 18.723 13.080 2.949 3.391 6.394 13.002 19.167 4.222 4.081 15.733 6.386 2.615 4.275 9.246 8.835 13.017 8.774 3.915 13.353 7.516 10.530 8.712 6.320 10.169 5.392 17.303 15.199 6.655 14.210 14.378 7.596 15.146 12.329 8.013 9.557 12.248 10.381 9.214 14.978 1.480 3.535 5.984 7.218 9.881 10.223 15.199 14.247 12.735 16.320 14.959 5.199 9.644 4.497 6.762 10.956 13.414 13.156 5.822 13.874 11.261 2.819 12.209 11.339 1.576 5.656 5.360 7.018 4.541 4.356 15.142 14.867 5.967 9.620 5.722 12.263 11.936 3.913 13.496 10.628 13.932 11.144 11.193 4.525 10.053 15.717 12.371 6.160 
27 9.824 3.320 10.011 14.986 9.018 5.133 6.299 11.794 5.645 12.953 9.111 9.968 18.542 20.186 19.375 3.459 8.509 4.333 14.637 15.549 13.225 18.583 14.886 14.472 3.912 7.715 0.000 18.085 13.030 17.850 12.343 16.312 10.875 11.202 10.640 12.910 18.561 3.683 12.931 9.438 8.643 12.269 8.514 9.967 18.941 21.174 17.166 15.121 10.856 11.807 16.687 9.103 18.713 18.468 3.791 19.095 5.834 10.618 10.254 13.652 19.640 19.330 9.103 11.487 18.494 2.764 10.286 5.240 11.572 16.478 16.902 14.872 10.727 6.144 10.585 13.663 11.166 7.962 13.146 9.252 18.692 17.635 13.770 16.506 13.531 7.865 21.495 10.111 0.320 8.098 12.706 5.010 14.510 15.487 8.345 7.384 12.874 13.465 13.662 16.656 20.960 17.821 16.636 16.262 17.980 12.907 15.880 8.130 6.446 10.329 10.629 17.093 12.505 19.361 8.011 10.525 12.326 15.558 8.915 11.324 13.022 14.310 12.185 4.043 18.631 17.716 6.726 13.956 13.411 17.213 17.039 5.292 19.229 6.229 16.704 5.617 18.452 5.098 12.183 22.556 12.829 9.824 
28 8.953 14.782 11.458 3.694 17.706 19.021 12.237 10.959 19.427 15.749 13.723 8.203 11.444 5.119 16.594 15.421 9.945 14.227 16.186 7.587 8.123 2.159 6.020 15.326 14.737 11.471 18.085 0.000 14.798 5.247 6.120 2.917 16.448 7.672 17.078 8.652 15.764 15.691 10.964 17.512 16.251 15.136 10.376 8.481 2.317 3.134 5.015 10.067 10.545 7.078 8.910 9.704 5.696 2.315 16.350 16.202 21.993 8.971 8.146 5.310 1.559 16.818 9.017 10.598 10.512 15.694 9.236 15.746 9.713 5.697 7.271 3.361 11.993 22.172 9.071 8.368 9.602 11.247 8.638 9.216 13.707 10.809 4.916 10.605 15.411 12.417 3.717 16.131 18.405 14.346 12.750 18.208 4.600 13.792 10.215 10.719 11.991 4.624 7.289 1.482 4.483 8.312 7.165 15.349 9.658 7.879 2.361 15.237 13.092 13.772 17.321 7.205 5.707 4.106 16.742 9.287 13.204 6.332 11.411 6.802 9.047 4.847 7.710 14.042 8.881 9.926 12.268 6.326 7.332 4.800 4.396 15.383 3.336 17.516 9.669 18.797 2.801 15.996 9.966 4.496 12.790 8.953 
29 13.171 11.116 16.298 11.286 19.809 17.538 12.557 4.089 18.106 21.551 4.091 11.625 22.710 19.478 26.212 13.474 12.369 9.533 22.959 18.186 16.554 16.620 16.429 22.362 9.671 7.419 13.030 14.798 0.000 18.283 9.882 11.887 20.465 8.501 20.650 6.198 25.257 9.410 3.835 20.013 18.690 0.887 13.244 8.962 13.900 17.462 17.639 19.559 5.046 8.779 19.921 8.013 19.127 13.448 9.248 25.826 18.864 7.141 9.171 9.839 16.008 26.308 11.179 4.605 22.107 12.924 7.120 7.795 16.293 9.612 18.987 13.480 3.708 19.173 14.526 17.163 15.773 13.712 16.904 12.471 24.157 21.756 10.345 20.887 21.761 15.014 18.340 19.721 13.230 16.949 19.527 17.055 14.673 22.156 8.461 10.916 2.807 12.164 16.278 14.117 19.228 20.291 18.723 23.570 21.254 7.032 13.961 4.928 14.139 18.367 20.776 19.078 10.664 18.389 18.509 6.801 19.538 17.284 5.930 11.691 5.771 10.097 7.547 11.154 21.161 21.255 13.377 15.732 7.512 17.525 17.106 7.744 17.777 17.607 20.424 17.812 13.082 7.955 17.088 17.916 19.646 13.171 
30 8.038 14.825 8.927 7.322 14.878 17.321 11.552 14.203 17.607 11.820 16.171 8.338 6.235 2.507 11.495 14.628 9.388 14.826 11.865 3.238 5.044 3.322 2.981 11.006 15.310 13.017 17.850 5.247 18.283 0.000 8.444 7.405 13.088 9.968 13.793 12.176 10.716 16.423 14.571 14.564 13.537 18.413 9.343 10.084 7.551 6.133 0.715 5.582 13.418 9.571 3.953 11.387 0.912 7.556 17.199 11.113 20.483 11.420 9.765 8.514 5.642 11.734 9.225 13.717 5.286 15.146 11.567 17.029 6.967 10.403 2.296 4.812 14.916 20.595 7.344 4.899 7.150 9.988 5.382 8.674 8.555 5.684 7.996 5.696 11.325 10.624 5.607 12.988 18.153 11.974 8.930 16.520 3.809 9.186 11.547 10.822 15.567 6.155 4.360 4.795 3.833 3.103 2.316 10.645 4.458 11.318 4.531 17.397 11.763 10.680 14.045 2.161 7.691 2.171 14.202 11.778 9.483 2.468 13.575 7.365 12.640 8.411 10.736 14.020 3.634 4.766 11.215 3.897 10.933 0.767 1.178 16.660 2.688 15.481 4.704 16.950 8.032 17.245 6.796 7.879 8.927 8.038 
31 5.063 9.029 8.527 2.657 14.130 14.221 7.219 5.793 14.708 13.849 7.874 3.484 13.029 9.915 17.111 10.150 5.297 8.254 14.875 8.443 7.188 7.345 6.609 14.117 8.758 5.352 12.343 6.120 9.882 8.444 0.000 3.970 13.657 1.612 14.121 4.012 16.165 9.647 6.303 14.094 12.693 9.975 6.091 2.420 6.610 9.242 7.781 10.168 4.976 1.129 10.192 3.588 9.313 6.130 10.272 16.710 16.906 3.038 2.105 1.430 7.651 17.256 3.894 5.288 12.348 10.236 3.243 9.627 7.618 4.836 9.134 3.724 6.476 17.128 6.058 7.760 7.201 6.964 7.640 4.801 14.722 12.110 1.430 11.360 13.800 8.433 9.807 13.101 12.662 10.652 11.173 13.449 4.792 13.330 4.149 5.294 7.248 2.291 6.715 4.914 10.016 10.443 8.878 14.883 11.473 3.190 4.437 9.270 8.524 11.018 14.327 9.215 0.791 8.852 12.938 3.390 11.396 7.449 5.393 2.506 4.487 2.065 2.381 8.364 11.302 11.518 7.575 6.010 3.055 7.679 7.276 9.265 8.370 13.124 10.765 14.140 6.111 9.877 8.293 10.402 11.267 5.063 
32 8.168 12.996 11.272 1.340 17.334 17.956 10.965 8.099 18.416 16.174 11.013 6.952 13.252 7.871 18.088 14.018 8.824 12.206 16.890 8.907 8.672 4.894 7.054 16.058 12.708 9.161 16.312 2.917 11.887 7.405 3.970 0.000 16.458 5.298 17.016 5.773 17.197 13.559 8.055 17.220 15.868 12.242 9.466 6.374 2.650 5.716 6.959 11.206 7.781 4.671 10.498 7.443 8.059 2.163 14.149 17.686 20.749 6.420 6.070 2.768 4.175 18.283 7.597 7.770 12.391 14.155 6.718 13.388 9.840 3.000 9.009 3.359 9.188 20.959 8.721 9.087 9.578 10.369 9.199 8.184 15.347 12.484 2.551 12.047 15.962 11.732 6.501 16.017 16.631 13.858 13.248 17.163 5.135 14.818 8.081 9.162 9.081 3.594 7.925 2.618 7.389 10.221 8.830 16.409 11.498 5.034 3.001 12.586 12.102 13.745 17.244 9.002 3.888 6.803 16.235 6.701 13.610 7.655 8.855 5.597 6.152 2.167 5.003 12.321 10.930 11.686 11.190 6.964 4.463 6.772 6.319 13.038 6.093 16.688 11.214 17.820 2.161 13.645 10.303 6.600 13.314 8.168 
33 8.594 10.163 5.200 15.319 2.474 6.851 7.909 17.298 6.748 2.360 16.532 10.222 10.172 15.527 8.958 7.972 8.644 11.520 3.950 9.859 8.405 15.612 10.671 4.080 11.646 13.064 10.875 16.448 20.465 13.088 13.657 16.458 0.000 13.790 0.727 16.857 8.302 12.539 18.351 1.976 2.232 20.011 7.738 12.580 18.386 18.733 12.683 7.842 16.075 14.055 9.838 12.924 13.611 18.085 13.227 8.758 9.620 14.422 12.586 14.975 17.659 8.848 10.114 16.760 10.620 8.782 14.237 14.200 6.740 18.408 11.049 13.361 16.949 9.569 7.759 8.317 6.911 7.007 7.929 8.935 9.239 9.587 14.704 8.635 3.091 5.552 18.487 0.792 11.011 3.521 4.252 6.392 11.853 5.841 12.254 9.693 18.888 12.883 9.241 15.080 16.920 11.212 10.907 5.946 10.579 16.292 14.203 16.549 6.334 2.714 0.974 11.245 13.172 15.225 2.932 14.619 3.666 10.753 14.608 11.211 17.239 15.481 15.290 9.754 11.670 10.168 7.099 10.158 16.439 12.854 12.986 13.986 15.558 4.915 9.382 6.245 18.356 14.237 6.522 20.479 4.290 8.594 
34 5.354 7.933 8.838 4.074 13.979 13.566 6.688 4.446 14.081 14.250 6.271 3.657 14.235 11.514 18.034 9.344 5.165 6.978 15.411 9.689 8.175 8.956 7.930 14.699 7.469 3.865 11.202 7.672 8.501 9.968 1.612 5.298 13.790 0.000 14.186 3.135 17.080 8.274 5.142 14.001 12.587 8.520 6.057 1.367 7.941 10.774 9.290 11.192 3.490 0.628 11.429 2.156 10.851 7.447 8.852 17.637 16.077 1.453 1.236 2.534 9.182 18.159 3.684 3.904 13.610 9.315 1.633 8.114 8.266 5.384 10.496 5.315 4.968 16.318 6.565 8.773 7.793 6.846 8.575 4.874 15.789 13.290 2.797 12.466 14.283 8.343 11.378 13.171 11.516 10.567 11.756 12.827 6.236 14.119 2.860 4.642 6.001 3.827 7.821 6.513 11.627 11.797 10.230 15.631 12.754 2.503 6.049 7.658 8.158 11.256 14.375 10.593 2.289 10.456 12.732 1.810 11.906 8.789 3.783 3.267 3.568 3.170 1.501 7.343 12.672 12.762 7.203 7.234 2.695 9.201 8.812 7.759 9.981 12.673 11.951 13.550 7.355 8.368 9.008 11.857 11.861 5.354 
35 9.066 10.152 5.744 15.856 1.901 6.388 8.118 17.579 6.239 2.966 16.676 10.662 10.883 16.238 9.490 7.890 9.023 11.561 4.464 10.567 9.069 16.282 11.343 4.685 11.656 13.277 10.640 17.078 20.650 13.793 14.121 17.016 0.727 14.186 0.000 17.225 8.872 12.503 18.649 1.391 2.077 20.169 8.130 12.948 18.988 19.401 13.379 8.568 16.356 14.476 10.564 13.228 14.324 18.678 13.166 9.309 9.049 14.760 12.970 15.459 18.308 9.365 10.502 17.048 11.340 8.684 14.563 14.195 7.364 18.900 11.766 13.958 17.180 8.984 8.299 9.000 7.508 7.359 8.601 9.361 9.898 10.307 15.204 9.360 3.713 5.876 19.171 1.020 10.758 3.730 4.977 5.993 12.479 6.518 12.534 9.976 19.155 13.431 9.902 15.697 17.623 11.939 11.622 6.532 11.305 16.684 14.816 16.621 6.516 3.309 0.252 11.963 13.661 15.924 2.629 14.944 4.390 11.444 14.835 11.701 17.596 15.979 15.684 9.795 12.397 10.894 7.336 10.808 16.853 13.548 13.672 13.996 16.247 4.539 10.110 5.774 18.939 14.218 7.184 21.143 5.017 9.066 
36 8.488 9.881 11.964 5.089 16.902 16.028 9.450 2.338 16.569 17.379 5.547 6.791 17.037 13.282 21.068 11.706 8.214 8.583 18.546 12.449 11.157 10.425 10.597 17.831 9.000 5.210 12.910 8.652 6.198 12.176 4.012 5.773 16.857 3.135 17.225 0.000 20.118 9.493 2.400 16.960 15.548 6.486 9.123 4.278 8.038 11.458 11.558 14.157 2.354 3.081 14.196 4.231 12.996 7.553 9.858 20.669 18.259 2.558 4.283 3.669 9.943 21.203 6.750 2.091 16.344 11.508 2.834 8.742 11.381 4.109 13.088 7.364 3.528 18.525 9.696 11.740 10.916 9.867 11.588 7.985 18.725 16.121 4.184 15.368 17.418 11.354 12.273 16.216 13.203 13.557 14.886 15.341 8.716 17.208 5.043 7.405 3.415 6.178 10.718 7.919 13.046 14.396 12.839 18.734 15.463 0.859 7.780 7.214 11.008 14.362 17.405 13.156 4.795 12.193 15.629 2.500 15.041 11.423 4.095 6.302 0.477 3.899 1.691 9.465 15.239 15.519 10.070 10.021 1.322 11.429 10.998 8.450 11.579 15.371 14.776 16.091 7.265 8.999 12.109 12.130 14.990 8.488 
37 12.092 16.941 9.332 16.547 10.760 15.116 13.730 21.413 15.043 5.943 21.871 13.646 4.699 12.360 0.956 15.245 13.031 17.912 4.439 8.300 8.977 14.025 10.147 4.236 18.205 18.149 18.561 15.764 25.257 10.716 16.165 17.197 8.302 17.080 8.872 20.118 0.000 19.285 22.215 10.252 10.320 25.046 12.247 16.338 18.072 16.771 10.782 6.057 20.283 17.038 6.854 17.249 10.660 17.980 20.072 0.574 17.916 18.245 16.171 17.028 16.352 1.095 14.090 20.849 5.656 16.055 18.202 20.686 8.966 19.958 8.511 13.878 21.549 17.855 10.733 8.417 9.489 12.060 8.531 12.815 2.346 5.040 16.574 5.177 5.232 11.247 16.086 8.886 18.756 10.463 6.080 14.587 12.108 3.216 16.876 14.675 23.025 14.343 9.519 14.884 13.958 7.654 8.601 2.364 6.331 19.335 14.243 22.418 12.626 8.243 9.033 8.598 15.424 12.670 11.119 18.553 6.326 9.568 19.434 13.827 20.582 17.266 18.429 16.301 7.413 5.973 12.910 10.377 19.214 11.000 11.378 20.390 13.341 13.110 6.096 14.519 18.410 20.797 8.170 18.466 5.950 12.092 
38 8.579 2.396 10.051 12.289 11.226 8.232 5.648 8.177 8.793 14.245 5.435 8.104 18.347 18.553 20.178 4.636 7.217 1.601 15.878 14.670 12.402 16.540 13.599 15.522 1.151 4.472 3.683 15.691 9.410 16.423 9.647 13.559 12.539 8.274 12.503 9.493 19.285 0.000 9.298 11.545 10.427 8.684 7.618 7.233 16.208 18.825 15.712 14.845 7.316 8.902 16.080 6.120 17.327 15.716 0.815 19.849 9.485 7.414 7.560 10.806 17.244 20.185 7.207 7.911 18.107 3.893 7.080 1.767 11.116 13.289 15.928 12.724 7.066 9.790 9.697 12.940 10.620 7.443 12.473 7.847 18.962 17.382 11.020 16.289 14.686 8.039 19.289 11.747 3.924 9.197 13.210 7.846 12.766 16.081 5.498 5.622 9.200 11.203 12.628 14.353 19.088 17.022 15.647 17.144 17.454 9.607 13.676 4.590 6.672 11.209 12.561 16.098 9.985 17.619 10.009 7.254 12.972 14.382 5.411 9.264 9.550 11.444 9.006 2.984 17.892 17.267 6.415 12.666 10.157 15.714 15.458 1.694 17.352 8.665 16.264 8.575 15.629 1.736 11.861 20.047 13.339 8.579 
39 10.319 10.253 13.699 7.468 18.117 16.672 10.611 1.163 17.232 19.099 4.334 8.653 19.314 15.671 23.170 12.364 9.804 8.767 20.366 14.737 13.314 12.794 12.912 19.692 9.090 5.681 12.931 10.964 3.835 14.571 6.303 8.055 18.351 5.142 18.649 2.400 22.215 9.298 0.000 18.234 16.842 4.222 10.720 5.971 10.134 13.660 13.948 16.330 2.327 5.268 16.485 5.427 15.394 9.670 9.471 22.774 18.576 4.035 6.085 6.069 12.188 23.291 8.423 1.620 18.648 12.014 4.157 8.152 13.347 5.917 15.430 9.759 2.281 18.863 11.609 13.911 12.855 11.361 13.716 9.718 20.923 18.383 6.584 17.588 19.205 12.798 14.521 17.662 13.195 14.926 16.772 16.056 11.068 19.225 6.121 8.674 1.028 8.532 12.935 10.298 15.395 16.739 15.177 20.715 17.775 3.255 10.178 5.969 12.221 15.991 18.809 15.505 7.094 14.583 16.818 3.778 16.871 13.750 4.164 8.408 1.951 6.283 3.922 10.012 17.591 17.814 11.336 12.291 3.694 13.822 13.393 7.935 13.958 16.296 17.039 16.820 9.327 8.388 14.108 14.190 16.883 10.319 
40 9.111 9.249 6.055 16.009 0.510 5.015 7.623 17.133 4.850 4.324 15.983 10.610 12.077 17.043 10.879 6.910 8.858 10.726 5.853 11.378 9.681 16.871 11.966 6.047 10.772 12.725 9.438 17.512 20.013 14.564 14.094 17.220 1.976 14.001 1.391 16.960 10.252 11.545 18.234 0.000 1.414 19.487 8.012 12.711 19.320 19.977 14.102 9.549 15.917 14.343 11.544 12.854 15.152 18.983 12.168 10.695 7.664 14.446 12.769 15.474 18.809 10.756 10.335 16.619 12.478 7.670 14.224 13.272 7.862 18.919 12.636 14.296 16.639 7.604 8.532 9.692 7.915 7.168 9.251 9.294 11.211 11.449 15.262 10.456 5.063 5.676 19.814 1.648 9.535 3.446 5.984 4.661 12.923 7.807 12.118 9.593 18.675 13.627 10.495 16.092 18.372 12.918 12.471 7.905 12.379 16.475 15.202 15.807 6.012 3.886 1.278 12.838 13.702 16.657 1.539 14.600 5.396 12.156 14.298 11.760 17.306 16.028 15.483 8.978 13.433 11.979 6.913 11.348 16.692 14.258 14.344 13.099 16.926 3.244 11.145 4.399 19.213 13.276 7.816 21.697 6.045 9.111 
41 7.732 8.081 4.810 14.643 1.467 4.820 6.238 15.747 4.818 4.435 14.684 9.208 11.583 16.035 11.037 5.814 7.447 9.507 6.098 10.408 8.567 15.700 10.840 6.091 9.589 11.365 8.643 16.251 18.690 13.537 12.693 15.868 2.232 12.587 2.077 15.548 10.320 10.427 16.842 1.414 0.000 18.185 6.605 11.297 18.011 18.790 13.038 8.780 14.529 12.931 10.747 11.452 14.171 17.663 11.089 10.808 7.801 13.037 11.355 14.078 17.580 10.949 8.923 15.229 11.885 6.610 12.818 12.123 6.693 17.521 11.713 12.999 15.279 7.799 7.217 8.639 6.691 5.756 8.170 7.892 10.988 10.873 13.873 9.823 5.101 4.266 18.671 1.486 8.779 2.041 5.341 4.267 11.682 7.575 10.722 8.189 17.298 12.278 9.359 14.816 17.312 12.108 11.527 7.957 11.694 15.061 13.923 14.577 4.624 2.942 2.140 11.917 12.312 15.590 0.822 13.195 4.779 11.095 12.935 10.377 15.896 14.638 14.068 7.744 12.689 11.313 5.511 10.171 15.278 13.184 13.240 11.929 15.817 2.790 10.421 4.243 17.881 12.144 6.743 20.494 5.425 7.732 
42 12.955 10.484 15.985 11.558 19.267 16.861 12.116 4.238 17.427 21.175 3.505 11.462 22.646 19.708 25.999 12.860 12.080 8.906 22.615 18.159 16.445 16.894 16.443 22.042 9.011 7.035 12.269 15.136 0.887 18.413 9.975 12.242 20.011 8.520 20.169 6.486 25.046 8.684 4.222 19.487 18.185 0.000 12.935 8.848 14.355 17.878 17.755 19.434 5.030 8.854 19.883 7.809 19.272 13.892 8.480 25.617 18.102 7.111 9.082 10.057 16.395 26.086 10.957 4.698 22.073 12.282 7.049 7.029 16.083 10.112 19.013 13.635 3.580 18.413 14.318 17.056 15.557 13.355 16.774 12.233 24.020 21.683 10.552 20.785 21.412 14.613 18.728 19.256 12.460 16.491 19.241 16.401 14.743 21.916 8.182 10.565 3.228 12.266 16.212 14.381 19.527 20.311 18.745 23.302 21.232 7.287 14.172 4.142 13.677 17.985 20.287 19.112 10.743 18.622 17.973 6.759 19.227 17.304 5.624 11.635 6.091 10.365 7.699 10.570 21.189 21.215 12.949 15.713 7.808 17.650 17.241 7.002 18.034 17.003 20.360 17.153 13.547 7.178 16.884 18.404 19.363 12.955 
