param n := 84;
param m := 7;
param L := 45;
param Q := 6;
param T := 720;
param t :
    1   2   3   4   5   6   7   8   9  10  11  12  13  14  15  16  17  18  19  20  21  22  23  24  25  26  27  28  29  30  31  32  33  34  35  36  37  38  39  40  41  42  43  44  45  46  47  48  49  50  51  52  53  54  55  56  57  58  59  60  61  62  63  64  65  66  67  68  69  70  71  72  73  74  75  76  77  78  79  80  81  82  83  84  85  86  87  88  89  90  91  92  93  94  95  96  97  98  99 100 101 102 103 104 105 106 107 108 109 110 111 112 113 114 115 116 117 118 119 120 121 122 123 124 125 126 127 128 129 130 131 132 133 134 135 136 137 138 139 140 141 142 143 144 145 146 147 148 149 150 151 152 153 154 155 156 157 158 159 160 161 162 163 164 165 166 167 168 169 170 :=
1 0.000 8.747 7.713 6.269 7.466 9.612 7.246 9.432 12.313 11.357 8.005 11.763 3.974 5.581 8.416 13.483 8.910 10.763 8.556 9.080 5.008 1.113 6.072 5.381 5.578 7.486 8.988 7.857 7.918 9.300 4.689 11.576 12.764 13.610 13.290 10.038 8.703 6.830 1.335 10.167 12.481 6.921 10.691 9.473 5.173 5.594 10.977 5.940 8.552 5.981 7.472 7.741 4.119 4.875 10.735 7.083 11.381 5.636 9.255 9.398 9.438 6.347 5.381 1.729 4.144 0.978 8.662 8.578 10.396 8.976 9.393 5.742 9.745 9.472 9.656 6.803 9.810 10.153 8.597 9.844 9.755 7.347 4.139 9.285 7.130 10.686 11.335 8.708 8.471 4.800 9.213 9.331 9.400 5.673 6.608 6.243 6.445 3.024 5.459 9.757 8.721 8.150 10.926 12.520 3.772 4.805 5.863 6.840 0.661 11.352 8.928 8.089 6.033 3.555 3.420 3.790 8.696 9.300 6.580 7.461 9.091 9.971 9.764 8.082 2.164 8.561 10.273 4.882 6.021 1.318 6.663 5.104 12.684 8.003 4.417 7.500 8.129 9.197 8.927 12.104 6.259 9.889 4.565 9.713 5.109 7.079 11.086 1.074 9.541 10.452 10.174 9.588 4.589 9.959 10.270 9.630 13.228 12.422 10.404 2.450 11.882 8.871 10.085 9.652 11.420 7.224 7.972 13.501 7.000 0.000 
2 8.747 0.000 7.771 7.145 13.839 16.669 15.028 15.149 6.136 17.240 16.750 6.991 12.350 14.278 0.431 10.883 16.197 15.353 6.120 14.164 13.709 8.531 2.858 5.740 10.149 2.257 14.598 16.603 14.945 16.715 4.452 17.455 8.527 21.459 8.449 11.636 11.328 12.226 9.918 17.574 20.461 15.141 17.509 16.159 3.708 3.779 18.202 14.670 16.138 2.788 2.032 4.499 12.859 12.863 17.310 8.396 8.839 10.441 17.232 5.679 15.936 3.166 3.860 10.257 7.302 9.643 10.018 16.876 9.551 2.058 8.844 4.541 8.559 16.986 15.481 9.253 16.992 11.085 2.039 4.370 18.494 2.986 4.904 12.085 4.946 17.912 18.993 16.646 5.200 10.856 15.050 7.888 7.877 12.133 2.375 13.561 2.598 9.003 7.522 17.432 6.008 15.064 4.847 19.544 10.365 6.243 2.982 15.448 8.093 9.055 11.865 12.975 9.302 12.177 11.414 12.536 17.235 16.220 14.199 6.847 17.814 10.874 11.318 3.063 6.591 13.229 12.996 7.030 7.807 7.431 13.060 5.432 19.636 14.804 12.861 13.466 6.549 5.143 6.247 20.144 2.548 17.523 7.369 3.102 3.969 15.825 18.050 7.993 16.830 9.206 5.906 17.597 12.380 4.181 16.566 6.760 8.511 18.688 19.060 6.418 6.819 8.628 10.224 4.836 16.675 9.348 16.487 8.355 14.436 8.747 
3 7.713 7.771 0.000 1.466 7.715 10.592 14.818 8.307 13.800 19.039 13.785 14.305 11.419 12.259 7.359 5.785 10.408 18.182 2.219 16.567 11.751 8.486 5.804 9.821 12.629 5.529 16.589 13.836 9.133 10.975 5.065 19.260 15.764 15.721 15.880 3.875 3.688 5.832 7.905 11.710 14.976 10.722 18.391 17.185 5.685 4.849 18.616 11.768 10.674 6.315 5.776 10.620 10.756 8.678 10.760 12.749 15.402 4.428 16.651 3.361 17.149 8.322 4.994 9.317 10.034 7.928 14.608 15.745 2.729 9.530 1.715 9.097 2.040 17.067 17.308 2.198 17.476 3.409 5.963 4.931 15.687 4.789 7.538 15.983 10.535 11.830 18.830 16.150 11.558 5.632 16.859 13.781 1.821 6.625 5.926 13.944 5.733 10.239 11.147 17.287 12.246 9.125 12.408 20.178 5.944 3.177 7.168 13.658 7.283 15.525 4.250 15.476 12.549 9.342 7.803 10.392 13.147 10.087 14.225 12.048 14.426 3.191 15.930 9.772 6.598 15.907 5.256 10.404 1.778 6.994 7.169 9.323 20.352 15.715 11.751 15.125 12.262 3.636 12.517 14.771 7.117 17.432 3.151 5.915 5.223 13.023 18.768 6.670 10.946 15.170 12.904 12.454 12.260 11.566 9.906 2.745 15.908 20.134 15.170 7.306 14.219 1.224 15.552 11.914 19.010 2.009 12.440 15.870 14.672 7.713 
4 6.269 7.145 1.466 0.000 7.267 10.184 13.420 8.209 12.981 17.579 12.668 13.333 10.033 10.989 6.717 7.214 9.894 16.718 2.782 15.101 10.465 7.023 4.815 8.503 11.173 4.898 15.124 12.689 8.600 10.453 3.818 17.801 14.751 15.258 14.929 4.868 4.236 5.446 6.533 11.243 14.428 9.825 16.957 15.741 4.528 3.787 17.205 10.606 10.057 5.281 5.113 9.502 9.467 7.671 10.549 11.383 14.246 3.787 15.294 3.909 15.699 7.213 3.883 7.899 8.615 6.532 13.235 14.427 4.194 8.719 3.179 7.859 3.479 15.666 15.845 2.110 16.056 4.585 5.573 5.165 14.571 4.208 6.208 14.557 9.348 11.442 17.456 14.782 10.443 4.762 15.395 12.550 3.149 5.905 5.043 12.509 4.829 8.774 9.758 15.903 11.094 8.639 11.553 18.761 4.865 1.747 6.066 12.383 5.825 14.351 4.751 14.012 11.120 8.113 6.647 9.101 12.224 9.692 12.809 10.772 13.388 4.369 14.547 8.786 5.142 14.445 5.966 9.014 0.762 5.528 6.611 8.008 18.932 14.270 10.384 13.661 11.038 3.996 11.363 14.188 6.081 16.044 1.736 5.864 4.057 11.869 17.343 5.218 10.474 13.927 11.874 11.774 10.834 10.665 9.736 3.675 14.944 18.685 14.236 5.865 13.275 2.677 14.232 10.924 17.545 2.218 11.496 14.952 13.248 6.269 
5 7.466 13.839 7.715 7.267 0.000 2.918 11.530 2.059 18.911 16.828 7.922 18.732 8.638 7.888 13.416 12.136 2.701 17.150 9.856 15.447 7.660 8.556 11.056 12.587 12.758 11.758 15.057 8.164 1.467 3.267 9.516 17.019 19.905 8.016 20.323 6.560 5.137 1.885 6.378 3.999 7.267 4.118 15.391 14.562 10.348 10.066 15.119 6.577 3.080 11.319 11.911 14.614 6.981 3.526 3.504 14.549 18.731 3.498 12.547 11.022 14.719 12.671 10.013 7.803 11.591 6.723 16.095 11.289 9.016 14.930 8.440 12.600 9.099 13.532 15.454 5.517 14.256 7.265 12.636 12.421 9.615 11.184 10.725 16.471 14.144 4.176 14.739 12.238 15.468 3.059 15.084 16.715 9.291 1.854 11.483 11.531 11.256 10.331 12.915 13.486 15.870 1.414 17.455 16.648 3.866 7.617 11.742 9.060 7.703 18.728 4.819 14.720 13.419 5.550 4.333 6.775 6.323 2.429 11.355 14.819 8.027 7.232 17.134 14.491 8.543 15.217 5.481 12.307 6.505 8.089 0.832 12.212 16.877 13.321 8.613 13.634 15.413 11.203 16.104 7.079 11.975 13.654 6.488 13.105 9.973 7.527 15.541 7.246 3.233 17.889 17.141 4.911 9.961 16.483 2.869 10.452 20.287 17.401 8.242 9.295 18.786 8.059 17.547 16.423 17.337 5.753 5.786 20.469 11.881 7.466 
6 9.612 16.669 10.592 10.184 2.918 0.000 12.017 2.914 21.536 17.422 7.327 21.231 9.714 8.301 16.250 14.658 0.826 18.185 12.755 16.537 8.272 10.626 13.854 14.941 14.435 14.629 16.015 7.676 1.754 0.924 12.288 17.590 22.324 5.135 22.799 8.958 7.702 4.771 8.361 1.188 4.501 3.865 15.722 15.109 13.107 12.890 15.235 6.750 1.576 14.082 14.772 17.125 7.902 4.870 1.467 16.583 20.992 6.412 12.538 13.920 15.339 15.303 12.820 9.509 13.737 8.733 17.978 11.198 11.676 17.662 11.194 15.095 11.862 13.733 16.264 8.398 14.556 9.746 15.529 15.336 8.634 14.072 13.259 18.047 16.599 1.259 14.584 12.354 17.939 5.815 15.947 18.940 12.106 4.539 14.300 12.406 14.075 12.203 15.028 13.560 18.272 1.605 20.090 16.668 6.427 10.484 14.439 9.150 9.979 20.961 7.281 15.981 15.268 6.840 6.207 7.822 5.103 0.508 12.050 17.073 6.961 9.752 18.896 17.130 11.031 16.472 7.568 14.487 9.423 10.463 3.628 14.609 16.912 14.051 9.534 14.700 17.730 14.112 18.491 4.388 14.702 13.728 9.359 16.020 12.756 7.279 15.760 9.626 0.587 20.028 19.633 2.829 11.055 19.113 1.760 13.314 22.750 17.746 6.627 11.720 21.311 10.849 19.513 18.981 18.122 8.605 4.884 22.974 12.561 9.612 
7 7.246 15.028 14.818 13.420 11.530 12.017 0.000 13.501 16.457 5.405 5.475 15.196 3.409 3.729 14.798 20.600 11.197 6.554 15.802 5.161 3.873 6.843 12.798 9.760 5.868 14.328 4.403 5.058 10.990 11.231 11.691 5.575 15.541 13.493 16.329 16.461 14.959 12.035 6.925 11.821 12.293 8.152 3.874 3.092 11.959 12.586 3.825 5.268 10.455 12.536 14.251 12.198 4.611 8.026 13.477 8.899 13.468 11.684 2.215 16.634 3.332 12.003 12.349 5.542 7.939 6.891 9.147 2.342 17.410 14.511 16.437 10.801 16.857 2.249 4.391 13.519 2.779 16.777 15.418 16.968 5.877 14.342 10.149 7.930 11.435 12.495 4.101 1.627 12.466 10.382 4.166 11.632 16.569 10.451 13.305 1.636 13.195 6.032 8.378 2.514 12.231 11.286 15.390 5.402 9.503 12.045 12.068 3.044 7.816 13.277 15.003 5.187 7.139 6.167 7.767 4.889 7.824 12.010 0.860 10.456 6.632 16.626 9.341 13.236 9.085 5.562 16.192 8.480 13.061 8.336 11.039 9.867 5.597 2.208 3.153 3.586 11.291 16.413 12.295 11.855 12.507 2.643 11.685 16.660 12.035 5.012 4.096 8.320 11.603 12.008 13.885 10.172 2.722 14.588 13.484 16.872 16.199 5.872 8.164 8.865 15.460 15.911 10.731 13.898 6.173 13.953 7.558 16.693 0.928 7.246 
8 9.432 15.149 8.307 8.209 2.059 2.914 13.501 0.000 20.499 18.834 9.529 20.436 10.681 9.816 14.719 11.854 3.267 19.204 10.523 17.502 9.629 10.535 12.462 14.419 14.795 12.977 17.103 9.817 2.666 3.712 10.991 19.021 21.662 7.795 22.039 6.144 5.027 2.961 8.397 4.081 7.331 5.728 17.344 16.555 11.831 11.434 17.020 8.423 3.978 12.782 13.157 16.329 8.996 5.551 2.511 16.505 20.582 4.736 14.403 11.667 16.724 14.289 11.415 9.851 13.523 8.734 18.087 13.113 8.999 16.409 8.634 14.341 9.303 15.448 17.486 6.199 16.199 6.963 13.757 13.207 11.079 12.343 12.453 18.513 15.904 3.914 16.562 14.127 17.209 4.786 17.122 18.591 9.632 3.759 12.844 13.563 12.616 12.345 14.853 15.370 17.655 2.397 19.040 18.529 5.724 8.918 13.296 10.918 9.619 20.594 4.545 16.779 15.427 7.597 6.386 8.805 7.610 2.471 13.362 16.689 9.428 6.992 19.149 16.089 10.332 17.276 4.675 14.222 7.466 9.954 2.789 14.021 18.763 15.339 10.640 15.686 17.249 11.931 17.896 7.262 13.488 15.539 7.807 14.051 11.422 9.257 17.470 9.120 3.469 19.798 18.857 5.645 12.010 18.079 1.630 10.934 22.013 19.362 9.349 11.116 20.468 8.351 19.515 18.087 19.370 6.304 7.209 22.161 13.888 9.432 
9 12.313 6.136 13.800 12.981 18.911 21.536 16.457 20.499 0.000 16.700 19.807 1.842 14.816 17.076 6.510 16.857 20.936 14.176 12.254 13.606 16.564 11.588 8.194 7.130 10.624 8.294 14.325 19.552 19.783 21.394 9.534 16.880 3.057 25.892 2.585 17.674 17.217 17.539 13.646 22.271 24.781 19.231 17.703 16.435 8.699 9.244 18.682 17.951 20.706 7.788 8.037 4.601 15.959 17.107 22.410 7.696 4.649 15.783 18.600 11.782 16.092 6.242 9.204 13.270 8.885 13.290 8.316 18.691 15.687 4.273 14.966 6.571 14.694 17.889 15.191 15.031 17.579 17.168 8.154 10.329 21.267 9.038 8.305 10.527 5.293 22.716 19.830 18.032 4.054 15.852 14.853 5.328 14.013 17.083 7.938 14.824 8.152 10.971 8.118 18.447 4.231 19.958 1.460 19.691 15.119 11.727 7.204 17.916 11.785 4.958 17.728 12.589 9.379 15.828 15.608 15.722 20.930 21.142 15.604 6.012 21.026 16.954 9.162 4.420 10.539 12.617 18.937 8.183 13.552 11.203 18.087 7.278 19.706 15.405 15.335 13.717 5.187 11.247 4.192 24.411 7.036 18.485 12.770 8.974 9.135 18.891 18.306 12.000 21.581 5.909 2.595 21.882 14.281 2.428 21.758 12.878 2.709 18.261 22.479 9.934 1.479 14.727 7.496 2.691 15.742 15.195 20.229 2.349 15.637 12.313 
10 11.357 17.240 19.039 17.579 16.828 17.422 5.405 18.834 16.700 0.000 10.648 15.060 8.287 9.129 17.131 24.766 16.602 2.793 19.583 3.148 9.229 10.560 15.677 11.501 7.114 17.207 2.647 10.231 16.369 16.633 14.995 0.224 14.859 18.603 15.735 21.243 19.804 17.149 11.508 17.207 17.435 13.557 2.168 2.314 14.989 15.797 3.300 10.673 15.859 15.274 17.059 13.359 9.848 13.303 18.882 9.254 12.627 16.548 5.522 20.217 2.110 14.077 15.550 9.909 10.050 11.354 8.391 6.755 21.743 16.115 20.735 12.699 21.055 4.076 1.790 18.104 3.164 21.445 18.191 20.160 10.515 17.431 12.838 6.253 12.660 17.882 4.769 5.413 13.238 15.343 2.241 11.377 20.658 15.602 16.104 5.375 16.062 8.955 9.731 4.533 12.703 16.666 16.020 3.375 14.378 15.983 14.560 8.361 11.756 12.353 19.923 4.297 7.968 11.330 12.824 10.069 13.081 17.412 5.474 11.045 11.663 21.273 7.770 14.721 12.626 4.140 21.185 10.216 17.376 12.082 16.280 11.820 3.288 3.532 8.232 3.967 11.750 19.893 12.649 17.003 14.974 4.409 15.909 19.538 15.212 10.330 2.589 12.374 17.006 11.102 14.172 15.508 7.074 15.459 18.879 20.680 15.571 1.562 13.072 12.110 15.396 20.217 9.500 14.584 1.321 18.533 12.892 16.168 4.948 11.357 
11 8.005 16.750 13.785 12.668 7.922 7.327 5.475 9.529 19.807 10.648 0.000 18.901 5.061 2.757 16.413 19.216 6.581 12.028 15.414 10.588 3.245 8.385 14.030 12.681 10.088 15.362 9.867 0.420 6.865 6.431 12.549 10.783 19.573 8.020 20.260 14.108 12.572 9.157 6.870 6.818 6.826 3.822 8.718 8.384 13.130 13.425 8.063 2.122 5.783 13.976 15.381 15.231 3.925 5.184 8.769 12.974 17.728 9.633 5.350 16.472 8.700 14.239 13.239 6.628 10.938 7.117 13.761 4.004 15.930 16.892 15.102 13.396 15.670 6.680 9.851 11.901 7.567 14.662 16.460 17.329 1.904 15.108 12.056 13.017 14.517 7.483 7.283 5.284 15.773 8.270 9.641 15.715 15.601 7.669 14.565 6.521 14.387 8.871 11.889 6.401 15.782 7.133 18.524 9.416 7.841 11.883 13.857 2.474 8.657 17.595 12.416 10.427 11.273 4.706 6.022 4.226 2.454 7.477 5.873 14.148 1.277 14.569 14.262 15.866 10.160 10.858 13.315 11.669 12.063 9.319 7.778 12.578 9.665 7.682 4.573 8.879 14.961 16.423 15.920 6.389 14.259 6.564 11.075 17.453 13.005 0.931 8.654 8.805 6.808 16.414 17.402 4.963 5.966 17.600 9.014 16.342 20.159 10.700 2.851 10.400 19.098 14.610 15.397 17.120 11.573 12.295 2.448 20.559 6.278 8.005 
12 11.763 6.991 14.305 13.333 18.732 21.231 15.196 20.436 1.842 15.060 18.901 0.000 13.853 16.147 7.301 17.870 20.584 12.476 12.979 12.008 15.662 10.920 8.528 6.399 9.328 8.947 12.763 18.618 19.488 21.011 9.666 15.233 1.540 25.365 1.611 18.145 17.540 17.498 13.092 21.886 24.222 18.659 16.172 14.935 8.863 9.545 17.191 17.143 20.288 8.051 8.680 4.118 15.142 16.630 22.199 6.310 2.807 15.789 17.289 12.653 14.577 6.214 9.459 12.513 7.993 12.724 6.674 17.479 16.406 4.950 15.612 6.141 15.411 16.489 13.612 15.302 16.122 17.711 9.024 11.340 20.260 9.675 8.007 8.837 4.642 22.370 18.393 16.733 3.298 15.697 13.294 3.714 14.736 16.882 8.380 13.561 8.572 10.032 7.030 17.062 3.123 19.685 2.262 18.129 14.881 11.915 7.312 16.881 11.301 3.117 18.023 11.044 8.058 15.182 15.150 14.936 20.200 20.865 14.355 4.794 20.146 17.494 7.419 4.548 10.210 11.030 19.289 7.243 13.831 10.776 17.901 6.661 18.131 13.987 14.359 12.266 3.962 12.119 2.982 23.836 7.253 17.090 12.883 10.021 9.327 18.003 16.778 11.607 21.225 4.112 1.598 21.341 13.186 2.816 21.600 13.714 1.612 16.623 21.643 9.513 0.365 15.322 5.722 2.411 14.057 15.513 19.524 1.744 14.341 11.763 
13 3.974 12.350 11.419 10.033 8.638 9.714 3.409 10.681 14.816 8.287 5.061 13.853 0.000 2.304 12.067 17.197 8.894 8.543 12.476 6.859 1.875 3.836 9.869 7.724 5.158 11.350 6.423 4.766 8.387 9.071 8.603 8.489 14.513 12.351 15.200 13.105 11.622 8.863 3.518 9.808 11.136 6.015 7.154 6.111 8.989 9.510 7.230 3.559 8.255 9.688 11.308 10.279 1.820 5.136 11.111 7.938 12.689 8.345 5.296 13.355 6.200 9.549 9.286 2.247 5.932 3.503 8.865 4.620 14.001 12.180 13.030 8.550 13.456 5.657 6.827 10.118 6.138 13.394 12.459 13.812 6.453 11.273 7.469 8.479 9.546 10.452 7.425 4.763 10.766 7.087 6.449 10.664 13.181 7.320 10.397 2.919 10.258 3.845 6.831 5.870 10.739 8.678 13.575 8.804 6.159 8.715 9.373 3.155 4.595 12.566 11.698 6.268 6.276 3.088 4.538 1.906 6.701 9.592 2.918 9.089 6.323 13.239 9.532 11.045 5.996 6.758 12.929 6.642 9.657 5.184 8.036 7.678 8.993 4.755 0.526 5.027 9.905 13.167 10.870 10.708 9.803 6.013 8.297 13.629 8.992 4.187 7.454 5.027 9.412 11.411 12.371 8.526 1.347 12.676 10.947 13.533 15.099 9.064 7.860 5.957 14.057 12.504 10.494 12.140 8.709 10.552 6.154 15.502 3.422 3.974 
14 5.581 14.278 12.259 10.989 7.888 8.301 3.729 9.816 17.076 9.129 2.757 16.147 2.304 0.000 13.965 17.930 7.478 9.994 13.627 8.413 0.573 5.786 11.652 9.960 7.389 13.061 7.805 2.476 7.270 7.536 10.253 9.302 16.817 10.277 17.503 13.294 11.757 8.596 4.647 8.166 9.058 4.438 7.532 6.819 10.753 11.152 7.233 1.580 6.747 11.541 13.052 12.514 1.539 4.458 9.757 10.231 14.985 8.552 4.727 14.607 7.039 11.630 10.947 4.031 8.196 4.809 11.086 3.587 14.657 14.280 13.745 10.720 14.247 5.644 7.984 10.633 6.383 13.716 14.171 15.276 4.256 12.887 9.480 10.504 11.792 8.836 6.957 4.368 13.034 7.181 7.688 12.965 14.073 7.002 12.187 4.229 12.026 6.121 9.132 5.616 13.029 7.566 15.811 8.773 6.465 9.933 11.335 1.400 6.242 14.857 11.722 8.057 8.548 2.949 4.583 1.906 4.548 8.283 3.772 11.391 4.019 13.589 11.666 13.205 7.737 8.521 12.820 8.921 10.484 6.892 7.466 9.878 8.998 5.763 1.827 6.607 12.204 14.490 13.165 8.622 11.751 5.782 9.292 15.254 10.684 1.890 7.657 6.508 7.904 13.689 14.654 6.641 3.306 14.896 9.756 14.628 17.402 9.554 5.564 7.868 16.347 13.229 12.721 14.393 9.829 11.057 4.100 17.802 4.272 5.581 
15 8.416 0.431 7.359 6.717 13.416 16.250 14.798 14.719 6.510 17.131 16.413 7.301 12.067 13.965 0.000 10.595 15.782 15.298 5.746 14.074 13.394 8.238 2.463 5.648 10.025 1.836 14.485 16.272 14.528 16.301 4.054 17.347 8.832 21.051 8.783 11.227 10.905 11.797 9.568 17.159 20.058 14.754 17.349 16.000 3.331 3.361 18.020 14.327 15.729 2.438 1.606 4.600 12.533 12.473 16.884 8.389 9.059 10.013 16.996 5.352 15.786 3.062 3.449 9.951 7.144 9.300 10.052 16.613 9.181 2.351 8.458 4.449 8.187 16.781 15.364 8.824 16.808 10.685 1.732 4.120 18.169 2.570 4.653 12.083 4.990 17.493 18.785 16.411 5.351 10.437 14.929 8.024 7.506 11.714 1.967 13.350 2.186 8.785 7.438 17.218 6.158 14.645 5.193 19.379 9.957 5.816 2.730 15.150 7.759 9.265 11.441 12.882 9.220 11.821 11.030 12.206 16.863 15.798 13.975 6.894 17.466 10.473 11.366 3.210 6.254 13.149 12.577 6.915 7.377 7.098 12.638 5.311 19.476 14.630 12.575 13.325 6.645 4.818 6.405 19.743 2.291 17.312 6.942 2.910 3.571 15.491 17.883 7.638 16.413 9.362 6.160 17.198 12.134 4.485 16.138 6.420 8.840 18.564 18.700 6.119 7.143 8.232 10.326 5.091 16.596 8.921 16.114 8.703 14.224 8.416 
16 13.483 10.883 5.785 7.214 12.136 14.658 20.600 11.854 16.857 24.766 19.216 17.870 17.197 17.930 10.595 0.000 14.738 23.764 5.432 22.194 17.443 14.207 10.214 14.798 18.156 9.164 22.273 19.315 13.596 15.283 10.153 24.989 19.408 19.646 19.293 5.710 7.004 10.384 13.680 15.845 19.152 15.823 24.171 22.954 10.500 9.582 24.401 17.294 15.212 10.756 9.424 14.894 16.456 14.033 14.314 17.824 19.590 9.584 22.406 5.316 22.908 12.739 9.803 15.102 15.389 13.712 19.674 21.462 3.289 12.936 4.189 13.845 3.746 22.849 23.017 7.333 23.261 4.912 8.863 6.539 21.096 8.537 12.654 21.291 15.037 15.759 24.597 21.914 15.765 10.948 22.566 18.304 4.109 11.647 10.066 19.723 9.962 15.879 16.350 23.062 16.544 13.491 15.686 25.963 11.491 8.786 11.679 19.329 13.027 19.774 7.382 21.070 17.914 14.986 13.384 16.098 18.231 14.162 20.010 16.797 19.706 4.917 21.026 13.691 12.190 21.480 7.271 15.627 7.541 12.686 11.862 14.310 26.137 21.483 17.519 20.827 16.811 5.830 16.808 19.043 11.458 23.208 8.933 7.885 10.117 18.523 24.552 12.430 15.142 19.695 16.749 17.043 18.043 15.064 13.438 4.410 19.367 25.895 20.234 12.812 17.686 4.710 20.375 15.682 24.677 6.927 17.580 19.162 20.456 13.483 
17 8.910 16.197 10.408 9.894 2.701 0.826 11.197 3.267 20.936 16.602 6.581 20.584 8.894 7.478 15.782 14.738 0.000 17.360 12.532 15.712 7.446 9.904 13.363 14.264 13.646 14.202 15.189 6.919 1.294 0.567 11.784 16.771 21.652 5.366 22.143 9.078 7.740 4.585 7.637 1.378 4.568 3.046 14.913 14.289 12.592 12.422 14.440 5.932 0.798 13.567 14.334 16.489 7.080 4.109 2.280 15.837 20.283 6.106 11.749 13.698 14.517 14.718 12.339 8.738 13.017 8.011 17.208 10.414 11.675 17.120 11.130 14.458 11.792 12.930 15.438 8.211 13.748 9.834 15.133 15.059 7.963 13.671 12.641 17.245 15.946 1.785 13.813 11.555 17.288 5.359 15.121 18.226 11.992 4.090 13.823 11.580 13.600 11.442 14.298 12.766 17.601 1.287 19.497 15.883 5.874 10.066 13.885 8.345 9.302 20.245 7.363 15.162 14.497 6.045 5.492 7.005 4.439 0.902 11.225 16.368 6.291 9.821 18.110 16.542 10.408 15.652 7.792 13.772 9.136 9.808 3.283 13.945 16.126 13.226 8.710 13.875 17.038 13.861 17.816 4.379 14.163 12.935 8.952 15.684 12.257 6.492 14.959 8.979 0.644 19.295 18.987 2.392 10.234 18.518 2.434 13.148 22.091 16.938 6.092 11.073 20.673 10.756 18.752 18.359 17.297 8.454 4.153 22.328 11.737 8.910 
18 10.763 15.353 18.182 16.718 17.150 18.185 6.554 19.204 14.176 2.793 12.028 12.476 8.543 9.994 15.298 23.764 17.360 0.000 18.424 1.715 9.932 9.796 14.145 9.668 5.618 15.622 2.189 11.612 16.925 17.479 13.708 2.912 12.172 20.043 13.053 20.801 19.452 17.165 11.234 18.147 18.841 14.372 4.631 4.000 13.560 14.428 5.825 11.573 16.673 13.688 15.444 11.199 10.312 13.674 19.610 7.050 9.946 16.293 7.473 18.925 3.588 12.244 14.185 9.616 8.506 11.001 5.881 8.489 20.911 14.022 19.896 10.858 20.137 6.084 2.268 17.551 5.268 20.894 16.527 18.655 12.281 15.944 11.348 3.649 10.555 18.812 7.296 7.183 10.950 15.226 2.394 8.855 19.673 15.705 14.517 5.787 14.509 7.950 7.882 6.653 10.340 17.217 13.610 6.157 14.205 15.028 12.890 9.580 11.024 9.662 19.648 2.706 6.112 11.611 12.906 10.446 14.350 18.099 6.244 8.797 13.177 20.705 5.086 12.627 11.596 2.284 20.969 8.486 16.632 11.208 16.506 10.057 6.079 4.346 8.661 3.519 9.422 18.549 10.253 18.402 13.274 6.573 15.147 17.892 13.849 11.523 5.176 11.671 17.836 8.439 11.710 16.618 7.202 13.134 19.483 19.512 12.885 4.289 14.690 10.952 12.822 19.394 6.818 12.226 1.599 17.965 14.029 13.493 5.782 10.763 
19 8.556 6.120 2.219 2.782 9.856 12.755 15.802 10.523 12.254 19.583 15.414 12.979 12.476 13.627 5.746 5.432 12.532 18.424 0.000 16.894 13.087 9.109 4.839 9.370 12.806 4.033 17.031 15.421 11.246 13.097 4.740 19.807 14.488 17.873 14.501 5.737 5.842 7.984 9.056 13.855 17.092 12.603 19.170 17.902 5.070 4.152 19.520 13.335 12.750 5.385 4.301 9.638 12.092 10.452 12.968 12.394 14.409 6.460 17.771 1.165 17.815 7.407 4.371 10.265 9.986 8.995 14.247 16.983 3.436 8.058 2.753 8.444 2.442 18.027 17.811 4.367 18.341 5.078 4.142 2.727 17.315 3.318 7.226 15.866 9.705 14.001 19.884 17.238 10.543 7.527 17.357 12.989 1.762 8.630 4.765 14.746 4.630 10.633 10.921 18.310 11.295 11.257 10.932 21.050 7.641 3.762 6.307 15.008 8.011 14.568 6.406 15.747 12.505 10.806 9.394 11.724 15.005 12.253 15.130 11.412 16.159 4.879 15.597 8.565 6.960 16.140 7.290 10.201 3.481 7.566 9.264 8.881 21.206 16.428 12.869 15.619 11.478 1.424 11.564 16.871 6.127 18.443 4.353 3.815 4.685 14.599 19.596 7.482 13.088 14.386 11.700 14.498 13.136 10.174 12.118 1.097 14.549 20.792 17.017 7.500 12.848 2.629 14.986 10.659 19.406 4.220 14.278 14.439 15.535 8.556 
20 9.080 14.164 16.567 15.101 15.447 16.537 5.161 17.502 13.606 3.148 10.588 12.008 6.859 8.413 14.074 22.194 15.712 1.715 16.894 0.000 8.314 8.135 12.752 8.427 4.145 14.260 0.885 10.177 15.246 15.848 12.210 3.349 11.915 18.571 12.780 19.117 17.757 15.450 9.523 16.534 17.361 12.747 4.252 3.201 12.119 12.964 5.375 9.985 15.038 12.321 14.096 10.214 8.645 11.980 17.952 6.106 9.693 14.587 6.443 17.443 2.784 11.013 12.719 7.904 7.091 9.294 5.341 7.287 19.294 12.983 18.280 9.627 18.540 5.183 1.616 15.878 4.516 19.224 15.207 17.261 11.012 14.536 9.925 3.368 9.522 17.195 6.751 6.058 10.091 13.513 1.382 8.302 18.093 13.992 13.153 4.185 13.128 6.329 6.642 5.785 9.566 15.538 12.887 6.135 12.493 13.430 11.564 8.118 9.364 9.435 17.946 1.193 4.864 9.914 11.194 8.765 12.847 16.437 4.727 7.897 11.779 19.038 4.928 11.587 10.006 0.995 19.264 7.173 14.989 9.577 14.797 8.773 6.126 3.006 7.002 1.837 8.608 17.086 9.519 16.922 11.966 5.743 13.505 16.565 12.382 10.023 4.857 10.008 16.201 8.156 11.057 15.054 5.514 12.313 17.806 17.987 12.622 4.688 13.322 9.397 12.335 17.773 6.606 11.443 2.547 16.295 12.487 13.201 4.312 9.080 
21 5.008 13.709 11.751 10.465 7.660 8.272 3.873 9.629 16.564 9.229 3.245 15.662 1.875 0.573 13.394 17.443 7.446 9.932 13.087 8.314 0.000 5.225 11.079 9.440 7.023 12.488 7.752 2.995 7.141 7.547 9.681 9.410 16.360 10.531 17.034 12.886 11.354 8.260 4.085 8.220 9.313 4.440 7.732 6.934 10.180 10.580 7.514 1.730 6.744 10.969 12.479 11.992 0.998 4.172 9.715 9.809 14.558 8.125 5.097 14.059 7.124 11.074 10.375 3.467 7.693 4.240 10.729 4.029 14.177 13.726 13.255 10.180 13.748 5.910 7.995 10.165 6.601 13.286 13.599 14.713 4.811 12.316 8.919 10.247 11.275 8.883 7.332 4.695 12.528 6.764 7.674 12.526 13.562 6.665 11.614 4.145 11.453 5.630 8.661 5.934 12.541 7.437 15.288 9.072 6.008 9.382 10.768 1.922 5.669 14.438 11.340 7.881 8.151 2.495 4.145 1.365 4.843 8.220 3.788 10.921 4.484 13.154 11.360 12.661 7.164 8.356 12.467 8.426 9.974 6.319 7.190 9.347 9.290 5.789 1.459 6.488 11.729 13.936 12.683 8.881 11.184 6.098 8.760 14.683 10.111 2.341 7.897 5.937 7.907 13.286 14.159 6.792 3.018 14.368 9.662 14.094 16.936 9.741 6.001 7.301 15.856 12.737 12.361 13.877 9.860 10.592 4.328 17.327 4.306 5.008 
22 1.113 8.531 8.486 7.023 8.556 10.626 6.843 10.535 11.588 10.560 8.385 10.920 3.836 5.786 8.238 14.207 9.904 9.796 9.109 8.135 5.225 0.000 6.041 4.523 4.496 7.539 8.109 8.188 8.956 10.271 4.850 10.782 11.852 14.459 12.415 11.028 9.731 7.943 2.267 11.129 13.306 7.746 10.061 8.795 5.169 5.748 10.451 6.413 9.505 5.852 7.486 6.988 4.462 5.821 11.785 6.000 10.384 6.720 8.957 9.859 8.720 5.857 5.515 1.761 3.113 1.893 7.554 8.430 11.201 8.510 10.190 5.056 10.496 9.010 8.822 7.760 9.257 11.099 8.643 10.125 10.036 7.509 3.695 8.187 6.329 11.669 10.940 8.389 7.653 5.912 8.373 8.323 10.101 6.776 6.566 5.654 6.432 1.936 4.404 9.351 7.835 9.196 10.240 11.960 4.885 5.433 5.565 6.918 1.229 10.342 9.978 7.102 4.921 4.263 4.420 4.185 9.342 10.332 6.102 6.480 9.544 10.910 8.651 7.494 2.242 7.563 11.331 3.871 6.862 1.544 7.760 4.313 12.109 7.321 4.339 6.639 7.184 9.606 8.026 12.917 5.988 9.471 5.381 9.846 5.207 7.454 10.495 1.875 10.527 9.405 9.347 10.435 4.123 9.290 11.343 10.200 12.344 11.704 10.938 2.121 11.062 9.675 8.991 8.903 10.536 8.171 8.643 12.647 6.469 1.113 
23 6.072 2.858 5.804 4.815 11.056 13.854 12.798 12.462 8.194 15.677 14.030 8.528 9.869 11.652 2.463 10.214 13.363 14.145 4.839 12.752 11.079 6.041 0.000 4.659 8.610 1.548 13.042 13.906 12.121 13.875 1.594 15.899 9.968 18.607 10.119 9.619 9.043 9.511 7.164 14.738 17.605 12.291 15.647 14.312 0.901 1.051 16.213 11.929 13.288 0.546 1.453 4.853 10.186 10.010 14.547 7.679 9.646 7.728 14.959 4.973 14.144 2.580 1.048 7.685 5.661 6.915 9.506 14.471 8.113 3.974 7.228 3.637 7.140 14.878 13.889 6.840 14.999 9.212 2.620 4.512 15.816 1.808 2.839 11.273 4.869 15.090 16.858 14.382 5.781 8.041 13.440 8.154 6.501 9.316 0.536 11.447 0.398 6.920 6.346 15.274 6.502 12.249 6.753 17.643 7.515 3.565 1.468 12.885 5.411 9.787 9.545 11.566 8.057 9.399 8.569 9.848 14.412 13.413 12.007 6.584 15.056 8.994 10.859 3.981 3.916 11.900 10.781 5.679 5.360 4.760 10.263 4.195 17.761 12.886 10.361 11.755 6.640 4.523 6.773 17.287 1.322 15.380 4.656 3.902 1.112 13.114 16.148 5.228 13.998 9.552 7.102 14.740 10.088 5.852 13.827 5.805 10.137 17.030 16.264 3.943 8.463 6.882 10.161 6.125 15.299 7.016 13.662 10.137 12.308 6.072 
24 5.381 5.740 9.821 8.503 12.587 14.941 9.760 14.419 7.130 11.501 12.681 6.399 7.724 9.960 5.648 14.798 14.264 9.668 9.370 8.427 9.440 4.523 4.659 0.000 4.432 6.034 8.861 12.432 13.217 14.670 4.770 11.716 7.389 18.968 7.910 13.296 12.343 11.567 6.703 15.540 17.823 12.260 11.853 10.505 4.301 5.219 12.620 10.827 13.930 4.149 5.833 2.556 8.831 10.256 15.988 3.029 6.165 9.987 11.969 9.622 10.257 2.586 5.006 6.154 1.838 6.332 4.877 11.850 12.410 4.793 11.445 1.200 11.491 11.522 9.747 10.098 11.425 13.084 6.877 9.095 14.176 6.456 2.295 6.624 1.837 16.046 13.532 11.384 3.135 9.634 9.320 4.219 10.906 10.736 4.949 8.182 4.982 3.905 1.791 12.017 3.341 13.431 5.853 13.896 8.726 6.794 3.278 10.858 4.963 6.189 12.740 7.237 3.573 8.785 8.791 8.600 13.836 14.601 8.902 2.334 13.896 12.869 6.228 3.478 4.100 7.502 14.091 1.327 8.754 4.503 11.758 0.498 13.974 9.209 8.248 7.773 2.830 9.181 3.552 17.437 3.632 12.089 7.469 8.242 4.708 11.763 12.412 5.347 14.900 5.527 4.824 14.944 7.329 4.954 15.449 10.395 7.847 12.957 15.352 3.303 6.539 11.017 5.733 4.440 10.948 10.412 13.149 8.131 9.049 5.381 
25 5.578 10.149 12.629 11.173 12.758 14.435 5.868 14.795 10.624 7.114 10.088 9.328 5.158 7.389 10.025 18.156 13.646 5.618 12.806 4.145 7.023 4.496 8.610 4.432 0.000 10.123 4.467 9.745 12.901 13.912 8.093 7.333 9.715 17.489 10.483 15.467 14.209 12.361 6.410 14.710 16.277 10.989 7.439 6.097 7.976 8.828 8.261 8.715 13.101 8.185 9.965 6.574 6.856 9.584 15.732 3.040 7.719 11.212 7.980 13.317 5.833 6.983 8.584 4.972 2.951 6.093 3.707 8.163 15.355 9.172 14.342 5.617 14.556 7.301 5.340 12.177 7.091 15.482 11.086 13.116 11.184 10.391 5.780 3.729 5.825 15.321 9.280 7.416 6.702 10.339 4.904 5.798 14.075 11.078 9.016 4.234 8.987 2.559 2.735 7.842 6.394 13.171 9.628 9.483 9.301 9.458 7.450 7.815 5.680 7.559 14.469 2.965 1.273 7.604 8.437 6.800 11.859 14.224 5.030 4.612 11.365 15.285 4.467 7.804 6.031 3.336 15.824 3.120 11.145 5.741 12.007 4.718 9.553 4.872 5.575 3.346 5.440 12.951 6.442 15.852 7.861 7.891 9.669 12.440 8.247 9.273 8.009 6.324 14.222 6.342 8.038 13.600 4.125 8.890 15.411 13.894 10.359 8.540 12.933 5.350 9.594 13.848 5.338 8.132 6.691 12.574 11.303 10.837 5.020 5.578 
26 7.486 2.257 5.529 4.898 11.758 14.629 14.328 12.977 8.294 17.207 15.362 8.947 11.350 13.061 1.836 9.164 14.202 15.622 4.033 14.260 12.488 7.539 1.548 6.034 10.123 0.000 14.568 15.259 12.930 14.734 2.816 17.428 10.455 19.520 10.478 9.401 9.071 10.083 8.497 15.580 18.566 13.392 17.194 15.860 2.372 1.941 17.760 13.247 14.201 1.939 0.268 5.733 11.570 11.104 15.196 9.007 10.442 8.308 16.480 3.848 15.689 3.658 2.123 9.142 7.172 8.277 10.794 15.963 7.460 4.048 6.688 4.921 6.464 16.419 15.419 7.008 16.546 8.876 1.111 3.062 17.177 0.744 4.374 12.655 5.920 15.881 18.396 15.905 6.602 8.843 14.972 9.158 5.789 10.115 1.107 12.990 1.153 8.468 7.775 16.810 7.381 13.029 6.933 19.191 8.462 4.145 2.756 14.324 6.828 10.618 9.608 13.070 9.517 10.684 9.716 11.224 15.596 14.165 13.543 7.753 16.345 8.662 12.142 4.558 5.361 13.393 10.741 7.138 5.577 6.193 11.002 5.598 19.309 14.434 11.834 13.294 7.682 3.339 7.644 18.269 2.423 16.918 5.272 2.353 2.377 14.456 17.696 6.573 14.825 10.542 7.677 15.742 11.613 6.148 14.430 4.831 10.523 18.569 17.494 5.464 8.821 6.434 11.310 6.629 16.806 7.094 14.844 10.430 13.850 7.486 
27 8.988 14.598 16.589 15.124 15.057 16.015 4.403 17.103 14.325 2.647 9.867 12.763 6.423 7.805 14.485 22.273 15.189 2.189 17.031 0.885 7.752 8.109 13.042 8.861 4.467 14.568 0.000 9.453 14.782 15.299 12.400 2.866 12.721 17.874 13.580 18.991 17.598 15.160 9.311 15.962 16.668 12.192 3.428 2.322 12.367 13.187 4.522 9.384 14.496 12.633 14.417 10.783 8.164 11.558 17.445 6.735 10.506 14.388 5.575 17.631 1.910 11.434 12.940 7.687 7.405 9.110 6.120 6.458 19.309 13.510 18.297 10.058 18.586 4.300 0.895 15.787 3.635 19.138 15.546 17.533 10.211 14.804 10.203 4.226 10.070 16.628 5.879 5.206 10.718 13.262 0.533 9.050 18.164 13.667 13.464 3.609 13.425 6.402 7.100 4.901 10.230 15.076 13.555 5.369 12.258 13.488 11.914 7.409 9.328 10.255 17.761 1.741 5.351 9.507 10.864 8.314 12.170 15.937 4.056 8.523 11.035 18.957 5.784 12.119 10.092 1.751 19.060 7.571 14.968 9.599 14.435 9.174 5.381 2.207 6.508 1.494 9.264 17.294 10.200 16.230 12.327 4.859 13.489 16.896 12.602 9.342 4.035 9.962 15.659 8.970 11.758 14.429 5.097 12.945 17.336 18.127 13.425 4.106 12.564 9.536 13.083 17.784 7.441 12.095 2.432 16.211 11.841 13.996 3.601 8.988 
28 7.857 16.603 13.836 12.689 8.164 7.676 5.058 9.817 19.552 10.231 0.420 18.618 4.766 2.476 16.272 19.315 6.919 11.612 15.421 10.177 2.995 8.188 13.906 12.432 9.745 15.259 9.453 0.000 7.152 6.788 12.444 10.367 19.269 8.439 19.964 14.270 12.730 9.337 6.762 7.198 7.245 4.092 8.307 7.965 13.006 13.327 7.666 2.086 6.122 13.837 15.272 14.985 3.748 5.300 9.125 12.652 17.405 9.741 4.951 16.466 8.280 14.045 13.136 6.427 10.672 6.992 13.407 3.602 16.027 16.697 15.184 13.173 15.742 6.269 9.432 11.989 7.154 14.806 16.362 17.285 1.923 15.024 11.872 12.632 14.265 7.866 6.914 4.873 15.510 8.369 9.223 15.400 15.655 7.825 14.442 6.124 14.268 8.597 11.597 6.000 15.503 7.425 18.281 9.033 7.892 11.851 13.692 2.069 8.513 17.267 12.591 10.028 10.941 4.655 6.044 4.067 2.863 7.811 5.467 13.854 1.642 14.709 13.889 15.651 10.018 10.457 13.519 11.396 12.100 9.174 7.982 12.342 9.281 7.265 4.267 8.476 14.671 16.403 15.636 6.808 14.099 6.164 11.073 17.377 12.894 0.823 8.251 8.690 7.167 16.078 17.130 5.360 5.620 17.362 9.347 16.364 19.861 10.293 3.221 10.228 18.820 14.687 15.043 16.867 11.153 12.389 2.814 20.268 5.866 7.857 
29 7.918 14.945 9.133 8.600 1.467 1.754 10.990 2.666 19.783 16.369 6.865 19.488 8.387 7.270 14.528 13.596 1.294 16.925 11.246 15.246 7.141 8.956 12.121 13.217 12.901 12.930 14.782 7.152 0.000 1.854 10.548 16.549 20.594 6.660 21.060 7.992 6.593 3.328 6.698 2.659 5.848 3.065 14.797 14.070 11.364 11.166 14.423 5.817 1.616 12.340 13.066 15.380 6.618 3.328 2.842 14.939 19.294 4.813 11.780 12.410 14.264 13.550 11.091 7.938 12.057 7.067 16.384 10.477 10.483 15.913 9.902 13.350 10.559 12.867 15.101 6.937 13.642 8.714 13.851 13.765 8.445 12.391 11.510 16.561 14.860 2.970 13.921 11.526 16.199 4.092 14.757 17.249 10.739 2.817 12.573 11.192 12.349 10.595 13.359 12.762 16.543 0.297 18.337 15.915 4.673 8.789 12.687 8.305 8.260 19.269 6.256 14.614 13.678 5.381 4.546 6.481 5.031 1.384 10.920 15.373 6.810 8.687 17.344 15.376 9.284 15.110 6.825 12.800 7.842 8.729 1.989 12.878 16.151 12.916 8.274 13.412 16.017 12.570 16.765 5.640 12.953 12.931 7.671 14.392 11.019 6.600 14.895 7.889 1.896 18.360 17.891 3.448 9.733 17.359 2.561 11.875 21.013 16.821 6.881 9.981 19.565 9.515 17.894 17.232 16.978 7.192 4.574 21.232 11.442 7.918 
30 9.300 16.715 10.975 10.453 3.267 0.924 11.231 3.712 21.394 16.633 6.431 21.011 9.071 7.536 16.301 15.283 0.567 17.479 13.097 15.848 7.547 10.271 13.875 14.670 13.912 14.734 15.299 6.788 1.854 0.000 12.292 16.796 22.058 4.812 22.563 9.612 8.289 5.152 8.009 0.878 4.002 3.107 14.895 14.318 13.095 12.942 14.381 5.967 0.817 14.070 14.863 16.925 7.251 4.453 2.338 16.170 20.656 6.667 11.676 14.262 14.560 15.186 12.855 9.043 13.383 8.384 17.505 10.333 12.232 17.609 11.693 14.895 12.355 12.895 15.517 8.778 13.729 10.375 15.672 15.619 7.712 14.210 13.092 17.477 16.370 1.413 13.701 11.509 17.713 5.893 15.212 18.594 12.558 4.629 14.340 11.692 14.117 11.759 14.652 12.705 18.010 1.853 19.958 15.799 6.371 10.603 14.370 8.322 9.715 20.611 7.903 15.334 14.795 6.312 5.881 7.204 4.181 1.250 11.302 16.747 6.038 10.366 18.378 17.009 10.857 15.822 8.297 14.143 9.696 10.237 3.843 14.361 16.044 13.298 8.858 14.013 17.429 14.424 18.221 3.814 14.655 12.873 9.492 16.236 12.767 6.421 14.918 9.414 0.380 19.642 19.415 1.942 10.401 18.979 2.682 13.715 22.507 16.917 5.718 11.506 21.107 11.321 19.062 18.803 17.365 9.020 3.984 22.755 11.807 9.300 
31 4.689 4.452 5.065 3.818 9.516 12.288 11.691 10.991 9.534 14.995 12.549 9.666 8.603 10.253 4.054 10.153 11.784 13.708 4.740 12.210 9.681 4.850 1.594 4.770 8.093 2.816 12.400 12.444 10.548 12.292 0.000 15.218 11.032 17.015 11.275 8.682 7.914 8.031 5.682 13.157 16.011 10.706 14.767 13.457 0.840 0.907 15.243 10.436 11.698 1.802 2.835 5.719 8.757 8.422 13.015 7.746 10.434 6.260 13.803 5.234 13.328 3.462 0.695 6.372 5.247 5.462 9.608 13.223 7.642 5.425 6.675 4.046 6.733 13.839 13.209 5.658 14.037 8.390 3.922 5.287 14.361 2.670 2.522 11.140 5.533 13.518 15.785 13.237 6.658 6.481 12.755 8.737 6.166 7.753 2.094 10.442 1.888 6.062 6.211 14.195 7.287 10.683 8.077 16.720 5.926 2.253 2.359 11.529 4.035 10.535 8.378 11.049 7.766 7.881 6.990 8.409 12.849 11.853 10.937 6.984 13.544 8.172 10.948 5.167 2.616 11.429 9.674 5.480 4.207 3.419 8.713 4.272 16.855 12.000 9.073 11.031 7.223 4.898 7.555 15.693 2.500 14.312 3.240 5.029 0.483 11.641 15.237 3.757 12.420 10.119 8.154 13.146 8.969 7.133 12.314 5.817 11.275 16.273 14.720 2.909 9.644 6.250 10.493 7.260 14.740 5.901 12.098 11.339 11.281 4.689 
32 11.576 17.455 19.260 17.801 17.019 17.590 5.575 19.021 16.880 0.224 10.783 15.233 8.489 9.302 17.347 24.989 16.771 2.912 19.807 3.349 9.410 10.782 15.899 11.716 7.333 17.428 2.866 10.367 16.549 16.796 15.218 0.000 15.016 18.723 15.894 21.457 20.016 17.351 11.722 17.364 17.560 13.725 2.227 2.483 15.212 16.020 3.324 10.840 16.025 15.495 17.280 13.562 10.039 13.494 19.051 9.453 12.785 16.759 5.621 20.441 2.300 14.293 15.773 10.125 10.270 11.570 8.568 6.871 21.964 16.323 20.956 12.914 21.277 4.179 2.012 18.321 3.267 21.661 18.411 20.382 10.616 17.654 13.060 6.416 12.866 18.040 4.780 5.532 13.435 15.550 2.464 11.555 20.881 15.801 16.325 5.580 16.284 9.178 9.944 4.618 12.895 16.845 16.210 3.293 14.587 16.206 14.780 8.513 11.977 12.509 20.133 4.505 8.180 11.526 13.026 10.263 13.221 17.584 5.664 11.243 11.785 21.489 7.924 14.928 12.849 4.338 21.392 10.433 17.596 12.305 16.475 12.036 3.191 3.734 8.427 4.190 11.943 20.116 12.839 17.129 15.193 4.489 16.129 19.759 15.436 10.479 2.605 12.595 17.170 11.262 14.357 15.656 7.283 15.654 19.055 20.904 15.729 1.395 13.183 12.334 15.570 20.438 9.656 14.777 1.382 18.750 13.041 16.328 5.138 11.576 
33 12.764 8.527 15.764 14.751 19.905 22.324 15.541 21.662 3.057 14.859 19.573 1.540 14.513 16.817 8.832 19.408 21.652 12.172 14.488 11.915 16.360 11.852 9.968 7.389 9.715 10.455 12.721 19.269 20.594 22.058 11.032 15.016 0.000 26.305 0.883 19.586 18.935 18.745 14.076 22.928 25.143 19.592 16.148 14.971 10.248 10.968 17.220 17.908 21.316 9.476 10.187 5.360 15.914 17.637 23.343 6.683 2.231 17.064 17.558 14.183 14.591 7.570 10.868 13.358 8.812 13.703 6.614 17.862 17.910 6.481 17.102 7.321 16.915 16.653 13.531 16.687 16.210 19.173 10.557 12.880 20.834 11.177 9.210 8.609 5.762 23.435 18.492 17.022 4.457 16.895 13.253 3.917 16.243 18.051 9.849 13.921 10.034 10.766 7.707 17.242 4.052 20.802 3.786 18.045 16.041 13.284 8.697 17.448 12.350 2.510 19.408 11.053 8.448 16.084 16.179 15.736 21.010 21.976 14.722 5.454 20.835 18.955 7.094 5.992 11.362 10.970 20.691 8.044 15.223 11.866 19.073 7.716 18.025 14.148 15.002 12.401 4.683 13.649 3.838 24.746 8.673 17.254 14.218 11.561 10.716 18.695 16.756 12.707 22.289 3.763 2.879 22.284 13.730 4.347 22.774 15.238 0.713 16.412 22.361 10.623 1.770 16.800 5.360 3.852 13.770 16.912 20.357 1.332 14.654 12.764 
34 13.610 21.459 15.721 15.258 8.016 5.135 13.493 7.795 25.892 18.603 8.020 25.365 12.351 10.277 21.051 19.646 5.366 20.043 17.873 18.571 10.531 14.459 18.607 18.968 17.489 19.520 17.874 8.439 6.660 4.812 17.015 18.723 26.305 0.000 26.873 13.938 12.775 9.892 12.277 4.018 1.219 6.713 16.583 16.375 17.801 17.700 15.776 8.805 5.323 18.771 19.641 21.346 10.640 8.787 5.351 20.075 24.730 11.470 13.143 19.038 16.704 19.755 17.602 12.980 17.505 12.643 21.188 11.855 16.758 22.252 16.314 19.333 16.982 14.557 17.871 13.525 15.466 14.757 20.472 20.422 8.224 19.009 17.603 20.773 20.739 3.927 14.717 13.191 22.078 10.690 17.659 22.662 17.239 9.435 19.085 14.433 18.865 15.668 18.694 14.188 22.294 6.622 24.479 16.929 11.094 15.400 19.010 10.466 14.110 24.651 12.322 18.316 18.533 10.225 10.288 10.732 5.740 5.642 13.844 20.889 6.940 14.782 21.882 21.563 15.383 18.770 12.420 18.275 14.498 14.690 8.647 18.712 17.181 15.699 11.988 16.818 21.626 19.216 22.485 1.656 19.318 14.339 14.295 21.048 17.495 8.552 16.431 13.904 4.787 23.585 23.780 4.024 13.547 23.503 6.216 18.447 26.802 18.491 5.595 15.958 25.491 15.978 22.804 23.251 19.576 13.739 6.204 27.099 14.275 13.610 
35 13.290 8.449 15.880 14.929 20.323 22.799 16.329 22.039 2.585 15.735 20.260 1.611 15.200 17.503 8.783 19.293 22.143 13.053 14.501 12.780 17.034 12.415 10.119 7.910 10.483 10.478 13.580 19.964 21.060 22.563 11.275 15.894 0.883 26.873 0.000 19.729 19.142 19.104 14.613 23.435 25.720 20.160 17.008 15.822 10.471 11.142 18.073 18.556 21.831 9.649 10.213 5.712 16.557 18.163 23.783 7.444 3.109 17.398 18.366 14.127 15.444 7.825 11.060 13.966 9.423 14.242 7.466 18.642 17.935 6.445 17.159 7.724 16.939 17.483 14.396 16.908 17.053 19.283 10.487 12.754 21.557 11.212 9.600 9.484 6.200 23.928 19.335 17.825 4.862 17.293 14.113 4.698 16.262 18.472 9.955 14.703 10.150 11.418 8.373 18.069 4.579 21.260 3.609 18.912 16.467 13.523 8.920 18.172 12.847 3.391 19.628 11.904 9.212 16.666 16.691 16.367 21.640 22.439 15.504 6.113 21.516 19.066 7.973 6.144 11.791 11.830 20.889 8.661 15.435 12.337 19.491 8.201 18.895 14.976 15.697 13.232 5.310 13.591 4.396 25.329 8.853 18.084 14.494 11.414 10.933 19.374 17.615 13.173 22.783 4.635 3.183 22.849 14.458 4.331 23.192 15.202 0.180 17.289 23.031 11.080 1.662 16.880 6.239 4.016 14.651 17.114 20.976 0.455 15.450 13.290 
