param n := 80;
param m := 8;
param L := 45;
param Q := 6;
param T := 600;
param t :
    1   2   3   4   5   6   7   8   9  10  11  12  13  14  15  16  17  18  19  20  21  22  23  24  25  26  27  28  29  30  31  32  33  34  35  36  37  38  39  40  41  42  43  44  45  46  47  48  49  50  51  52  53  54  55  56  57  58  59  60  61  62  63  64  65  66  67  68  69  70  71  72  73  74  75  76  77  78  79  80  81  82  83  84  85  86  87  88  89  90  91  92  93  94  95  96  97  98  99 100 101 102 103 104 105 106 107 108 109 110 111 112 113 114 115 116 117 118 119 120 121 122 123 124 125 126 127 128 129 130 131 132 133 134 135 136 137 138 139 140 141 142 143 144 145 146 147 148 149 150 151 152 153 154 155 156 157 158 159 160 161 162 :=
1 0.000 0.867 7.764 10.968 4.889 8.212 2.536 9.527 8.906 3.426 1.160 6.580 10.062 9.516 3.662 3.886 10.796 8.384 9.383 4.979 10.578 1.286 6.795 2.262 4.282 8.433 8.249 8.200 6.206 7.965 9.812 7.602 3.290 8.323 3.499 6.416 8.786 8.383 7.112 10.035 8.969 8.359 8.089 10.817 8.254 9.263 10.467 5.902 9.648 6.033 11.815 2.932 6.836 7.881 10.434 9.089 6.994 8.382 9.663 10.111 8.063 8.470 4.298 1.730 9.717 13.451 9.842 9.661 5.859 11.154 5.835 6.428 12.653 9.776 3.447 9.455 1.986 12.680 5.708 9.814 5.166 10.818 7.913 1.562 7.306 1.267 10.191 9.169 10.420 10.765 11.552 10.950 10.427 4.842 8.557 10.988 9.171 10.783 8.279 2.487 9.079 1.883 3.294 6.364 10.033 8.762 7.495 9.463 12.697 10.838 3.625 1.951 8.908 10.853 4.458 3.835 9.637 8.541 7.433 8.592 9.487 2.495 8.253 7.587 3.544 9.639 10.374 8.168 11.618 7.104 11.372 8.128 7.474 3.256 9.075 7.282 7.544 5.446 11.051 6.235 10.372 6.354 9.412 0.983 6.748 10.532 3.045 6.104 10.861 5.902 6.504 9.671 13.889 9.819 6.328 3.161 8.065 11.513 11.326 9.527 9.818 0.000 
2 0.867 0.000 6.911 11.340 5.739 8.384 2.048 8.952 8.040 2.952 0.487 5.726 10.336 10.298 2.834 4.360 11.155 7.850 10.121 4.365 10.550 2.116 5.938 3.045 3.790 9.222 7.449 7.824 5.479 8.829 10.635 7.733 3.395 8.029 4.045 6.916 9.266 8.346 6.259 10.835 8.125 8.410 7.274 11.017 9.097 9.793 9.616 5.675 9.347 5.348 11.980 2.561 7.132 8.384 9.585 8.223 6.946 9.204 9.097 9.960 8.039 7.850 4.539 0.864 8.903 14.310 10.263 9.028 6.453 11.942 5.579 5.563 13.493 10.334 4.308 9.884 2.167 11.818 4.939 10.526 6.026 11.655 8.535 1.622 6.872 2.099 10.299 9.297 10.521 10.960 12.355 11.787 10.965 5.329 8.620 10.954 8.578 11.648 8.902 3.346 8.625 1.709 2.458 5.501 10.687 8.572 7.425 9.783 12.524 10.443 3.391 1.620 8.053 10.112 5.059 2.970 10.402 8.125 7.919 7.750 8.620 3.270 8.740 6.912 4.409 9.075 9.538 7.664 11.821 6.381 10.506 8.797 6.822 3.882 8.322 6.691 7.180 4.849 10.843 5.492 10.630 6.673 9.091 1.373 7.596 11.279 2.218 5.429 10.064 5.489 5.679 9.529 13.033 10.371 5.596 3.893 7.945 12.380 12.193 10.190 8.981 0.867 
3 7.764 6.911 0.000 14.861 12.437 12.941 5.958 8.284 1.992 6.751 6.808 2.607 15.146 16.429 4.701 10.592 14.622 7.998 16.797 4.383 11.524 9.026 0.985 9.919 6.746 16.039 1.701 6.986 5.031 15.604 17.031 10.463 8.900 7.773 10.481 11.811 15.063 9.835 0.653 17.070 3.443 10.450 1.323 13.475 15.670 14.457 4.157 7.119 8.545 5.493 14.049 7.115 12.406 14.328 2.679 1.749 8.863 16.088 8.474 10.165 9.706 4.608 8.938 6.076 2.416 21.212 15.755 7.690 12.813 18.742 6.907 1.533 20.399 16.382 11.210 15.431 7.684 4.975 4.503 17.115 12.787 18.556 14.880 7.858 8.287 8.876 12.266 11.613 14.421 15.312 19.192 18.690 15.559 10.486 10.685 14.014 5.286 18.519 14.181 10.251 6.750 6.871 4.906 1.500 16.006 8.910 9.013 14.863 14.436 11.020 7.813 6.544 1.147 4.480 11.530 3.983 17.151 6.806 12.577 3.337 2.388 9.796 13.287 3.602 11.245 5.904 4.598 5.756 14.181 2.901 4.129 15.284 3.871 10.493 3.016 6.862 6.769 6.228 12.778 4.839 15.333 10.722 10.596 8.079 14.243 17.966 4.739 5.624 3.687 7.746 3.471 9.917 6.128 16.392 2.888 10.683 9.001 19.196 19.025 16.623 4.181 7.764 
4 10.968 11.340 14.861 0.000 9.059 18.460 10.209 20.180 16.793 14.291 11.826 15.520 19.801 7.142 13.556 13.739 0.247 19.141 15.578 10.559 5.142 11.006 14.323 11.446 15.128 14.105 13.950 8.743 16.400 10.064 8.438 4.400 14.059 7.923 13.201 4.730 17.581 5.415 14.438 7.770 17.784 4.619 14.118 2.321 8.825 2.748 18.915 7.743 8.164 16.416 2.987 13.866 16.796 16.681 16.674 16.609 6.035 13.328 20.338 6.533 5.405 11.478 6.841 11.803 15.187 14.926 18.847 20.128 14.556 15.947 7.954 14.468 15.436 17.837 10.574 18.468 9.178 19.166 15.715 16.264 9.403 14.359 15.838 12.504 18.212 10.122 3.511 3.541 20.769 20.780 15.871 14.407 2.508 6.187 4.419 21.660 11.435 12.468 4.335 10.630 9.743 9.817 13.204 14.285 4.463 6.867 5.998 19.043 23.579 21.778 14.593 10.078 15.743 14.504 13.566 12.828 15.325 9.206 3.754 17.500 17.244 9.063 3.053 11.798 9.900 11.266 19.186 10.064 2.412 12.181 18.940 15.552 11.483 12.712 13.620 17.923 8.576 16.108 21.975 16.348 20.157 4.679 20.380 11.838 8.902 16.279 11.812 16.525 15.591 16.825 15.947 6.387 19.767 17.926 11.984 12.082 6.273 12.186 12.255 16.652 18.670 10.968 
5 4.889 5.739 12.437 9.059 0.000 9.814 6.557 13.839 13.742 7.865 6.033 11.465 10.875 4.940 8.547 5.350 8.984 12.618 6.861 8.818 11.028 3.885 11.504 3.542 8.663 5.460 12.620 10.670 10.952 3.176 4.997 7.698 6.461 10.399 4.849 4.620 8.533 9.200 11.798 5.332 13.857 8.727 12.534 9.962 3.375 6.538 15.354 8.126 11.598 10.704 11.054 7.273 8.088 7.648 15.054 13.884 8.151 4.918 13.945 11.262 8.878 11.997 5.113 6.598 14.130 9.013 9.803 14.130 5.586 7.872 8.191 11.214 8.570 8.798 2.016 9.429 4.877 17.408 10.526 7.505 0.467 6.887 6.784 5.706 11.308 3.643 9.950 8.966 12.091 11.926 8.051 6.994 7.497 3.945 8.819 13.239 12.530 6.205 5.037 2.720 11.803 5.617 8.182 11.126 6.334 10.279 8.649 10.092 15.449 14.536 7.555 5.925 13.582 14.847 4.831 8.652 6.780 11.150 5.404 13.480 14.320 2.651 6.012 11.414 1.488 12.832 15.259 11.209 10.649 11.163 16.214 6.537 11.209 4.358 13.186 11.706 10.045 9.958 14.035 11.006 11.237 5.757 12.918 5.093 1.859 7.780 7.729 10.751 15.154 9.950 11.384 10.832 18.544 8.884 10.473 3.660 9.356 6.779 6.625 7.730 14.704 4.889 
6 8.212 8.384 12.941 18.460 9.814 0.000 10.406 7.870 12.820 6.442 8.014 10.476 2.206 14.374 8.593 4.727 18.333 6.876 7.312 12.435 18.776 7.646 12.077 7.037 6.224 7.793 14.246 16.162 8.218 11.067 13.909 15.696 4.989 16.408 5.262 13.732 3.404 16.588 12.408 14.519 11.717 16.521 13.932 18.755 12.216 16.200 13.076 14.053 17.723 7.711 19.804 6.335 1.731 3.427 15.283 13.302 15.204 8.570 7.838 18.312 16.266 15.715 12.353 8.593 15.353 13.633 3.306 8.651 4.460 9.443 13.961 11.438 12.081 4.847 7.969 3.144 10.180 16.669 8.535 7.097 9.646 10.552 4.873 6.770 5.567 8.577 18.282 17.245 2.309 2.580 10.097 10.681 17.241 12.370 16.707 3.513 16.502 12.145 14.797 7.830 16.869 10.031 8.584 11.526 16.143 16.943 15.706 2.073 5.941 6.641 5.429 9.997 13.818 17.212 4.989 9.720 7.966 16.423 14.710 11.393 13.294 9.447 15.459 14.613 8.643 17.073 12.519 15.838 19.536 13.894 14.697 5.593 14.622 5.748 15.462 7.085 15.532 6.804 4.950 8.408 2.401 14.184 5.089 7.230 10.982 8.160 9.822 7.614 16.626 5.364 9.728 17.875 18.095 4.790 13.135 6.386 16.273 13.248 12.968 6.148 12.134 8.212 
7 2.536 2.048 5.958 10.209 6.557 10.406 0.000 10.016 7.484 4.529 2.392 5.585 12.380 10.507 3.352 6.370 10.000 9.041 11.857 2.471 8.740 3.738 5.078 4.743 5.261 10.832 6.069 5.777 6.192 9.733 11.075 6.210 5.422 6.005 6.016 6.255 11.282 6.551 5.340 11.131 8.001 6.736 5.978 9.546 9.723 9.098 9.362 3.715 7.317 6.225 10.434 4.313 9.179 10.388 8.520 7.526 5.165 10.688 10.181 8.024 6.265 5.948 3.452 1.910 7.577 15.496 12.301 9.924 8.393 13.544 3.597 4.916 14.852 12.305 5.639 11.919 1.726 10.927 5.509 12.312 6.939 13.049 10.449 3.667 8.300 3.226 8.681 7.731 12.506 12.985 13.902 13.175 10.262 4.758 6.962 12.844 6.638 12.731 8.516 4.747 6.585 0.941 3.013 4.788 10.354 6.613 5.604 11.832 14.263 11.870 5.224 0.660 7.089 8.464 6.992 2.693 12.074 6.077 7.167 7.663 8.039 3.908 7.961 5.114 5.515 7.103 9.448 5.645 10.345 4.711 9.927 10.654 4.977 5.791 6.727 7.782 5.135 6.020 12.552 6.140 12.671 5.574 10.663 3.372 8.321 12.994 1.634 6.339 8.631 7.002 5.849 7.604 12.013 12.347 3.972 5.672 6.057 13.335 13.181 12.054 8.898 2.536 
8 9.527 8.952 8.284 20.180 13.839 7.870 10.016 0.000 7.059 6.115 8.482 5.876 9.747 18.759 6.675 9.072 19.981 1.241 14.548 10.574 18.392 10.077 7.891 10.301 5.264 14.530 9.976 14.360 3.939 16.359 18.792 16.207 7.465 14.969 9.397 15.868 11.140 16.310 8.084 19.171 5.412 16.639 9.597 19.540 17.089 18.745 6.237 13.301 16.056 3.803 20.386 6.662 8.515 10.856 9.634 7.635 14.997 15.051 0.191 17.342 16.066 12.609 13.343 8.390 10.417 20.515 11.173 0.877 10.626 16.753 13.119 7.310 19.169 12.627 11.878 11.008 11.052 10.099 4.679 14.524 13.939 17.427 12.078 8.237 2.695 10.685 18.599 17.695 8.130 9.319 17.369 17.567 19.917 14.281 16.874 6.989 13.372 18.432 17.806 11.126 14.522 10.367 7.003 7.498 19.550 15.928 15.359 9.893 6.523 2.850 6.284 10.102 8.606 12.660 10.055 7.602 15.133 14.367 16.866 5.271 7.290 11.949 17.687 11.461 12.352 14.007 5.512 13.425 20.334 10.642 7.995 12.743 11.638 9.782 11.300 2.264 13.912 4.103 5.103 4.051 9.757 15.505 3.186 8.916 15.584 15.578 8.493 3.682 11.550 3.916 5.056 16.988 11.496 12.583 10.156 10.404 15.649 19.425 19.174 13.674 5.350 9.527 
9 8.906 8.040 1.992 16.793 13.742 12.820 7.484 7.059 0.000 7.139 7.832 2.529 15.013 17.985 5.416 11.186 16.556 7.044 17.465 6.253 13.515 10.100 2.502 10.901 6.892 16.851 3.474 8.969 4.604 16.865 18.500 12.403 9.379 9.762 11.168 13.562 15.298 11.820 2.356 18.597 1.718 12.423 3.136 15.453 17.055 16.276 2.165 9.063 10.505 5.110 16.038 7.618 12.548 14.647 2.612 0.575 10.822 17.001 7.241 12.147 11.685 6.504 10.679 7.176 3.433 22.283 15.848 6.344 13.371 19.506 8.851 2.570 21.350 16.693 12.321 15.554 9.179 3.984 4.341 17.714 14.054 19.500 15.372 8.674 7.665 10.109 14.252 13.585 14.026 15.023 20.000 19.637 17.396 12.169 12.659 13.389 7.127 19.671 15.906 11.360 8.680 8.341 5.722 2.698 17.741 10.902 10.988 14.833 13.480 9.894 8.138 8.003 1.654 5.700 12.188 5.090 17.878 8.773 14.373 1.790 0.582 11.150 15.107 5.562 12.449 7.723 2.637 7.717 16.165 4.889 2.472 15.848 5.842 11.265 4.640 6.108 8.761 6.028 11.904 4.412 15.158 12.556 9.748 9.029 15.585 18.627 6.046 5.212 4.499 7.462 3.121 11.905 5.361 16.690 4.861 11.563 10.990 20.419 20.230 17.129 2.277 8.906 
10 3.426 2.952 6.751 14.291 7.865 6.442 4.529 6.115 7.139 0.000 2.465 4.612 8.601 12.724 2.163 4.074 14.107 4.959 10.348 6.131 13.268 4.010 5.815 4.411 0.857 9.830 7.888 10.002 3.204 10.644 12.861 10.617 2.242 10.376 4.129 9.824 8.312 11.078 6.158 13.179 6.610 11.228 7.599 13.927 11.202 12.683 8.147 8.217 11.646 2.879 14.867 0.600 5.682 7.587 9.303 7.507 9.687 10.088 6.246 12.517 10.788 9.291 7.484 2.635 9.107 15.520 9.032 6.304 6.234 12.429 8.081 5.219 14.432 9.642 6.004 8.698 5.117 11.122 2.987 10.578 8.026 12.591 8.236 2.164 3.921 4.571 13.151 12.170 8.293 8.968 12.951 12.731 13.850 8.241 11.447 8.413 10.084 13.100 11.697 5.153 10.582 4.566 2.144 5.267 13.435 11.093 10.132 8.224 9.735 7.492 1.066 4.376 7.758 10.831 5.103 3.279 10.787 10.198 10.835 6.227 7.695 5.836 11.657 8.177 6.386 10.667 7.858 9.515 14.732 7.452 9.427 8.710 8.197 4.327 9.058 3.892 9.411 2.096 8.023 3.304 8.834 9.624 6.174 2.819 9.678 11.505 3.506 2.908 10.372 2.541 4.129 12.105 12.483 9.649 6.696 4.784 10.579 13.984 13.760 9.992 7.335 3.426 
11 1.160 0.487 6.808 11.826 6.033 8.014 2.392 8.482 7.832 2.465 0.000 5.458 10.002 10.673 2.515 4.162 11.642 7.372 10.088 4.582 10.994 2.268 5.827 3.112 3.305 9.249 7.454 8.158 5.062 9.078 10.970 8.208 3.034 8.397 3.897 7.391 9.039 8.791 6.156 11.194 7.828 8.872 7.258 11.497 9.404 10.265 9.335 6.075 9.709 4.909 12.456 2.080 6.817 8.175 9.487 8.045 7.392 9.280 8.625 10.373 8.487 8.042 5.025 0.765 8.880 14.464 10.001 8.572 6.312 11.962 5.970 5.409 13.598 10.154 4.489 9.626 2.654 11.665 4.550 10.466 6.296 11.752 8.404 1.320 6.386 2.426 10.768 9.771 10.121 10.593 12.396 11.887 11.436 5.804 9.084 10.515 8.786 11.839 9.352 3.530 8.919 2.166 2.155 5.363 11.128 8.976 7.864 9.472 12.055 9.956 2.927 2.042 7.941 10.186 4.936 2.829 10.398 8.439 8.396 7.449 8.414 3.647 9.217 7.062 4.655 9.302 9.226 7.933 12.302 6.489 10.288 8.703 6.992 3.793 8.388 6.223 7.522 4.380 10.370 5.085 10.289 7.160 8.607 1.287 7.893 11.252 2.233 4.986 10.067 5.003 5.352 9.945 12.908 10.186 5.698 3.892 8.370 12.601 12.407 10.087 8.671 1.160 
12 6.580 5.726 2.607 15.520 11.465 10.476 5.585 5.876 2.529 4.612 5.458 0.000 12.680 15.913 2.966 8.658 15.296 5.453 14.938 5.121 12.920 7.714 2.026 8.462 4.404 14.340 4.207 8.634 2.426 14.536 16.331 11.233 6.850 9.313 8.648 11.833 12.817 10.980 2.256 16.488 2.436 11.452 3.836 14.470 14.819 14.655 3.893 8.015 10.307 2.895 15.190 5.090 10.090 12.146 4.814 2.908 9.794 14.513 6.066 11.727 10.785 6.735 8.990 4.869 4.990 19.838 13.414 5.397 10.842 16.986 7.812 1.435 18.866 14.196 9.931 13.109 7.165 6.511 1.946 15.185 11.746 17.016 12.847 6.194 5.680 7.823 13.379 12.584 11.858 12.784 17.485 17.154 15.810 10.342 11.692 11.411 7.497 17.269 14.098 8.978 8.689 6.328 3.306 1.627 15.935 10.357 10.067 12.449 11.855 8.513 5.620 5.992 3.348 7.083 9.664 2.933 15.355 8.585 12.725 2.083 3.092 8.945 13.503 5.591 10.112 8.131 3.880 7.605 15.230 4.776 4.889 13.320 5.780 8.759 5.539 4.273 8.256 3.687 10.185 2.233 12.850 11.031 8.004 6.595 13.322 16.099 3.988 3.023 6.246 5.191 0.872 11.411 7.874 14.196 4.346 9.083 10.228 18.053 17.854 14.603 3.325 6.580 
13 10.062 10.336 15.146 19.801 10.875 2.206 12.380 9.747 15.013 8.601 10.002 12.680 0.000 15.063 10.761 6.310 19.695 8.857 6.837 14.505 20.529 9.330 14.278 8.584 8.420 7.704 16.438 18.156 10.409 11.551 14.426 17.359 6.973 18.355 6.812 15.116 2.797 18.366 14.609 15.103 13.877 18.233 16.128 20.294 12.815 17.396 15.206 15.959 19.677 9.902 21.364 8.452 3.227 3.409 17.486 15.500 17.001 8.592 9.690 20.163 18.037 17.835 14.035 10.628 17.556 13.117 1.893 10.571 5.289 8.744 15.882 13.640 11.463 3.813 9.228 2.012 11.984 18.841 10.738 6.431 10.628 10.165 4.762 8.714 7.640 10.251 19.921 18.881 2.127 1.197 9.402 10.279 18.372 13.862 18.406 3.868 18.617 12.065 15.912 9.284 18.911 11.926 10.734 13.726 17.095 18.824 17.514 0.809 6.340 8.080 7.567 11.926 16.023 19.401 6.255 11.871 7.501 18.441 16.053 13.560 15.481 10.968 16.759 16.749 9.901 19.177 14.627 17.899 21.057 16.044 16.851 5.412 16.747 7.248 17.644 9.195 17.515 9.005 5.922 10.600 0.363 15.734 6.727 9.097 11.757 7.423 11.914 9.802 18.829 7.551 11.928 19.721 20.269 3.721 15.278 7.797 18.110 13.183 12.899 5.443 14.262 10.062 
14 9.516 10.298 16.429 7.142 4.940 14.374 10.507 18.759 17.985 12.724 10.673 15.913 15.063 0.000 13.125 10.198 7.207 17.544 9.389 12.289 11.207 8.714 15.580 8.478 13.544 7.972 16.238 12.764 15.713 3.641 1.296 8.450 11.401 12.202 9.725 5.227 12.417 10.150 15.830 0.742 18.347 9.390 16.240 9.026 2.285 4.511 19.786 10.541 13.087 15.509 9.975 12.143 12.652 11.664 18.885 18.033 9.702 7.062 18.869 12.072 9.913 14.843 7.712 11.108 17.725 7.788 13.656 19.020 9.935 9.215 10.690 15.415 8.341 12.202 6.947 13.329 8.807 21.359 15.223 10.078 4.919 7.458 10.448 10.562 16.246 8.256 9.671 8.995 16.566 16.204 9.021 7.482 4.718 6.079 9.353 17.872 15.172 5.381 3.248 7.634 13.957 9.646 12.744 15.293 2.771 11.612 10.051 14.255 20.186 19.461 12.481 9.985 17.538 17.941 9.528 12.994 8.971 13.291 5.085 17.983 18.544 7.030 4.992 14.586 6.418 15.292 19.782 13.715 9.429 14.567 20.434 9.946 14.320 9.249 16.498 16.598 12.271 14.819 18.850 15.749 15.424 6.780 17.831 9.911 3.402 9.818 11.971 15.567 18.565 14.883 15.962 11.731 22.347 12.305 14.013 8.559 10.694 5.044 5.115 10.709 19.224 9.516 
15 3.662 2.834 4.701 13.556 8.547 8.593 3.352 6.675 5.416 2.163 2.515 2.966 10.761 13.125 0.000 5.897 13.349 5.746 12.137 4.248 11.835 4.754 3.734 5.499 2.479 11.455 5.738 8.174 2.849 11.586 13.467 9.532 4.207 8.646 5.814 9.440 10.414 9.702 4.079 13.668 5.313 9.986 5.460 12.866 11.916 12.320 6.824 6.717 9.858 2.875 13.723 2.434 7.831 9.652 7.330 5.691 8.359 11.586 6.843 10.915 9.443 7.197 6.753 2.021 7.001 16.880 11.177 6.573 8.117 14.131 6.550 3.187 15.935 11.702 6.968 10.836 4.600 9.338 2.201 12.433 8.810 14.084 10.180 3.260 5.185 4.923 11.944 11.027 10.373 11.099 14.609 14.221 13.493 7.877 10.218 10.346 7.996 14.303 11.574 6.017 8.632 3.823 0.384 3.201 13.389 9.484 8.747 10.387 11.402 8.679 3.219 3.521 5.769 8.672 6.855 1.184 12.518 8.309 10.401 4.934 5.995 6.102 11.211 6.061 7.167 8.594 6.712 7.541 13.661 5.315 7.839 10.592 6.104 5.871 6.895 4.463 7.629 2.797 9.672 2.814 10.989 8.903 7.634 3.630 10.407 13.304 1.833 2.993 8.256 4.054 2.845 10.530 10.642 11.715 4.576 6.147 9.095 15.091 14.891 11.924 6.157 3.662 
16 3.886 4.360 10.592 13.739 5.350 4.727 6.370 9.072 11.186 4.074 4.162 8.658 6.310 10.198 5.897 0.000 13.610 7.833 6.280 8.721 14.221 3.024 9.616 2.313 4.547 5.785 11.478 12.086 7.164 7.366 9.987 11.055 1.856 12.198 0.538 9.010 4.912 12.064 9.960 10.479 10.674 11.924 11.243 14.049 8.253 11.532 12.207 9.762 13.523 6.755 15.107 3.568 3.122 4.024 13.226 11.524 10.710 6.126 9.143 13.895 11.735 12.198 7.726 4.905 12.835 11.610 5.957 9.543 2.222 8.356 9.705 9.084 10.427 5.992 3.373 5.569 5.717 15.161 7.048 6.541 5.289 8.604 4.303 2.868 6.396 3.941 13.626 12.586 7.033 7.146 8.884 8.745 12.603 7.647 12.098 7.984 12.933 9.378 10.185 3.109 12.950 5.767 5.690 9.093 11.644 12.584 11.226 5.652 10.115 9.320 3.200 5.828 11.666 14.296 1.048 6.711 6.712 12.423 9.993 10.293 11.749 4.725 10.752 11.224 4.023 13.435 11.882 12.013 14.825 10.637 13.500 4.695 11.153 1.037 12.493 7.210 11.430 5.802 8.685 7.293 6.641 9.478 7.664 3.000 6.830 7.442 6.358 6.742 14.065 5.204 8.204 13.451 16.500 6.024 9.845 1.718 11.838 10.355 10.107 6.034 11.372 3.886 
17 10.796 11.155 14.622 0.247 8.984 18.333 10.000 19.981 16.556 14.107 11.642 15.296 19.695 7.207 13.349 13.610 0.000 18.947 15.544 10.325 4.922 10.856 14.088 11.312 14.942 14.073 13.706 8.496 16.192 10.065 8.503 4.160 13.904 7.676 13.072 4.601 17.495 5.168 14.201 7.848 17.554 4.372 13.875 2.123 8.842 2.764 18.680 7.503 7.923 16.213 2.847 13.687 16.676 16.592 16.429 16.370 5.792 13.305 20.139 6.301 5.158 11.231 6.646 11.608 14.941 14.995 18.760 19.922 14.459 15.947 7.715 14.237 15.478 17.771 10.466 18.379 8.992 18.921 15.504 16.228 9.335 14.377 15.767 12.336 18.027 9.967 3.284 3.295 20.642 20.666 15.882 14.427 2.628 6.033 4.172 21.519 11.188 12.512 4.331 10.503 9.498 9.621 13.000 14.054 4.559 6.623 5.752 18.940 23.423 21.596 14.421 9.879 15.502 14.257 13.453 12.612 15.301 8.959 3.642 17.271 17.006 8.922 2.971 11.552 9.794 11.020 18.954 9.817 2.276 11.938 18.699 15.490 11.237 12.585 13.373 17.725 8.328 15.913 21.814 16.139 20.050 4.487 20.205 11.673 8.876 16.260 11.600 16.322 15.344 16.642 15.727 6.150 19.520 17.859 11.744 11.960 6.026 12.251 12.315 16.603 18.439 10.796 
18 8.384 7.850 7.998 19.141 12.618 6.876 9.041 1.241 7.044 4.959 7.372 5.453 8.857 17.544 5.746 7.833 18.947 0.000 13.373 9.812 17.561 8.881 7.474 9.078 4.103 13.320 9.651 13.672 3.219 15.120 17.563 15.250 6.228 14.237 8.156 14.762 10.064 15.444 7.708 17.949 5.526 15.731 9.276 18.587 15.856 17.631 6.600 12.448 15.373 2.954 19.461 5.487 7.386 9.731 9.656 7.610 14.106 13.827 1.329 16.576 15.188 12.108 12.301 7.339 10.263 19.298 10.178 1.821 9.415 15.577 12.275 6.852 17.967 11.554 10.650 9.989 9.979 10.424 3.947 13.370 12.712 16.216 10.917 7.050 1.478 9.517 17.688 16.761 7.403 8.545 16.187 16.356 18.800 13.176 15.963 6.469 12.890 17.197 16.655 9.910 13.923 9.327 6.047 7.025 18.384 15.151 14.489 8.932 6.460 3.082 5.064 9.077 8.478 12.458 8.819 6.762 13.949 13.719 15.767 5.307 7.363 10.777 16.589 10.943 11.132 13.524 5.934 12.818 19.385 10.122 8.337 11.571 11.093 8.542 10.983 1.302 13.190 3.035 4.860 3.372 8.901 14.462 2.716 7.734 14.355 14.419 7.580 2.818 11.455 2.680 4.588 16.207 11.847 11.515 9.570 9.166 14.817 18.187 17.937 12.539 5.665 8.384 
19 9.383 10.121 16.797 15.578 6.861 7.312 11.857 14.548 17.465 10.348 10.088 14.938 6.837 9.389 12.137 6.280 15.544 13.373 0.000 14.327 17.882 8.125 15.814 7.125 10.751 1.474 17.542 17.043 13.355 5.772 8.436 14.546 8.110 16.917 6.323 11.442 4.094 15.996 16.155 9.202 16.920 15.567 17.342 16.746 7.141 12.874 18.444 14.508 18.185 12.913 17.832 9.848 6.102 3.888 19.456 17.797 14.856 2.331 14.568 18.039 15.667 17.794 11.709 10.852 18.960 6.342 5.019 15.186 4.140 2.205 14.523 15.313 4.769 3.167 6.435 4.828 10.595 21.438 13.301 0.695 6.423 3.329 2.495 8.943 11.901 8.699 16.804 15.826 8.844 8.026 2.831 3.445 13.588 10.769 15.667 10.516 18.454 5.335 11.272 7.180 18.085 11.023 11.898 15.307 11.910 16.960 15.371 6.104 13.034 13.867 9.418 11.214 17.895 20.229 5.284 12.844 0.667 17.473 12.131 16.543 18.029 8.578 12.624 16.960 6.852 18.870 18.079 17.312 17.395 16.485 19.774 1.806 16.833 6.313 18.443 13.069 16.387 11.930 12.246 13.498 7.147 12.615 12.234 8.803 6.683 1.168 12.313 12.881 20.155 11.019 14.474 17.601 22.769 3.273 15.706 6.230 16.068 6.441 6.158 1.469 17.586 9.383 
20 4.979 4.365 4.383 10.559 8.818 12.435 2.471 10.574 6.253 6.131 4.582 5.121 14.505 12.289 4.248 8.721 10.325 9.812 14.327 0.000 7.849 6.205 3.766 7.210 6.665 13.296 3.949 3.926 6.641 11.969 13.012 6.192 7.549 4.429 8.407 7.471 13.618 5.862 3.900 12.964 7.251 6.340 3.962 9.367 11.808 10.076 8.357 2.903 5.614 6.858 10.070 6.118 11.363 12.744 6.625 6.119 4.688 13.132 10.756 6.771 5.664 3.493 4.634 3.893 5.443 17.822 14.582 10.279 10.808 16.004 2.697 3.931 17.248 14.699 8.079 14.208 3.961 9.132 5.900 14.780 9.231 15.462 12.880 5.902 9.412 5.679 8.259 7.481 14.404 15.005 16.353 15.586 11.176 6.237 6.580 14.526 4.213 15.023 9.855 7.206 4.453 3.344 4.081 3.742 11.664 5.354 4.946 14.013 15.650 12.836 7.043 3.119 5.392 6.048 9.410 3.098 14.543 4.076 8.204 6.987 6.731 6.216 8.906 2.652 7.905 4.720 8.634 3.403 10.119 2.349 8.511 13.107 2.506 8.217 4.369 8.510 3.393 7.009 13.919 6.523 14.774 6.339 11.870 5.736 10.492 15.465 2.631 6.994 6.367 8.299 5.716 6.414 10.063 14.736 1.725 8.133 5.127 15.560 15.423 14.506 8.127 4.979 
21 10.578 10.550 11.524 5.142 11.028 18.776 8.740 18.392 13.515 13.268 10.994 12.920 20.529 11.207 11.835 14.221 4.922 17.561 17.882 7.849 0.000 11.199 11.267 11.990 13.989 16.488 10.230 4.587 14.453 13.171 12.434 3.339 13.859 3.763 13.730 6.609 18.830 2.204 11.272 11.930 14.836 2.342 10.491 2.864 12.223 6.867 15.678 5.118 3.390 14.624 2.832 13.027 17.317 17.891 12.760 13.197 3.603 15.901 18.571 1.565 2.516 7.329 6.517 10.641 11.187 18.776 20.020 18.125 15.700 18.802 5.287 11.612 18.928 19.467 11.782 19.626 8.598 15.117 13.713 18.513 11.478 17.526 17.430 12.086 16.981 10.281 1.657 2.227 20.998 21.308 18.887 17.606 7.304 7.121 2.218 21.504 7.039 16.058 7.964 11.407 5.241 8.842 11.570 11.411 8.975 2.614 3.137 19.868 23.001 20.512 13.914 8.955 12.167 10.027 14.430 10.804 17.806 4.894 6.260 14.629 13.858 9.717 6.216 8.013 11.208 6.703 16.108 5.928 3.207 8.629 15.312 17.348 7.712 13.322 9.547 16.264 4.757 14.626 21.292 14.346 20.857 5.273 19.382 11.560 11.700 18.804 10.011 14.755 11.304 15.724 13.559 1.650 15.483 19.538 8.729 12.861 2.744 16.054 16.054 18.645 15.656 10.578 
22 1.286 2.116 9.026 11.006 3.885 7.646 3.738 10.077 10.100 4.010 2.268 7.714 9.330 8.714 4.754 3.024 10.856 8.881 8.125 6.205 11.199 0.000 8.051 1.006 4.834 7.150 9.535 9.225 7.066 6.839 8.879 8.056 3.070 9.268 2.547 6.311 7.798 9.041 8.373 9.174 10.057 8.907 9.374 11.124 7.253 9.040 11.576 6.816 10.589 6.823 12.165 3.431 6.124 6.872 11.700 10.308 7.689 7.097 10.196 10.885 8.711 9.685 4.716 2.956 11.002 12.205 8.918 10.309 4.763 9.871 6.777 7.661 11.378 8.688 2.221 8.526 2.736 13.919 6.652 8.575 4.096 9.540 6.766 1.848 7.664 0.931 10.638 9.600 9.924 10.134 10.266 9.672 10.175 4.824 9.085 10.679 10.366 9.571 7.883 1.264 10.165 2.953 4.409 7.606 9.547 9.592 8.207 8.675 12.579 11.081 3.861 3.107 10.167 12.127 3.381 5.069 8.364 9.599 7.328 9.676 10.682 1.994 8.127 8.835 2.439 10.812 11.435 9.302 11.912 8.373 12.556 6.932 8.710 2.191 10.354 7.890 8.564 6.105 11.000 7.122 9.659 6.564 9.554 1.208 5.729 9.269 4.325 6.873 12.147 6.266 7.556 10.440 15.145 8.739 7.602 1.945 8.827 10.339 10.142 8.332 10.884 1.286 
23 6.795 5.938 0.985 14.323 11.504 12.077 5.078 7.891 2.502 5.815 5.827 2.026 14.278 15.580 3.734 9.616 14.088 7.474 15.814 3.766 11.267 8.051 0.000 8.938 5.860 15.055 2.239 6.829 4.369 14.664 16.149 9.945 7.939 7.566 9.500 11.070 14.123 9.459 0.345 16.209 3.572 10.019 1.889 13.055 14.760 13.774 4.592 6.618 8.462 4.797 13.690 6.158 11.486 13.377 3.661 2.457 8.394 15.107 8.081 9.983 9.302 4.739 8.188 5.099 3.296 20.245 14.838 7.376 11.838 17.757 6.407 0.657 19.421 15.429 10.242 14.508 6.798 5.906 3.766 16.135 11.846 17.577 13.908 6.874 7.617 7.923 11.889 11.176 13.627 14.484 18.208 17.711 14.894 9.698 10.258 13.297 5.487 17.561 13.423 9.282 6.763 5.974 3.927 0.553 15.256 8.664 8.593 13.972 13.850 10.538 6.880 5.642 2.115 5.191 10.550 3.000 16.167 6.722 11.873 3.365 3.014 8.871 12.606 3.620 10.291 6.121 4.899 5.704 13.785 2.822 4.872 14.307 3.836 9.509 3.554 6.272 6.525 5.446 12.165 4.185 14.475 10.055 9.989 7.096 13.321 16.983 3.785 4.934 4.566 6.966 2.886 9.700 7.095 15.441 2.541 9.699 8.655 18.251 18.076 15.649 4.414 6.795 
24 2.262 3.045 9.919 11.446 3.542 7.037 4.743 10.301 10.901 4.411 3.112 8.462 8.584 8.478 5.499 2.313 11.312 9.078 7.125 7.210 11.990 1.006 8.938 0.000 5.170 6.179 10.492 10.195 7.582 6.238 8.499 8.779 2.944 10.211 1.785 6.717 6.893 9.862 9.266 8.871 10.747 9.674 10.319 11.738 6.814 9.310 12.280 7.756 11.527 7.287 12.799 3.811 5.428 5.959 12.597 11.138 8.536 6.171 10.405 11.753 9.529 10.690 5.475 3.846 11.947 11.382 8.047 10.612 3.812 8.899 7.727 8.516 10.486 7.725 1.597 7.653 3.679 14.769 7.243 7.570 3.645 8.641 5.781 2.322 7.769 1.763 11.337 10.297 9.340 9.452 9.310 8.775 10.409 5.334 9.839 10.228 11.371 8.816 8.034 0.885 11.152 3.952 5.180 8.474 9.597 10.489 9.058 7.894 12.255 11.049 4.017 4.112 11.052 13.115 2.461 5.941 7.375 10.578 7.711 10.363 11.482 2.411 8.483 9.837 2.060 11.815 12.092 10.300 12.513 9.365 13.338 5.930 9.713 1.337 11.337 8.189 9.533 6.482 10.741 7.660 8.923 7.168 9.461 1.872 5.297 8.272 5.263 7.319 13.107 6.408 8.228 11.306 16.019 7.779 8.590 0.950 9.697 9.642 9.430 7.329 11.548 2.262 
25 4.282 3.790 6.746 15.128 8.663 6.224 5.261 5.264 6.892 0.857 3.305 4.404 8.420 13.544 2.479 4.547 14.942 4.103 10.751 6.665 13.989 4.834 5.860 5.170 0.000 10.331 8.023 10.576 2.618 11.379 13.653 11.406 2.694 10.994 4.685 10.677 8.414 11.809 6.194 13.987 6.175 11.989 7.708 14.726 11.981 13.539 7.693 8.906 12.242 2.217 15.653 1.404 5.691 7.756 9.196 7.308 10.425 10.649 5.393 13.187 11.526 9.673 8.310 3.404 9.147 16.113 9.028 5.476 6.612 12.875 8.761 5.228 14.970 9.802 6.767 8.715 5.950 10.863 2.580 10.933 8.807 13.140 8.537 2.986 3.089 5.422 13.923 12.952 7.909 8.677 13.419 13.281 14.706 9.093 12.212 7.874 10.473 13.755 12.553 5.944 11.089 5.370 2.586 5.308 14.288 11.757 10.858 8.117 9.047 6.669 1.346 5.161 7.681 10.990 5.593 3.661 11.224 10.740 11.688 5.800 7.425 6.686 12.509 8.532 7.178 11.073 7.341 10.004 15.530 7.772 9.074 9.058 8.581 4.945 9.250 3.055 10.005 1.318 7.324 2.751 8.624 10.457 5.403 3.656 10.460 11.894 4.086 2.217 10.420 1.742 3.791 12.783 12.252 9.799 7.047 5.460 11.281 14.665 14.434 10.289 6.838 4.282 
26 8.433 9.222 16.039 14.105 5.460 7.793 10.832 14.530 16.851 9.830 9.249 14.340 7.704 7.972 11.455 5.785 14.073 13.320 1.474 13.296 16.488 7.150 15.055 6.179 10.331 0.000 16.670 15.828 12.949 4.337 7.072 13.159 7.640 15.661 5.706 10.007 4.907 14.641 15.390 7.824 16.439 14.186 16.493 15.295 5.706 11.400 17.976 13.280 16.911 12.537 16.379 9.288 6.353 4.437 18.715 17.146 13.536 0.936 14.569 16.694 14.315 16.726 10.411 10.002 18.120 5.998 6.010 15.106 3.905 2.721 13.308 14.590 4.667 4.321 5.263 5.752 9.465 20.793 12.816 2.165 5.011 2.898 2.981 8.204 11.843 7.621 15.378 14.410 9.582 8.901 3.155 3.037 12.118 9.395 14.279 11.176 17.359 4.386 9.799 6.092 16.898 9.960 11.185 14.568 10.454 15.652 14.046 6.922 13.678 14.137 8.985 10.178 17.159 19.272 4.739 12.059 1.327 16.273 10.676 16.057 17.424 7.358 11.158 15.945 5.602 17.749 17.665 16.168 15.936 15.516 19.219 2.295 15.799 5.586 17.504 12.877 15.178 11.576 12.733 13.077 8.040 11.216 12.470 7.966 5.210 2.325 11.437 12.521 19.285 10.828 13.948 16.260 22.089 4.428 14.749 5.359 14.748 5.501 5.217 2.743 17.152 8.433 
27 8.249 7.449 1.701 13.950 12.620 14.246 6.069 9.976 3.474 7.888 7.454 4.207 16.438 16.238 5.738 11.478 13.706 9.651 17.542 3.949 10.230 9.535 2.239 10.492 8.023 16.670 0.000 5.643 6.598 15.793 16.953 9.568 9.908 6.472 11.297 11.357 16.139 8.722 1.958 16.913 5.078 9.410 0.379 12.384 15.711 13.837 5.564 6.277 7.093 7.033 12.867 8.163 13.567 15.356 2.751 3.048 7.916 16.628 10.166 8.797 8.638 3.043 8.564 6.690 1.512 21.559 16.914 9.390 13.689 19.390 6.072 2.896 20.867 17.396 11.627 16.574 7.749 5.275 6.005 17.913 13.007 19.045 15.779 8.643 9.851 9.224 11.123 10.567 15.847 16.683 19.799 19.175 14.889 10.180 9.636 15.536 3.654 18.800 13.745 10.692 5.235 7.010 5.852 2.767 15.532 7.636 7.981 16.101 16.062 12.691 8.951 6.715 1.951 2.970 12.349 4.772 17.844 5.386 12.024 5.007 3.702 9.975 12.677 2.223 11.565 4.256 6.105 4.328 13.050 1.783 5.090 16.126 2.532 11.239 1.333 8.480 5.541 7.680 14.387 6.411 16.647 10.114 12.208 8.739 14.355 18.706 5.236 7.169 2.615 9.197 5.079 8.592 6.121 17.415 2.225 11.332 7.860 19.395 19.245 17.496 5.746 8.249 
28 8.200 7.824 6.986 8.743 10.670 16.162 5.777 14.360 8.969 10.002 8.158 8.634 18.156 12.764 8.174 12.086 8.496 13.672 17.043 3.926 4.587 9.225 6.829 10.195 10.576 15.828 5.643 0.000 10.467 13.535 13.774 4.656 11.191 0.851 11.689 7.537 16.981 3.328 6.792 13.501 10.363 4.134 5.910 6.903 12.986 9.314 11.124 2.554 1.701 10.724 7.274 9.928 14.955 16.069 8.196 8.628 3.108 15.471 14.546 3.179 3.357 2.794 5.574 7.576 6.636 19.473 18.041 13.987 13.988 18.435 2.521 7.251 19.214 17.913 10.608 17.655 6.524 10.601 9.730 17.581 11.132 17.556 15.974 9.443 13.331 8.458 5.593 5.214 18.213 18.742 18.677 17.664 10.184 7.024 4.325 18.415 2.695 16.634 9.733 9.914 1.194 6.322 7.999 7.049 11.302 2.015 2.887 17.606 19.577 16.722 10.858 6.265 7.583 5.762 12.600 7.019 17.140 0.527 7.829 10.186 9.290 8.473 8.259 3.430 10.226 2.608 11.584 1.364 7.507 4.086 10.725 16.080 3.135 11.399 5.006 12.374 0.662 10.927 17.846 10.331 18.446 5.992 15.793 9.114 11.974 18.115 6.502 10.864 6.883 12.225 9.360 2.949 11.077 17.964 4.306 11.144 2.473 16.936 16.859 17.468 11.153 8.200 
29 6.206 5.479 5.031 16.400 10.952 8.218 6.192 3.939 4.604 3.204 5.062 2.426 10.409 15.713 2.849 7.164 16.192 3.219 13.355 6.641 14.453 7.066 4.369 7.582 2.618 12.949 6.598 10.467 0.000 13.819 15.942 12.327 5.310 11.051 7.287 12.268 10.814 12.377 4.640 16.211 3.618 12.723 6.234 15.652 14.317 15.152 5.108 9.366 12.167 0.507 16.476 3.797 8.036 10.229 7.116 5.099 11.075 13.256 4.119 13.412 12.137 8.910 9.602 4.768 7.412 18.708 11.289 3.741 9.216 15.489 9.183 3.723 17.584 12.247 9.163 11.009 7.418 8.476 0.742 13.518 11.149 15.751 11.100 5.276 3.258 7.459 14.682 13.794 9.473 10.436 16.035 15.892 16.325 10.696 12.959 8.986 9.698 16.305 14.356 8.275 10.703 6.662 3.214 3.880 16.156 11.995 11.428 10.242 9.487 6.296 3.964 6.367 5.727 9.503 8.211 3.674 13.836 10.503 13.238 3.259 5.078 8.702 14.050 7.741 9.495 10.330 4.726 9.599 16.441 6.922 6.578 11.644 7.883 7.519 7.921 1.944 9.999 1.474 7.797 0.196 10.555 11.752 5.623 5.859 12.792 14.493 4.611 0.613 8.661 2.859 1.578 13.054 9.895 12.236 6.354 7.989 11.711 17.186 16.963 12.843 4.231 6.206 
30 7.965 8.829 15.604 10.064 3.176 11.067 9.733 16.359 16.865 10.644 9.078 14.536 11.551 3.641 11.586 7.366 10.065 15.120 5.772 11.969 13.171 6.839 14.664 6.238 11.379 4.337 15.793 13.535 13.819 0.000 2.875 9.977 8.898 13.166 6.982 6.571 8.847 11.621 14.962 3.566 16.895 11.011 15.710 11.536 1.369 7.317 18.410 11.038 14.279 13.522 12.587 10.044 9.384 8.142 18.227 17.025 10.772 3.441 16.444 13.680 11.323 15.068 7.978 9.694 17.304 5.947 10.067 16.749 6.613 5.883 11.129 14.355 5.784 8.567 4.661 9.752 8.046 20.570 13.461 6.465 2.818 4.380 6.861 8.549 13.720 6.759 11.850 10.975 13.171 12.715 5.833 4.450 7.906 6.537 11.050 14.579 15.561 3.107 5.734 5.582 14.701 8.793 11.233 14.274 6.153 12.878 11.230 10.743 16.977 16.660 10.148 9.101 16.750 17.975 6.510 11.778 5.396 14.035 6.986 16.514 17.445 5.827 7.296 14.539 4.424 15.823 18.273 14.196 12.095 14.317 19.334 6.328 14.324 6.578 16.337 14.345 12.939 12.696 15.759 13.894 11.908 8.035 14.990 8.012 1.561 6.295 10.882 13.552 18.319 12.445 14.394 13.276 21.716 8.670 13.637 5.963 11.934 3.603 3.455 7.070 17.722 7.965 
31 9.812 10.635 17.031 8.438 4.997 13.909 11.075 18.792 18.500 12.861 10.970 16.331 14.426 1.296 13.467 9.987 8.503 17.563 8.436 13.012 12.434 8.879 16.149 8.499 13.653 7.072 16.953 13.774 15.942 2.875 0.000 9.585 11.351 13.251 9.551 6.263 11.714 11.289 16.415 0.789 18.750 10.551 16.930 10.308 1.734 5.798 20.222 11.467 14.189 15.701 11.265 12.267 12.210 11.017 19.549 18.584 10.754 6.142 18.891 13.247 11.038 15.733 8.535 11.474 18.454 6.493 12.924 19.110 9.449 8.074 11.602 15.936 7.066 11.370 6.914 12.615 9.351 21.992 15.499 9.114 4.855 6.268 9.724 10.703 16.214 8.546 10.921 10.214 16.036 15.590 7.838 6.282 6.007 6.910 10.527 17.421 16.105 4.117 4.474 7.709 14.968 10.176 13.093 15.827 4.048 12.721 11.130 13.618 19.795 19.305 12.513 10.511 18.157 18.796 9.218 13.446 7.969 14.298 6.243 18.379 19.068 7.386 6.222 15.403 6.476 16.260 20.171 14.663 10.720 15.328 20.965 9.169 15.149 9.103 17.295 16.687 13.253 14.953 18.533 15.993 14.783 7.833 17.651 10.087 3.208 8.765 12.455 15.748 19.347 14.884 16.313 12.893 23.031 11.475 14.735 8.436 11.791 3.748 3.821 9.811 19.613 9.812 
32 7.602 7.733 10.463 4.400 7.698 15.696 6.210 16.207 12.403 10.617 8.208 11.233 17.359 8.450 9.532 11.055 4.160 15.250 14.546 6.192 3.339 8.056 9.945 8.779 11.406 13.159 9.568 4.656 12.327 9.977 9.585 0.000 10.884 3.937 10.547 3.428 15.556 1.704 10.049 9.192 13.440 1.039 9.727 3.336 9.135 4.666 14.534 3.344 4.655 12.405 4.250 10.287 14.173 14.618 12.304 12.211 1.666 12.589 16.375 3.714 1.466 7.240 3.344 8.002 10.843 15.728 16.763 16.068 12.423 15.507 3.556 10.119 15.760 16.152 8.467 16.369 5.628 14.809 11.614 15.175 8.151 14.292 14.113 9.156 14.480 7.126 2.592 1.568 17.958 18.189 15.615 14.377 5.534 3.782 1.122 18.590 7.317 12.952 5.261 8.143 5.790 6.055 9.211 9.932 6.696 3.179 1.770 16.673 20.253 18.059 11.121 6.245 11.345 10.347 11.188 8.675 14.479 5.168 3.368 13.168 12.848 6.444 3.656 7.447 7.882 7.264 14.826 5.876 4.136 7.793 14.541 14.016 7.133 10.116 9.311 13.986 4.348 12.229 18.577 12.254 17.694 1.962 16.791 8.569 8.467 15.478 7.720 12.525 11.329 13.145 11.720 3.330 15.468 16.224 7.585 9.616 2.300 13.052 13.024 15.308 14.318 7.602 
33 3.290 3.395 8.900 14.059 6.461 4.989 5.422 7.465 9.379 2.242 3.034 6.850 6.973 11.401 4.207 1.856 13.904 6.228 8.110 7.549 13.859 3.070 7.939 2.944 2.694 7.640 9.908 11.191 5.310 8.898 11.351 10.884 0.000 11.421 2.010 9.379 6.237 11.660 8.284 11.766 8.822 11.649 9.647 14.064 9.637 12.104 10.353 9.066 12.737 4.908 15.078 1.788 3.816 5.450 11.497 9.738 10.266 7.958 7.555 13.337 11.344 10.940 7.559 3.660 11.205 13.430 7.086 7.858 3.993 10.206 8.973 7.375 12.275 7.497 4.459 6.726 5.277 13.361 5.197 8.336 6.515 10.446 6.008 1.786 4.863 3.937 13.475 12.449 7.147 7.566 10.739 10.587 13.233 7.873 11.847 7.709 11.707 11.122 10.908 3.820 11.938 5.055 4.057 7.402 12.517 11.960 10.760 6.464 9.519 8.107 1.350 5.010 9.943 12.797 2.901 5.151 8.559 11.469 10.396 8.442 9.936 5.061 11.198 9.895 4.994 12.249 10.026 10.934 14.861 9.241 11.665 6.469 9.863 2.333 11.000 5.473 10.555 3.968 7.930 5.437 7.256 9.544 6.532 2.315 8.145 9.265 5.003 4.900 12.456 3.549 6.363 12.903 14.716 7.512 8.456 2.938 11.308 12.062 11.823 7.762 9.516 3.290 
34 8.323 8.029 7.773 7.923 10.399 16.408 6.005 14.969 9.762 10.376 8.397 9.313 18.355 12.202 8.646 12.198 7.676 14.237 16.917 4.429 3.763 9.268 7.566 10.211 10.994 15.661 6.472 0.851 11.051 13.166 13.251 3.937 11.421 0.000 11.776 6.990 17.061 2.510 7.548 12.942 11.120 3.333 6.729 6.055 12.547 8.603 11.922 2.455 1.325 11.283 6.425 10.256 15.138 16.138 9.044 9.436 2.500 15.259 15.153 2.419 2.571 3.645 5.288 7.868 7.486 19.082 18.152 14.628 14.021 18.227 2.494 7.955 18.893 17.935 10.496 17.763 6.535 11.452 10.310 17.476 10.865 17.272 15.966 9.649 13.827 8.453 4.742 4.386 18.506 18.987 18.441 17.375 9.435 6.630 3.513 18.781 3.515 16.251 9.110 9.860 1.860 6.442 8.442 7.753 10.624 1.168 2.187 17.778 20.029 17.265 11.182 6.429 8.405 6.585 12.648 7.519 16.981 1.283 7.199 10.930 10.097 8.341 7.579 4.252 10.070 3.364 12.365 2.215 6.656 4.873 11.559 16.034 3.950 11.456 5.857 12.936 1.060 11.427 18.300 10.924 18.654 5.424 16.280 9.267 11.606 17.966 6.909 11.421 7.729 12.675 10.010 2.144 11.924 17.990 5.027 11.154 1.679 16.504 16.439 17.411 11.924 8.323 
35 3.499 4.045 10.481 13.201 4.849 5.262 6.016 9.397 11.168 4.129 3.897 8.648 6.812 9.725 5.814 0.538 13.072 8.156 6.323 8.407 13.730 2.547 9.500 1.785 4.685 5.706 11.297 11.689 7.287 6.982 9.551 10.547 2.010 11.776 0.000 8.472 5.293 11.582 9.842 10.024 10.737 11.426 11.076 13.524 7.820 10.996 12.275 9.332 13.100 6.901 14.583 3.582 3.643 4.382 13.135 11.484 10.235 5.969 9.476 13.432 11.251 11.895 7.226 4.656 12.682 11.428 6.381 9.832 2.415 8.339 9.282 8.990 10.305 6.294 2.857 5.991 5.268 15.129 7.117 6.637 4.808 8.467 4.507 2.655 6.742 3.450 13.113 12.073 7.570 7.668 8.841 8.607 12.069 7.115 11.597 8.520 12.619 9.115 9.654 2.571 12.577 5.367 5.577 8.988 11.126 12.133 10.754 6.138 10.636 9.758 3.352 5.450 11.573 14.076 1.053 6.552 6.712 12.038 9.455 10.354 11.737 4.194 10.214 10.948 3.498 13.107 11.981 11.660 14.298 10.386 13.517 4.829 10.865 0.503 12.275 7.467 11.030 5.974 9.190 7.405 7.147 8.953 8.113 2.672 6.375 7.491 6.122 6.899 13.898 5.498 8.242 12.986 16.450 6.333 9.596 1.196 11.373 10.065 9.823 6.201 11.462 3.499 
36 6.416 6.916 11.811 4.730 4.620 13.732 6.255 15.868 13.562 9.824 7.391 11.833 15.116 5.227 9.440 9.010 4.601 14.762 11.442 7.471 6.609 6.311 11.070 6.717 10.677 10.007 11.357 7.537 12.268 6.571 6.263 3.428 9.379 6.990 8.472 0.000 12.994 5.110 11.269 5.964 14.234 4.452 11.413 5.345 5.708 2.885 15.547 5.367 7.940 12.205 6.437 9.348 12.076 12.076 14.080 13.510 4.492 9.358 16.013 7.142 4.833 9.682 2.883 7.516 12.798 12.302 14.248 15.916 9.916 12.219 5.530 11.042 12.345 13.380 5.896 13.863 4.850 16.596 11.641 12.101 5.033 10.917 11.349 7.901 13.722 5.455 5.379 4.442 16.041 16.073 12.285 10.998 4.059 1.587 4.481 16.937 9.970 9.524 2.388 5.902 8.730 5.619 9.064 10.887 4.196 6.481 4.872 14.370 18.889 17.249 10.008 5.932 12.856 12.808 8.865 8.944 11.305 8.064 1.021 13.904 14.085 4.344 1.837 9.530 5.232 10.071 15.679 8.507 6.048 9.616 15.924 11.144 9.247 7.984 11.459 13.605 7.047 11.764 17.309 12.248 15.469 1.571 15.791 7.219 5.091 12.297 7.880 12.298 13.535 12.318 12.093 6.754 17.470 13.463 9.156 7.361 5.543 9.636 9.602 12.350 15.133 6.416 
37 8.786 9.266 15.063 17.581 8.533 3.404 11.282 11.140 15.298 8.312 9.039 12.817 2.797 12.417 10.414 4.912 17.495 10.064 4.094 13.618 18.830 7.798 14.123 6.893 8.414 4.907 16.139 16.981 10.814 8.847 11.714 15.556 6.237 17.061 5.293 12.994 0.000 16.733 14.466 12.412 14.425 16.495 15.871 18.290 10.146 15.062 15.874 14.612 18.384 10.321 19.376 7.980 2.785 0.939 17.592 15.722 15.424 5.800 11.127 18.644 16.399 17.079 12.323 9.759 17.409 10.426 1.272 11.875 3.133 6.121 14.567 13.530 8.811 1.490 7.139 0.915 10.534 19.254 10.961 3.769 8.227 7.417 1.993 7.723 8.656 8.652 18.054 17.021 4.751 3.994 6.782 7.536 15.976 11.891 16.646 6.427 17.825 9.271 13.526 7.423 17.860 10.659 10.288 13.577 14.581 17.379 15.947 2.026 8.945 10.044 7.252 10.734 16.058 19.033 4.432 11.387 4.761 17.327 13.874 14.071 15.821 9.116 14.528 16.076 7.780 18.336 15.392 16.925 19.024 15.452 17.392 2.618 16.022 5.607 17.236 10.050 16.323 9.340 8.232 10.987 3.133 13.799 8.484 7.912 9.191 4.814 11.180 10.253 18.668 8.107 12.182 18.198 20.655 1.455 14.663 5.983 16.589 10.389 10.104 2.790 14.956 8.786 
