param n := 30;
param m := 3;
param L := 30;
param Q := 3;
param T := 600;
param t :
    1   2   3   4   5   6   7   8   9  10  11  12  13  14  15  16  17  18  19  20  21  22  23  24  25  26  27  28  29  30  31  32  33  34  35  36  37  38  39  40  41  42  43  44  45  46  47  48  49  50  51  52  53  54  55  56  57  58  59  60  61  62 :=
1 0.000 5.998 8.385 11.065 11.050 12.984 9.307 7.978 7.555 8.397 8.762 2.829 7.594 4.228 7.993 3.529 6.183 3.409 9.467 11.128 8.467 6.554 10.033 3.199 6.729 9.959 7.236 8.956 10.138 6.418 9.357 9.425 7.293 8.805 9.924 1.644 5.981 10.281 5.130 11.180 10.014 7.154 10.808 9.876 7.692 5.591 11.799 7.154 9.127 9.719 11.942 3.326 3.816 10.990 7.463 11.665 11.204 10.921 8.680 8.937 7.653 0.000 
2 5.998 0.000 3.122 15.853 14.446 11.132 15.069 7.310 3.655 8.995 2.804 4.187 6.377 6.686 5.652 3.077 8.863 4.016 13.029 8.566 13.951 9.948 5.001 6.762 10.683 6.926 5.581 3.441 5.799 11.932 4.701 7.417 11.783 9.359 5.651 4.391 10.109 11.360 11.076 16.315 9.416 6.999 9.154 4.704 13.584 11.114 15.457 11.760 10.234 9.046 16.196 7.428 8.780 13.582 13.251 17.478 17.015 15.530 5.515 14.930 5.341 5.998 
3 8.385 3.122 0.000 16.736 14.565 13.530 16.782 6.249 6.118 12.032 1.913 5.871 5.271 9.772 8.347 4.897 11.978 5.427 16.133 6.181 16.712 10.500 1.879 8.050 11.433 9.198 4.504 0.689 2.833 13.523 6.378 5.528 14.779 8.534 7.417 6.954 13.132 14.397 13.502 19.212 12.250 6.331 11.734 1.597 16.074 13.835 15.663 12.767 13.293 7.611 16.719 8.771 10.286 13.328 15.838 20.049 19.587 16.309 3.370 17.069 3.903 8.385 
4 11.065 15.853 16.736 0.000 4.213 23.890 4.725 11.630 18.419 18.825 18.042 11.686 12.281 14.760 19.058 12.782 15.894 11.843 17.115 14.960 12.288 6.272 17.547 9.096 5.303 21.019 12.750 17.425 16.744 5.049 20.107 13.569 14.367 9.923 20.809 12.443 14.300 20.152 9.304 14.872 20.725 11.026 21.748 17.622 9.817 11.363 3.583 4.096 19.172 11.830 1.943 8.457 7.320 6.129 10.532 11.916 11.693 0.672 14.691 7.484 13.497 11.065 
5 11.050 14.446 14.565 4.213 0.000 23.964 8.261 8.689 17.570 19.404 16.152 10.606 9.530 15.210 18.681 11.566 16.833 10.553 18.942 11.554 14.898 4.638 14.988 8.206 4.327 20.534 10.172 15.236 13.953 6.908 19.049 10.418 16.216 6.595 19.893 12.018 15.718 21.108 11.238 17.739 21.063 8.321 21.779 15.140 12.545 13.262 1.140 4.467 20.010 8.383 2.809 7.806 7.381 1.980 13.111 15.372 15.079 3.542 11.946 10.780 10.885 11.050 
6 12.984 11.132 13.530 23.890 23.964 0.000 21.098 18.322 7.510 5.475 11.856 13.650 17.439 9.155 5.568 12.962 8.635 13.903 10.674 19.594 15.510 19.359 15.083 15.790 19.678 4.334 16.667 13.387 16.334 18.939 7.308 18.545 12.002 20.167 6.333 11.958 10.870 5.738 15.505 16.046 3.354 17.870 2.185 14.698 16.897 13.977 24.765 20.118 5.881 20.120 24.905 16.158 16.792 23.646 16.141 19.388 19.018 23.818 16.572 19.489 16.471 12.984 
7 9.307 15.069 16.782 4.725 8.261 21.098 0.000 13.096 16.823 15.734 17.661 11.018 13.442 12.044 16.916 12.108 12.610 11.386 13.012 16.744 7.791 7.676 18.022 8.751 6.623 18.896 13.650 17.446 17.568 3.277 18.648 15.104 10.347 12.074 19.159 10.928 10.662 16.664 5.640 10.212 17.785 12.296 19.069 17.995 5.338 7.489 8.014 5.086 15.824 13.917 6.641 8.032 6.500 9.832 6.125 7.217 6.977 5.200 15.608 2.774 14.359 9.307 
8 7.978 7.310 6.249 11.630 8.689 18.322 13.096 0.000 10.948 15.207 8.066 5.468 0.988 11.566 12.759 5.640 13.818 4.965 17.422 3.672 15.884 5.558 6.342 5.373 6.644 14.213 1.795 6.861 5.264 9.950 11.921 2.012 15.252 2.292 12.916 7.616 13.952 17.440 11.944 18.790 16.182 0.886 16.250 6.531 14.383 13.173 9.825 8.207 16.249 1.857 11.161 5.868 7.197 7.216 14.477 18.292 17.863 11.085 3.270 14.320 2.350 7.978 
9 7.555 3.655 6.118 18.419 17.570 7.510 16.823 10.948 0.000 6.388 4.671 6.968 10.026 5.907 2.268 6.025 7.464 7.037 11.526 12.092 13.915 12.955 7.817 9.476 13.528 3.270 9.235 6.088 8.950 13.966 1.858 11.044 11.049 12.936 2.391 6.015 9.360 8.672 11.962 15.771 6.203 10.588 5.623 7.447 14.195 11.349 18.512 14.361 7.692 12.700 19.030 10.029 11.109 16.908 13.675 17.764 17.315 18.189 9.063 16.100 8.989 7.555 
10 8.397 8.995 12.032 18.825 19.404 5.475 15.734 15.207 6.388 0.000 10.923 9.896 14.481 4.194 4.312 9.567 3.167 10.310 5.846 17.360 10.104 14.952 13.872 11.513 15.078 5.300 13.819 12.176 14.789 13.797 7.542 15.968 6.622 16.658 7.114 7.845 5.399 2.366 10.106 10.969 2.125 14.567 3.762 13.531 11.422 8.509 20.089 15.272 1.304 17.064 20.008 11.720 12.043 19.383 10.668 14.029 13.641 18.822 14.347 14.029 13.856 8.397 
11 8.762 2.804 1.913 18.042 16.152 11.856 17.661 8.066 4.671 10.923 0.000 6.647 7.079 9.278 6.939 5.553 11.333 6.326 15.517 8.054 16.741 11.901 3.227 9.089 12.763 7.529 6.286 1.558 4.523 14.460 4.592 7.440 14.465 10.330 5.622 7.178 12.773 13.260 13.865 19.055 10.873 8.059 10.175 2.843 16.383 13.913 17.226 13.995 12.217 9.499 18.173 9.795 11.244 15.020 16.055 20.282 19.819 17.658 5.283 17.666 5.744 8.762 
12 2.829 4.187 5.871 11.686 10.606 13.650 11.018 5.468 6.968 9.896 6.647 0.000 4.928 6.104 8.182 1.115 8.350 0.581 12.033 8.366 11.277 5.987 7.371 2.591 6.601 9.964 4.476 6.504 7.353 7.814 8.514 6.699 10.037 6.763 9.311 2.149 8.612 12.055 7.749 14.009 11.108 4.736 11.485 7.257 10.334 8.410 11.545 7.590 10.865 7.298 12.125 3.242 4.615 10.043 10.187 14.339 13.882 11.385 5.850 11.198 4.842 2.829 
13 7.594 6.377 5.271 12.281 9.530 17.439 13.442 0.988 10.026 14.481 7.079 4.928 0.000 10.963 11.886 4.938 13.242 4.384 16.958 3.617 15.730 6.088 5.458 5.293 7.156 13.296 0.814 5.891 4.480 10.232 10.958 1.869 14.886 3.263 11.958 7.051 13.519 16.746 11.863 18.595 15.378 1.256 15.386 5.623 14.360 12.959 10.659 8.688 15.557 2.681 11.923 5.873 7.304 8.130 14.397 18.316 17.878 11.761 2.435 14.491 1.387 7.594 
14 4.228 6.686 9.772 14.760 15.210 9.155 12.044 11.566 5.907 4.194 9.278 6.104 10.963 0.000 5.118 6.070 2.307 6.603 6.370 14.186 8.016 10.775 11.642 7.393 10.884 7.024 10.404 10.127 12.234 9.785 7.694 12.629 5.239 12.771 7.834 3.958 3.533 6.075 6.602 9.929 5.969 10.839 7.057 11.368 8.517 5.568 15.901 11.106 4.909 13.402 15.866 7.553 7.853 15.216 7.913 11.901 11.458 14.719 11.330 10.754 10.596 4.228 
15 7.993 5.652 8.347 19.058 18.681 5.568 16.916 12.759 2.268 4.312 6.939 8.182 11.886 5.118 0.000 7.425 6.048 8.389 9.837 14.207 12.974 14.046 10.076 10.477 14.476 1.985 11.122 8.347 11.179 14.323 3.237 13.059 9.808 14.604 2.947 6.705 8.203 6.501 11.660 14.490 3.935 12.302 3.509 9.709 13.634 10.675 19.549 15.105 5.601 14.566 19.871 10.926 11.772 18.223 13.017 16.915 16.483 18.902 11.159 15.830 10.961 7.993 
16 3.529 3.077 4.897 12.782 11.566 12.962 12.108 5.640 6.025 9.567 5.553 1.115 4.938 6.070 7.425 0.000 8.371 1.013 12.250 8.129 11.971 6.984 6.505 3.687 7.653 9.122 4.339 5.502 6.652 8.919 7.493 6.560 10.445 7.238 8.327 2.336 8.925 11.812 8.615 14.613 10.598 5.028 10.823 6.355 11.193 9.087 12.534 8.687 10.623 7.498 13.178 4.351 5.728 10.890 10.989 15.182 14.722 12.470 5.376 12.201 4.538 3.529 
17 6.183 8.863 11.978 15.894 16.833 8.635 12.610 13.818 7.464 3.167 11.333 8.350 13.242 2.307 6.048 8.371 0.000 8.867 4.185 16.492 7.118 12.579 13.855 9.380 12.546 7.657 12.699 12.291 14.502 10.845 9.080 14.927 3.781 14.923 8.981 6.203 2.304 4.294 6.971 8.442 5.281 13.069 6.801 13.566 8.272 5.343 17.426 12.540 3.278 15.642 17.187 9.433 9.464 17.028 7.533 11.079 10.670 15.940 13.635 10.862 12.901 6.183 
18 3.409 4.016 5.427 11.843 10.553 13.903 11.386 4.965 7.037 10.310 6.326 0.581 4.384 6.603 8.389 1.013 8.867 0.000 12.591 7.793 11.848 5.978 6.866 2.777 6.672 10.115 3.908 6.076 6.800 8.153 8.501 6.135 10.614 6.376 9.340 2.667 9.180 12.503 8.287 14.587 11.450 4.267 11.751 6.767 10.871 8.985 11.525 7.755 11.311 6.809 12.192 3.473 4.924 9.886 10.739 14.878 14.422 11.514 5.272 11.665 4.262 3.409 
19 9.467 13.029 16.133 17.115 18.942 10.674 13.012 17.422 11.526 5.846 15.517 12.033 16.958 6.370 9.837 12.250 4.185 12.591 0.000 20.358 5.625 15.193 18.007 12.488 14.898 11.116 16.494 16.464 18.597 12.261 13.020 18.725 2.757 18.219 12.770 9.955 3.498 4.967 7.843 5.395 7.664 16.613 9.443 17.726 7.786 5.770 19.327 14.480 4.906 19.183 18.705 12.348 11.922 19.514 6.960 9.076 8.775 17.319 17.605 10.619 16.777 9.467 
20 11.128 8.566 6.181 14.960 11.554 19.594 16.744 3.672 12.092 17.360 8.054 8.366 3.617 14.186 14.207 8.129 16.492 7.793 20.358 0.000 19.344 9.130 5.174 8.901 10.216 15.289 3.895 6.521 3.724 13.619 12.551 1.750 18.399 5.046 13.591 10.403 16.972 19.693 15.478 22.199 17.969 4.527 17.691 5.522 17.965 16.562 12.684 11.789 18.523 3.175 14.235 9.458 10.842 9.782 18.013 21.907 21.473 14.370 3.051 17.989 3.591 11.128 
21 8.467 13.951 16.712 12.288 14.898 15.510 7.791 15.884 13.915 10.104 16.741 11.277 15.730 8.016 12.974 11.971 7.118 11.848 5.625 19.344 0.000 12.078 18.442 10.512 11.446 14.721 15.517 17.225 18.605 7.996 15.709 17.599 3.511 15.975 15.811 9.761 4.825 10.158 4.040 2.976 12.210 15.001 13.851 18.256 2.473 2.885 15.036 10.552 9.668 17.382 14.067 10.069 9.021 15.904 1.791 3.963 3.552 12.618 17.106 5.166 16.018 8.467 
22 6.554 9.948 10.500 6.272 4.638 19.359 7.676 5.558 12.955 14.952 11.901 5.987 6.088 10.775 14.046 6.984 12.579 5.978 15.193 9.130 12.078 0.000 11.276 3.575 1.087 15.897 6.499 11.189 10.507 4.768 14.476 7.564 12.586 4.416 15.295 7.402 11.785 16.787 8.068 15.051 16.524 4.851 17.175 11.351 10.071 9.854 5.558 2.659 15.652 6.241 6.279 3.238 3.274 4.452 10.405 13.659 13.273 5.814 8.459 9.302 7.246 6.554 
23 10.033 5.001 1.879 17.547 14.988 15.083 18.022 6.342 7.817 13.872 3.227 7.371 5.458 11.642 10.076 6.505 13.855 6.866 18.007 5.174 18.442 11.276 0.000 9.281 12.281 10.755 4.843 1.729 1.451 14.745 7.807 5.058 16.612 8.599 8.828 8.687 14.977 16.233 15.104 20.998 14.003 6.675 13.383 0.387 17.687 15.558 16.114 13.713 15.142 7.310 17.333 9.996 11.536 13.558 17.495 21.683 21.223 17.070 3.081 18.513 4.112 10.033 
24 3.199 6.762 8.050 9.096 8.206 15.790 8.751 5.373 9.476 11.513 9.089 2.591 5.293 7.393 10.477 3.687 9.380 2.777 12.488 8.901 10.512 3.575 9.281 0.000 4.052 12.344 5.232 8.723 8.927 5.481 11.079 7.151 10.108 5.742 11.845 3.832 8.992 13.464 6.583 13.427 13.001 4.489 13.606 9.245 9.067 7.832 9.082 5.000 12.301 6.916 9.561 0.721 2.255 7.903 9.119 13.029 12.590 8.795 7.075 9.357 5.859 3.199 
25 6.729 10.683 11.433 5.303 4.327 19.678 6.623 6.644 13.528 15.078 12.763 6.601 7.156 10.884 14.476 7.653 12.546 6.672 14.898 10.216 11.446 1.087 12.281 4.052 0.000 16.370 7.540 12.122 11.551 3.839 15.114 8.650 12.230 5.452 15.894 7.776 11.563 16.806 7.501 14.402 16.743 5.927 17.495 12.342 9.331 9.392 5.088 1.574 15.699 7.303 5.525 3.550 3.082 4.618 9.727 12.796 12.423 4.895 9.508 8.364 8.285 6.729 
26 9.959 6.926 9.198 21.019 20.534 4.334 18.896 14.213 3.270 5.300 7.529 9.964 13.296 7.024 1.985 9.122 7.657 10.115 11.116 15.289 14.721 15.897 10.755 12.344 16.370 0.000 12.505 9.054 11.999 16.305 3.041 14.297 11.437 16.172 2.180 8.624 9.905 7.094 13.605 16.039 4.072 13.833 2.790 10.371 15.513 12.539 21.426 17.046 6.455 15.970 21.798 12.823 13.720 19.996 14.871 18.680 18.257 20.852 12.284 17.769 12.254 9.959 
27 7.236 5.581 4.504 12.750 10.172 16.667 13.650 1.795 9.235 13.819 6.286 4.476 0.814 10.404 11.122 4.339 12.699 3.908 16.494 3.895 15.517 6.499 4.843 5.232 7.540 12.505 0.000 5.140 4.012 10.403 10.146 2.234 14.504 4.044 11.148 6.545 13.088 16.105 11.726 18.342 14.660 1.856 14.627 4.973 14.260 12.707 11.292 9.034 14.919 3.465 12.490 5.868 7.359 8.843 14.250 18.243 17.799 12.254 1.977 14.550 0.747 7.236 
28 8.956 3.441 0.689 17.425 15.236 13.387 17.446 6.861 6.088 12.176 1.558 6.504 5.891 10.127 8.347 5.502 12.291 6.076 16.464 6.521 17.225 11.189 1.729 8.723 12.122 9.054 5.140 0.000 2.966 14.192 6.146 6.017 15.200 9.152 7.178 7.485 13.536 14.534 14.083 19.681 12.275 6.980 11.661 1.365 16.647 14.355 16.337 13.455 13.453 8.156 17.404 9.444 10.954 13.977 16.392 20.610 20.148 16.998 3.863 17.695 4.511 8.956 
29 10.138 5.799 2.833 16.744 13.953 16.334 17.568 5.264 8.950 14.789 4.523 7.353 4.480 12.234 11.179 6.652 14.502 6.800 18.597 3.724 18.605 10.507 1.451 8.927 11.551 11.999 4.012 2.966 0.000 14.299 9.111 3.749 17.022 7.445 10.143 8.952 15.435 17.155 15.082 21.264 15.075 5.734 14.563 1.809 17.663 15.725 15.089 13.042 16.033 6.014 16.398 9.620 11.154 12.431 17.539 21.672 21.217 16.234 2.053 18.271 3.267 10.138 
30 6.418 11.932 13.523 5.049 6.908 18.939 3.277 9.950 13.966 13.797 14.460 7.814 10.232 9.785 14.323 8.919 10.845 8.153 12.261 13.619 7.996 4.768 14.745 5.481 3.839 16.305 10.403 14.192 14.299 0.000 15.749 11.943 9.505 9.162 16.341 7.968 9.292 15.104 4.428 10.870 15.728 9.122 16.823 14.720 5.691 6.497 7.124 2.612 14.123 10.926 6.464 4.760 3.238 7.969 6.213 8.968 8.605 5.130 12.351 4.535 11.104 6.418 
31 9.357 4.701 6.378 20.107 19.049 7.308 18.648 11.921 1.858 7.542 4.592 8.514 10.958 7.694 3.237 7.493 9.080 8.501 13.020 12.551 15.709 14.476 7.807 11.079 15.114 3.041 10.146 6.146 9.111 15.749 0.000 11.724 12.752 14.035 1.040 7.781 11.083 9.668 13.820 17.472 6.858 11.675 5.809 7.420 16.044 13.182 20.026 16.027 8.821 13.577 20.636 11.670 12.824 18.263 15.514 19.582 19.135 19.850 9.626 17.956 9.782 9.357 
32 9.425 7.417 5.528 13.569 10.418 18.545 15.104 2.012 11.044 15.968 7.440 6.699 1.869 12.629 13.059 6.560 14.927 6.135 18.725 1.750 17.599 7.564 5.058 7.151 8.650 14.297 2.234 6.017 3.749 11.943 11.724 0.000 16.709 3.825 12.755 8.779 15.311 18.274 13.728 20.461 16.712 2.822 16.566 5.332 16.216 14.824 11.558 10.216 17.093 2.266 12.996 7.713 9.111 8.783 16.263 20.162 19.727 13.006 2.160 16.275 2.121 9.425 
33 7.293 11.783 14.779 14.367 16.216 12.002 10.347 15.252 11.049 6.622 14.465 10.037 14.886 5.239 9.808 10.445 3.781 10.614 2.757 18.399 3.511 12.586 16.612 10.108 12.230 11.437 14.504 15.200 17.022 9.505 12.752 16.709 0.000 15.846 12.724 8.109 1.706 6.693 5.086 4.723 8.714 14.409 10.380 16.371 5.266 3.013 16.581 11.750 6.158 16.948 15.948 9.885 9.314 16.847 4.442 7.408 7.024 14.565 15.811 8.083 14.872 7.293 
34 8.805 9.359 8.534 9.923 6.595 20.167 12.074 2.292 12.936 16.658 10.330 6.763 3.263 12.771 14.604 7.238 14.923 6.376 18.219 5.046 15.975 4.416 8.599 5.742 5.452 16.172 4.044 9.152 7.445 9.162 14.035 3.825 15.846 0.000 15.007 8.846 14.721 18.795 11.941 18.941 17.822 2.361 18.047 8.803 14.194 13.452 7.735 7.002 17.608 1.914 9.211 5.995 6.969 4.987 14.417 17.939 17.535 9.327 5.517 13.682 4.640 8.805 
35 9.924 5.651 7.417 20.809 19.893 6.333 19.159 12.916 2.391 7.114 5.622 9.311 11.958 7.834 2.947 8.327 8.981 9.340 12.770 13.591 15.811 15.295 8.828 11.845 15.894 2.180 11.148 7.178 10.143 16.341 1.040 12.755 12.724 15.007 0.000 8.401 11.092 9.113 14.170 17.421 6.180 12.646 4.968 8.441 16.303 13.390 20.852 16.748 8.355 14.588 21.404 12.409 13.500 19.161 15.733 19.727 19.287 20.576 10.662 18.332 10.799 9.924 
36 1.644 4.391 6.954 12.443 12.018 11.958 10.928 7.616 6.015 7.845 7.178 2.149 7.051 3.958 6.705 2.336 6.203 2.667 9.955 10.403 9.761 7.402 8.687 3.832 7.776 8.624 6.545 7.485 8.952 7.968 7.781 8.779 8.109 8.846 8.401 0.000 6.595 9.949 6.687 12.328 9.205 6.881 9.774 8.496 9.211 6.881 12.857 8.429 8.762 9.447 13.175 4.227 5.123 11.716 8.916 13.141 12.679 12.247 7.710 10.571 6.826 1.644 
37 5.981 10.109 13.132 14.300 15.718 10.870 10.662 13.952 9.360 5.399 12.773 8.612 13.519 3.533 8.203 8.925 2.304 9.180 3.498 16.972 4.825 11.785 14.977 8.992 11.563 9.905 13.088 13.536 15.435 9.292 11.083 15.311 1.706 14.721 11.092 6.595 0.000 6.003 5.074 6.414 7.524 13.133 9.093 14.727 6.036 3.205 16.191 11.294 5.222 15.699 15.745 8.868 8.531 16.161 5.271 8.788 8.374 14.421 14.301 8.713 13.412 5.981 
38 10.281 11.360 14.397 20.152 21.108 5.738 16.664 17.440 8.672 2.366 13.260 12.055 16.746 6.075 6.501 11.812 4.294 12.503 4.967 19.693 10.158 16.787 16.233 13.464 16.806 7.094 16.105 14.534 17.155 15.104 9.668 18.274 6.693 18.795 9.113 9.949 6.003 0.000 11.055 10.360 3.094 16.770 4.822 15.891 11.895 9.199 21.716 16.834 1.191 19.295 21.475 13.593 13.730 21.239 11.086 13.896 13.557 20.215 16.692 14.657 16.170 10.281 
39 5.130 11.076 13.502 9.304 11.238 15.505 5.640 11.944 11.962 10.106 13.865 7.749 11.863 6.602 11.660 8.615 6.971 8.287 7.843 15.478 4.040 8.068 15.104 6.583 7.501 13.605 11.726 14.083 15.082 4.428 13.820 13.728 5.086 11.941 14.170 6.687 5.074 11.055 0.000 7.015 12.174 11.058 13.520 14.967 2.585 2.073 11.536 6.786 10.189 13.384 10.862 6.086 4.981 12.052 2.535 6.592 6.136 9.483 13.432 4.173 12.283 5.130 
40 11.180 16.315 19.212 14.872 17.739 16.046 10.212 18.790 15.771 10.969 19.055 14.009 18.595 9.929 14.490 14.613 8.442 14.587 5.395 22.199 2.976 15.051 20.998 13.427 14.402 16.039 18.342 19.681 21.264 10.870 17.472 20.461 4.723 18.941 17.421 12.328 6.414 10.360 7.015 0.000 12.938 17.911 14.691 20.785 5.194 5.638 17.808 13.456 10.206 20.322 16.719 13.011 11.994 18.820 4.681 4.141 3.996 15.261 19.859 7.447 18.810 11.180 
41 10.014 9.416 12.250 20.725 21.063 3.354 17.785 16.182 6.203 2.125 10.873 11.108 15.378 5.969 3.935 10.598 5.281 11.450 7.664 17.969 12.210 16.524 14.003 13.001 16.743 4.072 14.660 12.275 15.075 15.728 6.858 16.712 8.714 17.822 6.180 9.205 7.524 3.094 12.174 12.938 0.000 15.621 1.784 13.638 13.545 10.623 21.804 17.057 2.758 18.028 21.828 13.289 13.769 20.904 12.793 16.119 15.738 20.688 14.919 16.137 14.593 10.014 
42 7.154 6.999 6.331 11.026 8.321 17.870 12.296 0.886 10.588 14.567 8.059 4.736 1.256 10.839 12.302 5.028 13.069 4.267 16.613 4.527 15.001 4.851 6.675 4.489 5.927 13.833 1.856 6.980 5.734 9.122 11.675 2.822 14.409 2.361 12.646 6.881 13.133 16.770 11.058 17.911 15.621 0.000 15.769 6.820 13.498 12.298 9.443 7.472 15.578 2.578 10.677 4.983 6.322 6.998 13.591 17.411 16.982 10.506 3.685 13.462 2.565 7.154 
43 10.808 9.154 11.734 21.748 21.779 2.185 19.069 16.250 5.623 3.762 10.175 11.485 15.386 7.057 3.509 10.823 6.801 11.751 9.443 17.691 13.851 17.175 13.383 13.606 17.495 2.790 14.627 11.661 14.563 16.823 5.809 16.566 10.380 18.047 4.968 9.774 9.093 4.822 13.520 14.691 1.784 15.769 0.000 13.005 15.058 12.099 22.582 17.949 4.539 18.065 22.738 13.973 14.619 21.466 14.331 17.786 17.395 21.665 14.648 17.571 14.470 10.808 
44 9.876 4.704 1.597 17.622 15.140 14.698 17.995 6.531 7.447 13.531 2.843 7.257 5.623 11.368 9.709 6.355 13.566 6.767 17.726 5.522 18.256 11.351 0.387 9.245 12.342 10.371 4.973 1.365 1.809 14.720 7.420 5.332 16.371 8.803 8.441 8.496 14.727 15.891 14.967 20.785 13.638 6.820 13.005 0.000 17.547 15.374 16.262 13.754 14.805 7.570 17.450 9.963 11.500 13.744 17.339 21.536 21.076 17.156 3.296 18.429 4.255 9.876 
45 7.692 13.584 16.074 9.817 12.545 16.897 5.338 14.383 14.195 11.422 16.383 10.334 14.360 8.517 13.634 11.193 8.272 10.871 7.786 17.965 2.473 10.071 17.687 9.067 9.331 15.513 14.260 16.647 17.663 5.691 16.044 16.216 5.266 14.194 16.303 9.211 6.036 11.895 2.585 5.194 13.545 13.498 15.058 17.547 0.000 2.983 12.628 8.293 11.226 15.738 11.609 8.517 7.254 13.657 0.829 4.009 3.555 10.157 15.995 2.834 14.834 7.692 
46 5.591 11.114 13.835 11.363 13.262 13.977 7.489 13.173 11.349 8.509 13.913 8.410 12.959 5.568 10.675 9.087 5.343 8.985 5.770 16.562 2.885 9.854 15.558 7.832 9.392 12.539 12.707 14.355 15.725 6.497 13.182 14.824 3.013 13.452 13.390 6.881 3.205 9.199 2.073 5.638 10.623 12.298 12.099 15.374 2.983 0.000 13.591 8.798 8.423 14.746 12.935 7.467 6.631 13.989 2.345 6.447 5.991 11.552 14.252 5.526 13.184 5.591 
47 11.799 15.457 15.663 3.583 1.140 24.765 8.014 9.825 18.512 20.089 17.226 11.545 10.659 15.901 19.549 12.534 17.426 11.525 19.327 12.684 15.036 5.558 16.114 9.082 5.088 21.426 11.292 16.337 15.089 7.124 20.026 11.558 16.581 7.735 20.852 12.857 16.191 21.716 11.536 17.808 21.804 9.443 22.582 16.262 12.628 13.591 0.000 4.904 20.641 9.515 1.870 8.630 8.048 3.007 13.245 15.212 14.946 2.946 13.078 10.653 12.008 11.799 
48 7.154 11.760 12.767 4.096 4.467 20.118 5.086 8.207 14.361 15.272 13.995 7.590 8.688 11.106 15.105 8.687 12.540 7.755 14.480 11.789 10.552 2.659 13.713 5.000 1.574 17.046 9.034 13.455 13.042 2.612 16.027 10.216 11.750 7.002 16.748 8.429 11.294 16.834 6.786 13.456 17.057 7.472 17.949 13.754 8.293 8.798 4.904 0.000 15.774 8.867 4.789 4.364 3.340 5.365 8.783 11.531 11.181 3.828 11.009 7.007 9.775 7.154 
49 9.127 10.234 13.293 19.172 20.010 5.881 15.824 16.249 7.692 1.304 12.217 10.865 15.557 4.909 5.601 10.623 3.278 11.311 4.906 18.523 9.668 15.652 15.142 12.301 15.699 6.455 14.919 13.453 16.033 14.123 8.821 17.093 6.158 17.608 8.355 8.762 5.222 1.191 10.189 10.206 2.758 15.578 4.539 14.805 11.226 8.423 20.641 15.774 0.000 18.104 20.449 12.447 12.629 20.102 10.437 13.515 13.151 19.213 15.529 13.933 14.991 9.127 
50 9.719 9.046 7.611 11.830 8.383 20.120 13.917 1.857 12.700 17.064 9.499 7.298 2.681 13.402 14.566 7.498 15.642 6.809 19.183 3.175 17.382 6.241 7.310 6.916 7.303 15.970 3.465 8.156 6.014 10.926 13.577 2.266 16.948 1.914 14.588 9.447 15.699 19.295 13.384 20.322 18.028 2.578 18.065 7.570 15.738 14.746 9.515 8.867 18.104 0.000 11.062 7.313 8.485 6.642 15.899 19.567 19.152 11.229 4.314 15.412 3.805 9.719 
51 11.942 16.196 16.719 1.943 2.809 24.905 6.641 11.161 19.030 20.008 18.173 12.125 11.923 15.866 19.871 13.178 17.187 12.192 18.705 14.235 14.067 6.279 17.333 9.561 5.525 21.798 12.490 17.404 16.398 6.464 20.636 12.996 15.948 9.211 21.404 13.175 15.745 21.475 10.862 16.719 21.828 10.677 22.738 17.450 11.609 12.935 1.870 4.789 20.449 11.062 0.000 9.005 8.126 4.785 12.291 13.847 13.617 1.458 14.358 9.380 13.226 11.942 
52 3.326 7.428 8.771 8.457 7.806 16.158 8.032 5.868 10.029 11.720 9.795 3.242 5.873 7.553 10.926 4.351 9.433 3.473 12.348 9.458 10.069 3.238 9.996 0.721 3.550 12.823 5.868 9.444 9.620 4.760 11.670 7.713 9.885 5.995 12.409 4.227 8.868 13.593 6.086 13.011 13.289 4.983 13.973 9.963 8.517 7.467 8.630 4.364 12.447 7.313 9.005 0.000 1.541 7.664 8.614 12.450 12.015 8.181 7.744 8.688 6.517 3.326 
53 3.816 8.780 10.286 7.320 7.381 16.792 6.500 7.197 11.109 12.043 11.244 4.615 7.304 7.853 11.772 5.728 9.464 4.924 11.922 10.842 9.021 3.274 11.536 2.255 3.082 13.720 7.359 10.954 11.154 3.238 12.824 9.111 9.314 6.969 13.500 5.123 8.531 13.730 4.981 11.994 13.769 6.322 14.619 11.500 7.254 6.631 8.048 3.340 12.629 8.485 8.126 1.541 0.000 7.635 7.449 11.106 10.683 7.133 9.261 7.195 8.026 3.816 
54 10.990 13.582 13.328 6.129 1.980 23.646 9.832 7.216 16.908 19.383 15.020 10.043 8.130 15.216 18.223 10.890 17.028 9.886 19.514 9.782 15.904 4.452 13.558 7.903 4.618 19.996 8.843 13.977 12.431 7.969 18.263 8.783 16.847 4.987 19.161 11.716 16.161 21.239 12.052 18.820 20.904 6.998 21.466 13.744 13.657 13.989 3.007 5.365 20.102 6.642 4.785 7.664 7.635 0.000 14.143 16.768 16.444 5.458 10.482 12.181 9.514 10.990 
55 7.463 13.251 15.838 10.532 13.111 16.141 6.125 14.477 13.675 10.668 16.055 10.187 14.397 7.913 13.017 10.989 7.533 10.739 6.960 18.013 1.791 10.405 17.495 9.119 9.727 14.871 14.250 16.392 17.539 6.213 15.514 16.263 4.442 14.417 15.733 8.916 5.271 11.086 2.535 4.681 12.793 13.591 14.331 17.339 0.829 2.345 13.245 8.783 10.437 15.899 12.291 8.614 7.449 14.143 0.000 4.227 3.765 10.846 15.931 3.663 14.796 7.463 
56 11.665 17.478 20.049 11.916 15.372 19.388 7.217 18.292 17.764 14.029 20.282 14.339 18.316 11.901 16.915 15.182 11.079 14.878 9.076 21.907 3.963 13.659 21.683 13.029 12.796 18.680 18.243 20.610 21.672 8.968 19.582 20.162 7.408 17.939 19.727 13.141 8.788 13.896 6.592 4.141 16.119 17.411 17.786 21.536 4.009 6.447 15.212 11.531 13.515 19.567 13.847 12.450 11.106 16.768 4.227 0.000 0.462 12.415 19.998 4.596 18.829 11.665 
57 11.204 17.015 19.587 11.693 15.079 19.018 6.977 17.863 17.315 13.641 19.819 13.882 17.878 11.458 16.483 14.722 10.670 14.422 8.775 21.473 3.552 13.273 21.223 12.590 12.423 18.257 17.799 20.148 21.217 8.605 19.135 19.727 7.024 17.535 19.287 12.679 8.374 13.557 6.136 3.996 15.738 16.982 17.395 21.076 3.555 5.991 14.946 11.181 13.151 19.152 13.617 12.015 10.683 16.444 3.765 0.462 0.000 12.177 19.548 4.301 18.382 11.204 
58 10.921 15.530 16.309 0.672 3.542 23.818 5.200 11.085 18.189 18.822 17.658 11.385 11.761 14.719 18.902 12.470 15.940 11.514 17.319 14.370 12.618 5.814 17.070 8.795 4.895 20.852 12.254 16.998 16.234 5.130 19.850 13.006 14.565 9.327 20.576 12.247 14.421 20.215 9.483 15.261 20.688 10.506 21.665 17.156 10.157 11.552 2.946 3.828 19.213 11.229 1.458 8.181 7.133 5.458 10.846 12.415 12.177 0.000 14.182 7.928 13.000 10.921 
59 8.680 5.515 3.370 14.691 11.946 16.572 15.608 3.270 9.063 14.347 5.283 5.850 2.435 11.330 11.159 5.376 13.635 5.272 17.605 3.051 17.106 8.459 3.081 7.075 9.508 12.284 1.977 3.863 2.053 12.351 9.626 2.160 15.811 5.517 10.662 7.710 14.301 16.692 13.432 19.859 14.919 3.685 14.648 3.296 15.995 14.252 13.078 11.009 15.529 4.314 14.358 7.744 9.261 10.482 15.931 19.998 19.548 14.182 0.000 16.430 1.249 8.680 
60 8.937 14.930 17.069 7.484 10.780 19.489 2.774 14.320 16.100 14.029 17.666 11.198 14.491 10.754 15.830 12.201 10.862 11.665 10.619 17.989 5.166 9.302 18.513 9.357 8.364 17.769 14.550 17.695 18.271 4.535 17.956 16.275 8.083 13.682 18.332 10.571 8.713 14.657 4.173 7.447 16.137 13.462 17.571 18.429 2.834 5.526 10.653 7.007 13.933 15.412 9.380 8.688 7.195 12.181 3.663 4.596 4.301 7.928 16.430 0.000 15.205 8.937 
61 7.653 5.341 3.903 13.497 10.885 16.471 14.359 2.350 8.989 13.856 5.744 4.842 1.387 10.596 10.961 4.538 12.901 4.262 16.777 3.591 16.018 7.246 4.112 5.859 8.285 12.254 0.747 4.511 3.267 11.104 9.782 2.121 14.872 4.640 10.799 6.826 13.412 16.170 12.283 18.810 14.593 2.565 14.470 4.255 14.834 13.184 12.008 9.775 14.991 3.805 13.226 6.517 8.026 9.514 14.796 18.829 18.382 13.000 1.249 15.205 0.000 7.653 
62 0.000 5.998 8.385 11.065 11.050 12.984 9.307 7.978 7.555 8.397 8.762 2.829 7.594 4.228 7.993 3.529 6.183 3.409 9.467 11.128 8.467 6.554 10.033 3.199 6.729 9.959 7.236 8.956 10.138 6.418 9.357 9.425 7.293 8.805 9.924 1.644 5.981 10.281 5.130 11.180 10.014 7.154 10.808 9.876 7.692 5.591 11.799 7.154 9.127 9.719 11.942 3.326 3.816 10.990 7.463 11.665 11.204 10.921 8.680 8.937 7.653 0.000 ;
param d := 
1 0
2 3
3 3
4 3
5 3
6 3
7 3
8 3
9 3
10 3
11 3
12 3
13 3
14 3
15 3
16 3
17 3
18 3
19 3
20 3
21 3
22 3
23 3
24 3
25 3
26 3
27 3
28 3
29 3
30 3
31 3
32 3
33 3
34 3
35 3
36 3
37 3
38 3
39 3
40 3
41 3
42 3
43 3
44 3
45 3
46 3
47 3
48 3
49 3
50 3
51 3
52 3
53 3
54 3
55 3
56 3
57 3
58 3
59 3
60 3
61 3
62 0;
param q := 
1 0
2 1
3 1
4 1
5 1
6 1
7 1
8 1
9 1
10 1
11 1
12 1
13 1
14 1
15 1
16 1
17 1
18 1
19 1
20 1
21 1
22 1
23 1
24 1
25 1
26 1
27 1
28 1
29 1
30 1
31 1
32 -1
33 -1
34 -1
35 -1
36 -1
37 -1
38 -1
39 -1
40 -1
41 -1
42 -1
43 -1
44 -1
45 -1
46 -1
47 -1
48 -1
49 -1
50 -1
51 -1
52 -1
53 -1
54 -1
55 -1
56 -1
57 -1
58 -1
59 -1
60 -1
61 -1
62 0;
param e := 
1 0
2 0
3 0
4 0
5 0
6 0
7 0
8 0
9 0
10 0
11 0
12 0
13 0
14 0
15 0
16 0
17 134
18 377
19 17
20 61
21 515
22 21
23 142
24 423
25 22
26 118
27 407
28 411
29 430
30 177
31 530
32 149
33 441
34 81
35 208
36 439
37 223
38 202
39 172
40 284
41 542
42 351
43 276
44 339
45 269
46 339
47 0
48 0
49 0
50 0
51 0
52 0
53 0
54 0
55 0
56 0
57 0
58 0
59 0
60 0
61 0
62 0;
param l := 
1 600
2 1440
3 1440
4 1440
5 1440
6 1440
7 1440
8 1440
9 1440
10 1440
11 1440
12 1440
13 1440
14 1440
15 1440
16 1440
17 149
18 392
19 32
20 76
21 530
22 36
23 157
24 438
25 37
26 133
27 422
28 426
29 445
30 192
31 545
32 164
33 456
34 96
35 223
36 454
37 238
38 217
39 187
40 299
41 557
42 366
43 291
44 354
45 284
46 354
47 1440
48 1440
49 1440
50 1440
51 1440
52 1440
53 1440
54 1440
55 1440
56 1440
57 1440
58 1440
59 1440
60 1440
61 1440
62 600;

