param n := 24;
param m := 4;
param L := 30;
param Q := 3;
param T := 360;
param t :
    1   2   3   4   5   6   7   8   9  10  11  12  13  14  15  16  17  18  19  20  21  22  23  24  25  26  27  28  29  30  31  32  33  34  35  36  37  38  39  40  41  42  43  44  45  46  47  48  49  50 :=
1 0.000 10.993 5.055 0.428 8.348 6.575 9.054 8.749 7.479 7.347 6.219 8.720 4.712 8.106 8.019 3.214 10.008 12.316 12.112 7.027 8.711 2.154 11.076 9.154 10.156 8.965 3.639 7.619 11.248 9.218 8.397 10.206 3.357 9.728 5.976 10.440 7.948 10.492 9.322 11.303 6.417 7.000 8.249 8.594 6.351 11.603 9.222 6.340 10.213 0.000 
2 10.993 0.000 10.645 11.051 15.468 17.285 19.738 6.003 17.180 5.474 13.714 13.965 15.685 11.853 7.133 8.608 7.356 2.833 18.157 17.798 5.961 9.961 15.784 16.982 1.379 14.093 7.802 18.486 21.704 10.073 15.543 2.210 7.739 2.274 15.852 0.560 18.238 14.649 18.042 22.295 16.646 15.611 19.240 18.014 14.604 14.395 2.534 13.163 13.784 10.993 
3 5.055 10.645 0.000 4.667 4.923 8.012 10.142 11.224 6.898 5.322 11.262 13.620 7.541 3.063 11.028 3.127 12.877 10.751 8.191 10.793 5.828 6.625 15.996 6.363 10.414 13.859 3.823 11.098 15.133 4.469 13.450 8.970 4.500 8.620 10.687 10.114 12.225 15.310 7.412 13.715 10.877 11.998 10.782 7.544 4.019 16.234 9.962 2.544 5.262 5.055 
4 0.428 11.051 4.667 0.000 7.926 6.385 8.868 9.029 7.153 7.215 6.626 9.146 4.634 7.710 8.337 3.027 10.327 12.281 11.687 7.127 8.532 2.542 11.500 8.748 10.258 9.391 3.537 7.682 11.391 8.883 8.794 10.181 3.345 9.709 6.244 10.495 8.139 10.919 8.948 11.264 6.633 7.353 8.198 8.255 5.939 12.030 9.356 5.912 9.801 0.428 
5 8.348 15.468 4.923 7.926 0.000 6.881 7.973 15.983 4.266 10.027 14.160 16.926 7.926 4.317 15.643 7.812 17.564 15.240 3.779 11.197 10.117 10.415 19.223 1.617 15.315 17.172 8.607 11.123 15.111 6.964 16.129 13.651 9.186 13.350 12.368 14.953 13.049 18.749 3.168 12.191 12.143 14.237 9.879 4.105 2.163 19.937 14.885 2.400 4.325 8.348 
6 6.575 17.285 8.012 6.385 6.881 0.000 2.483 15.246 2.901 12.744 9.748 12.726 2.363 9.861 14.393 8.737 16.357 18.158 9.954 4.645 13.656 8.430 14.685 6.373 16.588 12.955 9.501 4.368 8.246 12.192 11.149 16.143 9.562 15.704 6.776 16.725 6.601 14.573 5.299 5.733 6.165 8.967 3.028 3.865 5.137 16.098 15.726 6.816 10.907 6.575 
7 9.054 19.738 10.142 8.868 7.973 2.483 0.000 17.694 3.729 15.083 11.693 14.633 4.624 11.584 16.811 11.160 18.762 20.531 10.337 5.664 15.904 10.870 16.424 6.992 19.061 14.851 11.942 5.043 8.107 14.073 12.818 18.542 12.030 18.111 8.394 19.178 7.522 16.440 5.482 4.267 7.584 10.603 2.921 4.048 6.716 18.037 18.207 8.552 12.256 9.054 
8 8.749 6.003 11.224 9.029 15.983 15.246 17.694 0.000 16.154 8.048 8.738 8.264 13.131 13.642 1.307 8.174 1.777 8.760 19.414 14.233 9.466 6.825 9.874 17.192 4.625 8.354 7.408 15.042 17.513 12.927 10.180 7.253 6.797 6.902 11.665 5.754 14.109 8.720 17.741 19.221 12.616 10.787 16.364 17.221 14.415 8.392 3.559 13.604 15.920 8.749 
9 7.479 17.180 6.898 7.153 4.266 2.901 3.729 16.154 0.000 12.128 11.990 14.947 4.727 7.931 15.490 8.634 17.480 17.600 7.067 7.527 12.725 9.593 17.054 3.506 16.696 15.186 9.476 7.267 11.077 10.487 13.627 15.726 9.766 15.335 9.394 16.626 9.475 16.812 2.439 7.925 8.905 11.512 5.733 1.176 3.094 18.234 15.994 4.956 8.528 7.479 
10 7.347 5.474 5.322 7.215 10.027 12.744 15.083 8.048 12.128 0.000 12.219 13.623 11.599 6.416 8.461 4.216 9.824 5.477 12.702 14.341 1.632 7.383 15.874 11.570 5.555 13.822 3.714 14.874 18.594 5.003 14.391 3.651 4.178 3.325 13.167 4.985 15.277 14.910 12.722 18.198 13.720 13.681 15.140 12.846 9.340 15.289 5.497 7.775 8.464 7.347 
11 6.219 13.714 11.262 6.626 14.160 9.748 11.693 8.738 11.990 12.219 0.000 2.979 7.416 14.321 7.458 8.876 8.901 15.926 17.925 6.608 13.813 4.962 5.100 14.623 12.460 3.212 8.855 7.465 8.968 15.234 2.228 13.889 8.179 13.404 3.582 13.259 5.780 4.836 14.299 11.666 4.593 2.061 9.382 13.159 12.021 6.358 11.277 12.419 16.426 6.219 
12 8.720 13.965 13.620 9.146 16.926 12.726 14.633 8.264 14.947 13.623 2.979 0.000 10.394 16.673 6.977 10.908 7.822 16.482 20.704 9.366 15.255 7.017 2.378 17.483 12.615 0.246 10.691 10.205 10.983 17.263 2.455 14.596 9.942 14.140 6.346 13.592 8.209 1.865 17.231 14.294 7.304 4.301 12.222 16.119 14.816 3.406 11.433 15.049 18.868 8.720 
13 4.712 15.685 7.541 4.634 7.926 2.363 4.624 13.131 4.727 11.599 7.416 10.394 0.000 9.972 12.209 7.409 14.150 16.847 11.414 3.384 12.724 6.315 12.407 7.856 14.868 10.627 8.070 3.568 7.641 11.978 8.924 14.768 7.970 14.304 4.673 15.129 5.138 12.249 7.145 6.646 4.265 6.789 3.575 5.857 5.852 13.754 13.926 7.117 11.448 4.712 
14 8.106 11.853 3.063 7.710 4.317 9.861 11.584 13.642 7.931 6.416 14.321 16.673 9.972 0.000 13.631 5.957 15.369 11.212 6.308 13.338 6.099 9.665 19.050 5.925 11.959 16.911 6.483 13.521 17.607 2.652 16.502 9.844 7.237 9.620 13.577 11.386 14.924 18.346 7.454 15.558 13.674 14.999 12.837 8.155 4.868 19.225 11.774 3.054 2.310 8.106 
15 8.019 7.133 11.028 8.337 15.643 14.393 16.811 1.307 15.490 8.461 7.458 6.977 12.209 13.631 0.000 7.913 1.990 9.820 19.181 13.113 9.976 5.977 8.660 16.767 5.756 7.075 7.219 13.936 16.285 13.169 8.874 8.170 6.530 7.778 10.469 6.831 12.905 7.519 17.202 18.146 11.437 9.513 15.342 16.588 13.957 7.328 4.620 13.301 15.934 8.019 
16 3.214 8.608 3.127 3.027 7.812 8.737 11.160 8.174 8.634 4.216 8.876 10.908 7.409 5.957 7.913 0.000 9.787 9.463 11.273 10.137 5.506 3.944 13.278 9.076 8.063 11.138 0.850 10.659 14.417 6.380 11.105 7.416 1.385 6.970 9.171 8.049 11.156 12.498 9.805 14.038 9.631 10.002 10.970 9.549 6.375 13.294 7.384 5.430 8.252 3.214 
17 10.008 7.356 12.877 10.327 17.564 16.357 18.762 1.777 17.480 9.824 8.901 7.822 14.150 15.369 1.990 9.787 0.000 10.177 21.057 14.890 11.229 7.956 9.071 18.718 6.018 7.862 9.054 15.726 17.849 14.702 9.999 8.840 8.402 8.524 12.136 7.194 14.539 7.903 19.181 19.962 13.129 10.957 17.214 18.578 15.917 7.270 5.089 15.205 17.657 10.008 
18 12.316 2.833 10.751 12.281 15.240 18.158 20.531 8.760 17.600 5.477 15.926 16.482 16.847 11.212 9.820 9.463 10.177 0.000 17.444 19.318 5.134 11.705 18.408 16.830 4.162 16.627 8.778 19.934 23.415 8.988 17.882 2.122 8.959 2.613 17.689 3.006 19.988 17.293 18.090 23.490 18.394 17.716 20.419 18.294 14.764 17.133 5.210 13.114 12.820 12.316 
19 12.112 18.157 8.191 11.687 3.779 9.954 10.337 19.414 7.067 12.702 17.925 20.704 11.414 6.308 19.181 11.273 21.057 17.444 0.000 14.521 12.378 14.153 22.996 3.592 18.214 20.950 12.009 14.320 18.131 8.507 19.865 16.149 12.658 15.928 15.988 17.683 16.440 22.528 4.859 14.576 15.677 17.928 12.762 6.332 5.904 23.709 17.943 5.915 4.736 12.112 
20 7.027 17.798 10.793 7.127 11.197 4.645 5.664 14.233 7.527 14.341 6.608 9.366 3.384 13.338 13.113 10.137 14.890 19.318 14.521 0.000 15.619 7.872 10.926 10.930 16.808 9.561 10.656 0.860 4.349 15.258 7.311 17.199 10.369 16.716 3.037 17.260 1.960 11.080 9.943 5.110 2.064 5.125 2.916 8.506 9.184 12.750 15.748 10.501 14.829 7.027 
21 8.711 5.961 5.828 8.532 10.117 13.656 15.904 9.466 12.725 1.632 13.813 15.255 12.724 6.099 9.976 5.506 11.229 5.134 12.378 15.619 0.000 8.936 17.506 11.715 6.388 15.454 5.147 16.105 19.918 4.112 15.997 3.821 5.698 3.687 14.619 5.567 16.659 16.538 13.021 19.238 15.123 15.229 16.209 13.325 9.775 16.897 6.591 8.051 7.864 8.711 
22 2.154 9.961 6.625 2.542 10.415 8.430 10.870 6.825 9.593 7.383 4.962 7.017 6.315 9.665 5.977 3.944 7.956 11.705 14.153 7.872 8.936 0.000 9.394 11.286 8.937 7.252 3.896 8.601 11.759 10.324 7.187 9.590 3.246 9.097 5.984 9.433 8.305 8.685 11.475 12.614 6.709 6.297 9.653 10.723 8.470 9.654 7.879 8.294 11.885 2.154 
23 11.076 15.784 15.996 11.500 19.223 14.685 16.424 9.874 17.054 15.874 5.100 2.378 12.407 19.050 8.660 13.278 9.071 18.408 22.996 10.926 17.506 9.394 0.000 19.720 14.410 2.142 13.043 11.719 11.738 19.623 3.618 16.607 12.287 16.167 8.031 15.455 9.474 1.168 19.387 15.586 8.886 5.827 13.838 18.217 17.096 2.471 13.256 17.391 21.241 11.076 
24 9.154 16.982 6.363 8.748 1.617 6.373 6.992 17.192 3.506 11.570 14.623 17.483 7.856 5.925 16.767 9.076 18.718 16.830 3.592 10.930 11.715 11.286 19.720 0.000 16.776 17.728 9.899 10.734 14.583 8.566 16.474 15.207 10.419 14.894 12.475 16.459 12.851 19.333 1.696 11.258 12.121 14.473 9.235 2.951 2.826 20.612 16.294 3.823 5.688 9.154 
25 10.156 1.379 10.414 10.258 15.315 16.588 19.061 4.625 16.696 5.555 12.460 12.615 14.868 11.959 5.756 8.063 6.018 4.162 18.214 16.808 6.388 8.937 14.410 16.776 0.000 12.738 7.225 17.523 20.618 10.433 14.241 3.034 7.037 2.873 14.737 1.187 17.148 13.274 17.729 21.426 15.564 14.390 18.392 17.591 14.275 13.017 1.192 12.957 14.014 10.156 
26 8.965 14.093 13.859 9.391 17.172 12.955 14.851 8.354 15.186 13.822 3.212 0.246 10.627 16.911 7.075 11.138 7.862 16.627 20.950 9.561 15.454 7.252 2.142 17.728 12.738 0.000 10.914 10.396 11.103 17.489 2.561 14.753 10.162 14.299 6.547 13.726 8.374 1.626 17.473 14.470 7.497 4.478 12.425 16.358 15.062 3.197 11.559 15.294 19.108 8.965 
27 3.639 7.802 3.823 3.537 8.607 9.501 11.942 7.408 9.476 3.714 8.855 10.691 8.070 6.483 7.219 0.850 9.054 8.778 12.009 10.656 5.147 3.896 13.043 9.899 7.225 10.914 0.000 11.219 14.886 6.589 11.076 6.701 0.776 6.243 9.476 7.242 11.563 12.210 10.651 14.714 10.008 10.131 11.643 10.397 7.216 12.910 6.535 6.214 8.792 3.639 
28 7.619 18.486 11.098 7.682 11.123 4.368 5.043 15.042 7.267 14.874 7.465 10.205 3.568 13.521 13.936 10.659 15.726 19.934 14.320 0.860 16.105 8.601 11.719 10.734 17.523 10.396 11.219 0.000 4.088 15.544 8.111 17.821 10.975 17.340 3.889 17.943 2.481 11.903 9.640 4.255 2.902 5.943 2.182 8.174 9.184 13.580 16.479 10.611 14.904 7.619 
29 11.248 21.704 15.133 11.391 15.111 8.246 8.107 17.513 11.077 18.594 8.968 10.983 7.641 17.607 16.285 14.417 17.849 23.415 18.131 4.349 19.918 11.759 11.738 14.583 20.618 11.103 14.886 4.088 0.000 19.593 8.544 21.293 14.535 20.803 5.902 21.183 3.470 12.300 13.328 4.851 5.058 6.946 5.379 11.839 13.234 14.018 19.501 14.696 18.977 11.248 
30 9.218 10.073 4.469 8.883 6.964 12.192 14.073 12.927 10.487 5.003 15.234 17.263 11.978 2.652 13.169 6.380 14.702 8.988 8.507 15.258 4.112 10.324 19.623 8.566 10.433 17.489 6.589 15.544 19.593 0.000 17.460 7.924 7.356 7.799 15.067 9.670 16.686 18.799 10.107 17.924 15.313 16.215 15.091 10.779 7.395 19.463 10.489 5.535 3.832 9.218 
31 8.397 15.543 13.450 8.794 16.129 11.149 12.818 10.180 13.627 14.391 2.228 2.455 8.924 16.502 8.874 11.105 9.999 17.882 19.865 7.311 15.997 7.187 3.618 16.474 14.241 2.561 11.076 8.111 8.544 17.460 0.000 15.887 10.391 15.410 4.428 15.119 5.931 3.855 16.007 12.055 5.268 2.215 10.221 14.775 13.971 5.573 13.049 14.498 18.577 8.397 
32 10.206 2.210 8.970 10.181 13.651 16.143 18.542 7.253 15.726 3.651 13.889 14.596 14.768 9.844 8.170 7.416 8.840 2.122 16.149 17.199 3.821 9.590 16.607 15.207 3.034 14.753 6.701 17.821 21.293 7.924 15.887 0.000 6.849 0.493 15.574 1.943 17.867 15.518 16.374 21.413 16.273 15.644 18.342 16.477 12.985 15.490 3.753 11.423 11.683 10.206 
33 3.357 7.739 4.500 3.345 9.186 9.562 12.030 6.797 9.766 4.178 8.179 9.942 7.970 7.237 6.530 1.385 8.402 8.959 12.658 10.369 5.698 3.246 12.287 10.419 7.037 10.162 0.776 10.975 14.535 7.356 10.391 6.849 0.000 6.373 9.001 7.181 11.164 11.444 11.081 14.607 9.590 9.531 11.540 10.736 7.682 12.135 6.245 6.810 9.544 3.357 
34 9.728 2.274 8.620 9.709 13.350 15.704 18.111 6.902 15.335 3.325 13.404 14.140 14.304 9.620 7.778 6.970 8.524 2.613 15.928 16.716 3.687 9.097 16.167 14.894 2.873 14.299 6.243 17.340 20.803 7.799 15.410 0.493 6.373 0.000 15.081 1.899 17.375 15.085 16.031 20.949 15.782 15.154 17.878 16.104 12.627 15.086 3.459 11.095 11.517 9.728 
35 5.976 15.852 10.687 6.244 12.368 6.776 8.394 11.665 9.394 13.167 3.582 6.346 4.673 13.577 10.469 9.171 12.136 17.689 15.988 3.037 14.619 5.984 8.031 12.475 14.737 6.547 9.476 3.889 5.902 15.067 4.428 15.574 9.001 15.081 0.000 15.341 2.450 8.094 11.817 8.088 1.019 2.215 5.878 10.508 10.218 9.742 13.610 11.109 15.405 5.976 
36 10.440 0.560 10.114 10.495 14.953 16.725 19.178 5.754 16.626 4.985 13.259 13.592 15.129 11.386 6.831 8.049 7.194 3.006 17.683 17.260 5.567 9.433 15.455 16.459 1.187 13.726 7.242 17.943 21.183 9.670 15.119 1.943 7.181 1.899 15.341 0.000 17.719 14.329 17.505 21.742 16.126 15.138 18.686 17.466 14.064 14.132 2.211 12.638 13.349 10.440 
37 7.948 18.238 12.225 8.139 13.049 6.601 7.522 14.109 9.475 15.277 5.780 8.209 5.138 14.924 12.905 11.156 14.539 19.988 16.440 1.960 16.659 8.305 9.474 12.851 17.148 8.374 11.563 2.481 3.470 16.686 5.931 17.867 11.164 17.375 2.450 17.719 0.000 9.783 11.897 6.124 1.596 3.923 4.652 10.464 10.990 11.495 16.031 12.194 16.538 7.948 
38 10.492 14.649 15.310 10.919 18.749 14.573 16.440 8.720 16.812 14.910 4.836 1.865 12.249 18.346 7.519 12.498 7.903 17.293 22.528 11.080 16.538 8.685 1.168 19.333 13.274 1.626 12.210 11.903 12.300 18.799 3.855 15.518 11.444 15.085 8.094 14.329 9.783 0.000 19.095 15.904 9.017 5.959 13.966 17.984 16.651 1.724 12.126 16.831 20.570 10.492 
39 9.322 18.042 7.412 8.948 3.168 5.299 5.482 17.741 2.439 12.722 14.299 17.231 7.145 7.454 17.202 9.805 19.181 18.090 4.859 9.943 13.021 11.475 19.387 1.696 17.729 17.473 10.651 9.640 13.328 10.107 16.007 16.374 11.081 16.031 11.817 17.505 11.897 19.095 0.000 9.736 11.344 13.916 7.950 1.489 3.455 20.467 17.157 4.977 7.376 9.322 
40 11.303 22.295 13.715 11.264 12.191 5.733 4.267 19.221 7.925 18.198 11.666 14.294 6.646 15.558 18.146 14.038 19.962 23.490 14.576 5.110 19.238 12.614 15.586 11.258 21.426 14.470 14.714 4.255 4.851 17.924 12.055 21.413 14.607 20.949 8.088 21.742 6.124 15.904 9.736 0.000 7.074 9.993 3.071 8.315 10.744 17.613 20.435 12.504 16.425 11.303 
41 6.417 16.646 10.877 6.633 12.143 6.165 7.584 12.616 8.905 13.720 4.593 7.304 4.265 13.674 11.437 9.631 13.129 18.394 15.677 2.064 15.123 6.709 8.886 12.121 15.564 7.497 10.008 2.902 5.058 15.313 5.268 16.273 9.590 15.782 1.019 16.126 1.596 9.017 11.344 7.074 0.000 3.068 4.957 9.981 10.022 10.685 14.453 11.065 15.398 6.417 
42 7.000 15.611 11.998 7.353 14.237 8.967 10.603 10.787 11.512 13.681 2.061 4.301 6.789 14.999 9.513 10.002 10.957 17.716 17.928 5.125 15.229 6.297 5.827 14.473 14.390 4.478 10.131 5.943 6.946 16.215 2.215 15.644 9.531 15.154 2.215 15.138 3.923 5.959 13.916 9.993 3.068 0.000 8.025 12.646 12.074 7.644 13.216 12.769 16.969 7.000 
43 8.249 19.240 10.782 8.198 9.879 3.028 2.921 16.364 5.733 15.140 9.382 12.222 3.575 12.837 15.342 10.970 17.214 20.419 12.762 2.916 16.209 9.653 13.838 9.235 18.392 12.425 11.643 2.182 5.379 15.091 10.221 18.342 11.540 17.878 5.878 18.686 4.652 13.966 7.950 3.071 4.957 8.025 0.000 6.461 8.164 15.620 17.419 9.810 13.935 8.249 
44 8.594 18.014 7.544 8.255 4.105 3.865 4.048 17.221 1.176 12.846 13.159 16.119 5.857 8.155 16.588 9.549 18.578 18.294 6.332 8.506 13.325 10.723 18.217 2.951 17.591 16.358 10.397 8.174 11.839 10.779 14.775 16.477 10.736 16.104 10.508 17.466 10.464 17.984 1.489 8.315 9.981 12.646 6.461 0.000 3.551 19.409 16.931 5.348 8.429 8.594 
45 6.351 14.604 4.019 5.939 2.163 5.137 6.716 14.415 3.094 9.340 12.021 14.816 5.852 4.868 13.957 6.375 15.917 14.764 5.904 9.184 9.775 8.470 17.096 2.826 14.275 15.062 7.216 9.184 13.234 7.395 13.971 12.985 7.682 12.627 10.218 14.064 10.990 16.651 3.455 10.744 10.022 12.074 8.164 3.551 0.000 17.878 13.706 1.863 5.775 6.351 
46 11.603 14.395 16.234 12.030 19.937 16.098 18.037 8.392 18.234 15.289 6.358 3.406 13.754 19.225 7.328 13.294 7.270 17.133 23.709 12.750 16.897 9.654 2.471 20.612 13.017 3.197 12.910 13.580 14.018 19.463 5.573 15.490 12.135 15.086 9.742 14.132 11.495 1.724 20.467 17.613 10.685 7.644 15.620 19.409 17.878 0.000 11.923 17.921 21.489 11.603 
47 9.222 2.534 9.962 9.356 14.885 15.726 18.207 3.559 15.994 5.497 11.277 11.433 13.926 11.774 4.620 7.384 5.089 5.210 17.943 15.748 6.591 7.879 13.256 16.294 1.192 11.559 6.535 16.479 19.501 10.489 13.049 3.753 6.245 3.459 13.610 2.211 16.031 12.126 17.157 20.435 14.453 13.216 17.419 16.931 13.706 11.923 0.000 12.498 13.917 9.222 
48 6.340 13.163 2.544 5.912 2.400 6.816 8.552 13.604 4.956 7.775 12.419 15.049 7.117 3.054 13.301 5.430 15.205 13.114 5.915 10.501 8.051 8.294 17.391 3.823 12.957 15.294 6.214 10.611 14.696 5.535 14.498 11.423 6.810 11.095 11.109 12.638 12.194 16.831 4.977 12.504 11.065 12.769 9.810 5.348 1.863 17.921 12.498 0.000 4.344 6.340 
49 10.213 13.784 5.262 9.801 4.325 10.907 12.256 15.920 8.528 8.464 16.426 18.868 11.448 2.310 15.934 8.252 17.657 12.820 4.736 14.829 7.864 11.885 21.241 5.688 14.014 19.108 8.792 14.904 18.977 3.832 18.577 11.683 9.544 11.517 15.405 13.349 16.538 20.570 7.376 16.425 15.398 16.969 13.935 8.429 5.775 21.489 13.917 4.344 0.000 10.213 
50 0.000 10.993 5.055 0.428 8.348 6.575 9.054 8.749 7.479 7.347 6.219 8.720 4.712 8.106 8.019 3.214 10.008 12.316 12.112 7.027 8.711 2.154 11.076 9.154 10.156 8.965 3.639 7.619 11.248 9.218 8.397 10.206 3.357 9.728 5.976 10.440 7.948 10.492 9.322 11.303 6.417 7.000 8.249 8.594 6.351 11.603 9.222 6.340 10.213 0.000 ;
param d := 
1 0
2 3
3 3
4 3
5 3
6 3
7 3
8 3
9 3
10 3
11 3
12 3
13 3
14 3
15 3
16 3
17 3
18 3
19 3
20 3
21 3
22 3
23 3
24 3
25 3
26 3
27 3
28 3
29 3
30 3
31 3
32 3
33 3
34 3
35 3
36 3
37 3
38 3
39 3
40 3
41 3
42 3
43 3
44 3
45 3
46 3
47 3
48 3
49 3
50 0;
param q := 
1 0
2 1
3 1
4 1
5 1
6 1
7 1
8 1
9 1
10 1
11 1
12 1
13 1
14 1
15 1
16 1
17 1
18 1
19 1
20 1
21 1
22 1
23 1
24 1
25 1
26 -1
27 -1
28 -1
29 -1
30 -1
31 -1
32 -1
33 -1
34 -1
35 -1
36 -1
37 -1
38 -1
39 -1
40 -1
41 -1
42 -1
43 -1
44 -1
45 -1
46 -1
47 -1
48 -1
49 -1
50 0;
param e := 
1 0
2 0
3 0
4 0
5 0
6 0
7 0
8 0
9 0
10 0
11 0
12 0
13 0
14 286
15 142
16 59
17 42
18 224
19 292
20 10
21 164
22 191
23 217
24 52
25 5
26 226
27 139
28 160
29 318
30 164
31 290
32 280
33 340
34 235
35 152
36 344
37 108
38 0
39 0
40 0
41 0
42 0
43 0
44 0
45 0
46 0
47 0
48 0
49 0
50 0;
param l := 
1 360
2 1440
3 1440
4 1440
5 1440
6 1440
7 1440
8 1440
9 1440
10 1440
11 1440
12 1440
13 1440
14 301
15 157
16 74
17 57
18 239
19 307
20 25
21 179
22 206
23 232
24 67
25 20
26 241
27 154
28 175
29 333
30 179
31 305
32 295
33 355
34 250
35 167
36 359
37 123
38 1440
39 1440
40 1440
41 1440
42 1440
43 1440
44 1440
45 1440
46 1440
47 1440
48 1440
49 1440
50 360;

