param n := 32;
param m := 4;
param L := 30;
param Q := 3;
param T := 480;
param t :
    1   2   3   4   5   6   7   8   9  10  11  12  13  14  15  16  17  18  19  20  21  22  23  24  25  26  27  28  29  30  31  32  33  34  35  36  37  38  39  40  41  42  43  44  45  46  47  48  49  50  51  52  53  54  55  56  57  58  59  60  61  62  63  64  65  66 :=
1 0.000 7.310 3.196 5.200 11.741 5.406 6.239 10.206 11.360 10.048 8.206 8.000 4.878 11.696 8.441 2.133 8.344 5.780 11.904 8.036 9.509 8.708 11.669 9.708 8.996 4.318 7.417 6.398 10.678 10.695 9.127 11.488 5.105 11.353 5.834 3.444 7.268 8.216 4.346 4.643 9.157 11.830 11.835 8.110 7.411 9.257 8.202 6.048 4.305 9.199 4.698 9.478 9.782 2.384 1.900 10.841 10.006 11.729 10.715 10.396 12.930 9.492 9.405 4.956 7.975 0.000 
2 7.310 0.000 6.817 2.969 18.832 10.206 11.908 15.298 15.363 17.159 2.001 12.235 2.498 13.993 15.350 7.548 8.277 10.346 13.670 1.032 5.918 13.292 11.961 7.044 15.831 11.206 14.030 8.644 11.844 12.026 11.033 6.196 6.788 16.258 5.516 7.851 7.232 11.122 8.976 9.750 8.367 12.916 5.260 11.284 7.321 15.620 7.190 1.263 3.500 2.728 5.424 2.237 16.900 6.070 7.052 3.541 11.531 18.763 12.241 4.215 16.586 6.601 5.851 11.721 14.389 7.310 
3 3.196 6.817 0.000 3.925 12.364 3.460 9.394 13.371 14.553 10.753 8.365 5.805 4.453 14.744 11.012 5.222 10.744 3.675 8.939 7.782 10.877 6.755 8.495 6.854 11.612 4.881 7.341 3.287 7.573 13.555 12.042 12.311 7.618 14.525 7.801 6.473 4.140 11.269 2.194 2.939 11.415 8.741 11.987 5.403 4.281 12.148 10.308 5.683 3.326 9.320 2.042 8.608 12.049 4.818 1.324 10.207 12.881 12.238 7.669 10.736 16.117 6.716 6.825 5.239 10.882 3.196 
4 5.200 2.969 3.925 0.000 16.183 7.253 10.832 14.591 15.144 14.537 4.756 9.272 1.272 14.428 13.620 6.189 9.274 7.382 11.041 3.984 8.065 10.324 9.644 5.582 14.161 8.578 11.242 5.750 9.290 12.752 11.480 8.929 6.823 15.659 6.156 6.955 4.683 11.177 6.040 6.830 9.658 10.420 8.225 8.375 4.799 14.261 8.447 2.042 0.899 5.630 2.471 4.690 14.979 4.915 4.403 6.282 12.156 16.082 9.620 7.104 16.546 5.220 4.795 9.031 12.985 5.200 
5 11.741 18.832 12.364 16.183 0.000 9.832 11.791 13.729 16.207 1.694 19.931 9.851 16.333 18.721 8.136 12.623 18.567 9.995 14.366 19.665 20.912 9.103 16.252 18.202 8.451 7.628 5.173 12.794 14.748 19.080 17.594 23.121 15.746 14.583 17.040 13.420 15.098 16.137 10.632 9.834 19.536 15.297 23.574 11.525 15.177 10.272 18.947 17.585 15.422 20.927 14.326 20.845 6.780 13.813 11.807 22.357 18.464 0.442 14.283 22.136 17.639 18.253 18.671 7.152 10.022 11.741 
6 5.406 10.206 3.460 7.253 9.832 0.000 10.618 14.465 16.105 8.390 11.817 2.594 7.903 16.926 10.798 7.493 13.692 0.420 6.991 11.195 14.251 3.381 7.613 8.377 11.424 3.638 4.663 3.006 6.270 16.072 14.488 15.766 10.464 15.631 10.948 8.807 5.268 13.477 1.273 0.773 14.456 7.272 15.420 3.030 5.352 12.439 13.423 9.116 6.754 12.764 4.932 11.848 11.305 7.646 3.903 13.490 15.380 9.619 6.085 14.190 17.728 8.421 8.858 3.506 11.289 5.406 
7 6.239 11.908 9.394 10.832 11.791 10.618 0.000 3.978 5.518 10.343 11.855 12.985 10.022 7.111 4.483 4.647 7.452 11.038 17.582 12.230 10.848 13.324 17.730 15.878 4.687 7.542 9.905 12.431 16.606 7.290 5.838 13.441 5.708 5.136 7.340 4.057 13.504 4.361 9.959 9.884 8.420 17.712 14.843 13.629 13.647 3.839 8.233 10.812 9.967 12.688 10.902 14.117 6.392 5.974 8.070 15.046 6.686 12.006 16.547 13.346 7.148 15.630 15.445 8.111 2.781 6.239 
8 10.206 15.298 13.371 14.591 13.729 14.465 3.978 0.000 2.529 12.582 14.900 16.730 13.670 5.658 5.594 8.490 9.053 14.884 21.454 15.457 12.988 16.964 21.690 19.788 5.314 11.172 13.089 16.396 20.542 7.051 6.261 15.616 8.608 1.169 10.146 7.644 17.474 5.068 13.882 13.752 9.865 21.634 17.424 17.492 17.618 3.503 10.158 14.311 13.757 15.612 14.842 17.431 7.148 9.676 12.047 18.147 6.732 14.038 20.462 15.995 3.915 19.524 19.292 11.664 3.813 10.206 
9 11.360 15.363 14.553 15.144 16.207 16.105 5.518 2.529 0.000 15.008 14.642 18.500 14.086 3.411 8.077 9.395 8.092 16.524 23.035 15.353 12.114 18.839 23.021 20.575 7.829 13.048 15.238 17.730 21.973 5.252 4.982 14.669 8.583 2.137 9.918 8.298 18.535 4.302 15.378 15.360 8.737 23.102 16.720 19.098 18.680 6.028 9.307 14.524 14.379 15.230 15.784 17.367 9.674 10.317 13.256 17.861 5.140 16.505 21.953 15.379 1.630 20.268 19.931 13.599 6.208 11.360 
10 10.048 17.159 10.753 14.537 1.694 8.390 10.343 12.582 15.008 0.000 18.241 8.714 14.661 17.364 7.022 10.946 16.954 8.591 13.462 17.985 19.234 8.095 15.161 16.763 7.424 5.966 3.749 11.385 13.662 17.608 16.096 21.431 14.091 13.508 15.366 11.769 13.653 14.655 9.103 8.322 17.919 14.305 21.882 10.340 13.740 9.212 17.304 15.910 13.765 19.236 12.738 19.187 5.963 12.123 10.149 20.688 16.979 1.743 13.236 20.443 16.495 16.792 17.173 5.519 8.800 10.048 
11 8.206 2.001 8.365 4.756 19.931 11.817 11.855 14.900 14.642 18.241 0.000 13.984 3.914 12.892 15.681 7.921 7.018 11.997 15.645 1.115 4.070 15.014 13.962 8.993 16.108 12.372 15.333 10.505 13.829 10.796 10.005 4.215 6.301 15.769 4.766 7.891 9.208 10.341 10.557 11.293 6.919 14.909 3.673 13.132 9.301 15.671 5.827 2.736 5.074 0.996 7.223 2.908 17.354 6.464 8.358 3.248 10.376 19.901 14.217 2.374 15.730 8.545 7.759 12.941 14.499 8.206 
12 8.000 12.235 5.805 9.272 9.851 2.594 12.985 16.730 18.500 8.714 13.984 0.000 10.103 19.464 12.593 10.081 16.275 2.235 5.034 13.255 16.681 1.108 6.447 8.939 13.209 5.586 5.122 3.830 4.951 18.656 17.068 18.049 13.051 17.887 13.489 11.392 6.068 16.031 3.758 3.359 17.027 5.673 17.495 1.700 6.093 14.424 15.977 11.250 8.924 14.892 6.813 13.636 12.780 10.228 6.452 15.307 17.963 9.543 4.552 16.353 20.129 9.111 9.746 5.192 13.355 8.000 
13 4.878 2.498 4.453 1.272 16.333 7.903 10.022 13.670 14.086 14.661 3.914 10.103 0.000 13.235 13.122 5.445 8.008 8.086 12.204 3.377 6.887 11.117 10.890 6.810 13.633 8.708 11.555 6.771 10.486 11.516 10.275 7.955 5.648 14.708 4.896 6.035 5.911 10.039 6.644 7.386 8.386 11.628 7.540 9.350 6.032 13.586 7.174 1.264 1.181 4.868 3.465 4.605 14.589 4.048 4.565 6.032 10.930 16.266 10.793 6.287 15.449 6.432 5.941 9.228 12.325 4.878 
14 11.696 13.993 14.744 14.428 18.721 16.926 7.111 5.658 3.411 17.364 12.892 19.464 13.235 0.000 10.763 9.569 5.898 17.331 23.599 13.767 9.725 19.976 23.192 20.006 10.646 14.363 16.960 18.027 22.317 2.262 2.974 12.106 7.608 5.533 8.509 8.279 18.406 3.481 16.000 16.155 6.250 23.482 14.372 19.781 18.549 8.954 7.131 13.382 13.793 13.304 15.579 15.763 12.535 10.038 13.551 15.971 2.526 18.973 22.390 13.170 3.415 19.648 19.174 14.988 8.786 11.696 
15 8.441 15.350 11.012 13.620 8.136 10.798 4.483 5.594 8.077 7.022 15.681 12.593 13.122 10.763 0.000 7.817 11.931 11.188 17.590 15.861 15.197 12.552 18.404 17.865 0.626 7.165 8.140 13.372 17.064 11.470 10.154 17.742 9.913 6.486 11.509 7.844 15.045 8.670 10.650 10.234 12.901 18.032 18.935 13.725 15.176 2.198 12.672 14.141 12.721 16.591 12.920 17.586 1.912 9.301 9.797 18.731 10.933 8.445 16.846 17.425 9.507 17.713 17.740 7.426 1.984 8.441 
16 2.133 7.548 5.222 6.189 12.623 7.493 4.647 8.490 9.395 10.946 7.921 10.081 5.445 9.569 7.817 0.000 6.468 7.879 14.031 8.046 8.290 10.737 13.716 11.304 8.286 5.787 8.873 8.483 12.772 8.581 7.004 10.556 3.291 9.599 4.422 1.316 9.140 6.088 6.472 6.723 7.349 13.931 11.342 10.241 9.285 8.142 6.524 6.363 5.321 8.864 6.406 9.785 9.439 1.484 3.987 10.917 7.889 12.680 12.828 9.842 10.930 11.034 10.813 6.464 6.885 2.133 
17 8.344 8.277 10.744 9.274 18.567 13.692 7.452 9.053 8.092 16.954 7.018 16.275 8.008 5.898 11.931 6.468 0.000 14.040 19.611 7.940 4.022 17.038 18.698 14.784 12.130 12.241 15.294 13.925 18.075 3.781 3.146 6.605 3.240 9.645 3.131 5.324 13.724 3.992 12.532 12.947 0.981 19.248 8.639 16.134 13.858 11.022 1.244 7.860 8.831 7.406 10.962 9.911 13.836 6.047 9.842 10.073 3.372 18.694 18.272 7.343 8.933 14.387 13.801 12.919 10.175 8.344 
18 5.780 10.346 3.675 7.382 9.995 0.420 11.038 14.884 16.524 8.591 11.997 2.235 8.086 17.331 11.188 7.879 14.040 0.000 6.573 11.345 14.519 3.093 7.235 8.209 11.814 4.024 4.846 2.800 5.876 16.459 14.878 15.984 10.817 16.051 11.265 9.193 5.112 13.878 1.538 1.178 14.793 6.866 15.579 2.612 5.187 12.845 13.748 9.283 6.925 12.935 5.009 11.930 11.664 7.993 4.222 13.582 15.768 9.767 5.679 14.372 18.147 8.275 8.748 3.857 11.700 5.780 
19 11.904 13.670 8.939 11.041 14.366 6.991 17.582 21.454 23.035 13.462 15.645 5.034 12.204 23.599 17.590 14.031 19.611 6.573 0.000 14.680 19.089 5.387 2.700 7.839 18.210 10.484 10.068 5.689 1.888 22.490 20.965 19.859 16.544 22.621 16.567 15.329 6.439 20.118 7.665 7.704 20.214 1.266 18.688 3.962 6.350 19.357 19.057 13.051 11.102 16.381 8.796 14.351 17.814 13.757 10.058 15.957 21.813 14.003 1.429 17.859 24.649 8.215 9.093 10.165 18.243 11.904 
20 8.036 1.032 7.782 3.984 19.665 11.195 12.230 15.457 15.353 17.985 1.115 13.255 3.377 13.767 15.861 8.046 7.940 11.345 14.680 0.000 5.179 14.308 12.925 7.893 16.319 12.053 14.930 9.675 12.845 11.719 10.842 5.210 6.860 16.372 5.435 8.195 8.244 11.068 9.955 10.720 7.916 13.908 4.241 12.315 8.330 16.002 6.785 2.115 4.456 1.703 6.447 2.017 17.469 6.563 7.938 2.871 11.268 19.611 13.251 3.188 16.504 7.443 6.649 12.589 14.796 8.036 
21 9.509 5.918 10.877 8.065 20.912 14.251 10.848 12.988 12.114 19.234 4.070 16.681 6.887 9.725 15.197 8.290 4.022 14.519 19.089 5.179 0.000 17.612 17.665 12.956 15.492 13.809 16.921 13.615 17.354 7.485 7.151 2.635 5.333 13.639 3.879 7.610 12.743 7.972 12.988 13.598 3.476 18.484 4.652 16.131 12.855 14.617 2.837 6.125 8.015 4.011 10.333 6.845 17.047 7.192 10.406 6.542 7.236 20.967 17.675 3.486 12.907 12.516 11.768 14.459 13.628 9.509 
22 8.708 13.292 6.755 10.324 9.103 3.381 13.324 16.964 18.839 8.095 15.014 1.108 11.117 19.976 12.552 10.737 17.038 3.093 5.387 14.308 17.612 0.000 7.156 10.007 13.157 5.801 4.708 4.938 5.653 19.273 17.674 19.047 13.801 18.107 14.327 12.034 7.169 16.579 4.627 4.098 17.818 6.215 18.549 2.689 7.191 14.477 16.797 12.284 9.944 15.932 7.877 14.728 12.573 11.001 7.284 16.397 18.579 8.769 5.179 17.386 20.468 10.191 10.839 5.305 13.468 8.708 
23 11.669 11.961 8.495 9.644 16.252 7.613 17.730 21.690 23.021 15.161 13.962 6.447 10.890 23.192 18.404 13.716 18.698 7.235 2.700 12.925 17.665 7.156 0.000 5.489 19.030 11.251 11.540 5.301 1.504 21.862 20.410 18.134 15.816 22.856 15.580 14.952 4.992 19.731 7.867 8.179 19.196 1.444 16.729 4.880 4.865 19.974 18.000 11.541 9.907 14.599 7.743 12.318 18.889 13.165 9.770 13.854 21.208 15.924 2.012 16.046 24.599 5.907 6.810 11.083 18.782 11.669 
24 9.708 7.044 6.854 5.582 18.202 8.377 15.878 19.788 20.575 16.763 8.993 8.939 6.810 20.006 17.865 11.304 14.784 8.209 7.839 7.893 12.956 10.007 5.489 0.000 18.463 11.391 13.039 5.416 5.977 18.325 17.061 13.012 12.398 20.903 11.697 12.287 3.110 16.721 7.759 8.483 15.083 6.763 11.383 7.341 3.026 18.929 13.869 7.003 6.236 9.476 5.013 6.959 18.871 10.258 8.088 8.422 17.735 17.976 6.543 10.855 22.028 0.453 1.340 11.551 17.652 9.708 
25 8.996 15.831 11.612 14.161 8.451 11.424 4.687 5.314 7.829 7.424 16.108 13.209 13.633 10.646 0.626 8.286 12.130 11.814 18.210 16.319 15.492 13.157 19.030 18.463 0.000 7.790 8.714 13.995 17.690 11.472 10.213 18.059 10.245 6.133 11.855 8.239 15.655 8.738 11.273 10.860 13.092 18.656 19.313 14.349 15.787 1.824 12.918 14.632 13.262 17.006 13.507 18.068 1.889 9.768 10.387 19.186 10.961 8.779 17.471 17.805 9.205 18.307 18.322 8.048 1.993 8.996 
26 4.318 11.206 4.881 8.578 7.628 3.638 7.542 11.172 13.048 5.966 12.372 5.586 8.708 14.363 7.165 5.787 12.241 4.024 10.484 12.053 13.809 5.801 11.251 11.391 7.790 0.000 3.116 6.381 9.900 13.899 12.292 15.801 9.076 12.321 10.057 6.936 8.350 11.066 3.693 3.131 13.134 10.873 16.038 6.574 8.464 8.873 12.298 9.963 7.799 13.368 6.914 13.221 7.708 6.625 4.184 14.729 13.211 7.559 9.687 14.634 14.677 11.338 11.581 0.678 7.776 4.318 
27 7.417 14.030 7.341 11.242 5.173 4.663 9.905 13.089 15.238 3.749 15.333 5.122 11.555 16.960 8.140 8.873 15.294 4.846 10.068 14.930 16.921 4.708 11.540 13.039 8.714 3.116 0.000 7.645 10.056 16.718 15.122 18.876 12.163 14.176 13.172 9.971 9.932 13.814 5.482 4.674 16.203 10.791 19.007 6.673 10.014 10.213 15.395 12.819 10.547 16.325 9.234 15.932 7.930 9.741 6.994 17.502 16.041 4.979 9.674 17.635 16.840 13.083 13.499 2.462 9.367 7.417 
28 6.398 8.644 3.287 5.750 12.794 3.006 12.431 16.396 17.730 11.385 10.505 3.830 6.771 18.027 13.372 8.483 13.925 2.800 5.689 9.675 13.615 4.938 5.301 5.416 13.995 6.381 7.645 0.000 4.290 16.834 15.328 14.675 10.860 17.561 10.897 9.752 2.346 14.550 2.725 3.271 14.541 5.455 13.883 2.642 2.406 14.804 13.395 7.789 5.609 11.356 3.309 9.875 14.079 8.091 4.502 11.548 16.162 12.562 4.387 12.838 19.314 5.502 6.033 6.395 13.583 6.398 
29 10.678 11.844 7.573 9.290 14.748 6.270 16.606 20.542 21.973 13.662 13.829 4.951 10.486 22.317 17.064 12.772 18.075 5.876 1.888 12.845 17.354 5.653 1.504 5.977 17.690 9.900 10.056 4.290 0.000 21.093 19.602 18.039 15.085 21.710 14.992 14.042 4.631 18.840 6.661 6.886 18.634 1.176 16.820 3.421 4.532 18.694 17.458 11.275 9.421 14.543 7.149 12.471 17.486 12.353 8.788 14.072 20.426 14.420 0.614 16.017 23.568 6.342 7.215 9.693 17.524 10.678 
30 10.695 12.026 13.555 12.752 19.080 16.072 7.290 7.051 5.252 17.608 10.796 18.656 11.516 2.262 11.470 8.581 3.781 16.459 22.490 11.719 7.485 19.273 21.862 18.325 11.472 13.899 16.718 16.834 21.093 0.000 1.608 9.845 6.053 7.230 6.655 7.266 16.968 2.956 15.041 15.301 4.020 22.267 12.125 18.790 17.108 9.952 4.978 11.522 12.196 11.148 14.147 13.691 13.341 8.743 12.457 13.809 0.694 19.287 21.220 10.947 5.611 17.946 17.414 14.557 9.504 10.695 
31 9.127 11.033 12.042 11.480 17.594 14.488 5.838 6.261 4.982 16.096 10.005 17.068 10.275 2.974 10.154 7.004 3.146 14.878 20.965 10.842 7.151 17.674 20.410 17.061 10.213 12.292 15.122 15.328 19.602 1.608 0.000 9.689 4.678 6.683 5.537 5.688 15.560 1.487 13.473 13.716 3.756 20.774 11.783 17.233 15.702 8.807 4.384 10.408 10.869 10.480 12.732 12.849 12.051 7.253 10.915 13.143 0.920 17.789 19.712 10.486 5.793 16.697 16.210 12.951 8.223 9.127 
32 11.488 6.196 12.311 8.929 23.121 15.766 13.441 15.616 14.669 21.431 4.215 18.049 7.955 12.106 17.742 10.556 6.605 15.984 19.859 5.210 2.635 19.047 18.134 13.012 18.059 15.801 18.876 14.675 18.039 9.845 9.689 0.000 7.833 16.247 6.273 10.031 13.421 10.584 14.494 15.179 5.943 19.112 2.530 17.285 13.513 17.230 5.458 6.888 9.136 3.545 11.373 6.210 19.570 9.308 12.078 5.291 9.680 23.147 18.431 2.190 15.379 12.559 11.719 16.425 16.220 11.488 
33 5.105 6.788 7.618 6.823 15.746 10.464 5.708 8.608 8.583 14.091 6.301 13.051 5.648 7.608 9.913 3.291 3.240 10.817 16.544 6.860 5.333 13.801 15.816 12.398 10.245 9.076 12.163 10.860 15.085 6.053 4.678 7.833 0.000 9.512 1.632 2.328 10.916 4.410 9.320 9.715 4.074 16.261 9.135 12.970 11.056 9.545 3.244 5.952 6.192 7.059 8.094 8.853 11.738 2.835 6.642 9.545 5.414 15.833 15.240 7.640 9.861 12.042 11.587 9.753 8.458 5.105 
34 11.353 16.258 14.525 15.659 14.583 15.631 5.136 1.169 2.137 13.508 15.769 17.887 14.708 5.533 6.486 9.599 9.645 16.051 22.621 16.372 13.639 18.107 22.856 20.903 6.133 12.321 14.176 17.561 21.710 7.230 6.683 16.247 9.512 0.000 11.003 8.703 18.620 5.667 15.051 14.920 10.395 22.803 18.152 18.659 18.764 4.312 10.802 15.305 14.836 16.445 15.972 18.362 7.890 10.745 13.202 19.016 7.016 14.910 21.631 16.751 3.138 20.632 20.383 12.805 4.834 11.353 
35 5.834 5.516 7.801 6.156 17.040 10.948 7.340 10.146 9.918 15.366 4.766 13.489 4.896 8.509 11.509 4.422 3.131 11.265 16.567 5.435 3.879 14.327 15.580 11.697 11.855 10.057 13.172 10.897 14.992 6.655 5.537 6.273 1.632 11.003 0.000 3.761 10.600 5.636 9.731 10.236 3.647 16.162 7.503 13.203 10.733 11.177 2.508 4.881 5.701 5.470 7.856 7.450 13.314 3.453 7.046 8.013 6.102 17.101 15.209 6.008 11.086 11.309 10.760 10.720 10.086 5.834 
36 3.444 7.851 6.473 6.955 13.420 8.807 4.057 7.644 8.298 11.769 7.891 11.392 6.035 8.279 7.844 1.316 5.324 9.193 15.329 8.195 7.610 12.034 14.952 12.287 8.239 6.936 9.971 9.752 14.042 7.266 5.688 10.031 2.328 8.703 3.761 0.000 10.288 4.799 7.787 8.036 6.246 15.205 11.093 11.554 10.433 7.807 5.540 6.763 6.140 8.772 7.502 10.063 9.601 2.046 5.274 11.034 6.574 13.512 14.112 9.582 9.791 11.990 11.697 7.614 6.613 3.444 
37 7.268 7.232 4.140 4.683 15.098 5.268 13.504 17.474 18.535 13.653 9.208 6.068 5.911 18.406 15.045 9.140 13.724 5.112 6.439 8.244 12.743 7.169 4.992 3.110 15.655 8.350 9.932 2.346 4.631 16.968 15.560 13.421 10.916 18.620 10.600 10.288 0.000 14.986 4.680 5.383 14.207 5.743 12.307 4.623 0.145 16.271 13.009 6.646 4.916 9.947 2.829 8.063 15.935 8.380 5.458 9.716 16.328 14.877 5.010 11.428 20.064 3.163 3.696 8.473 15.011 7.268 
38 8.216 11.122 11.269 11.177 16.137 13.477 4.361 5.068 4.302 14.655 10.341 16.031 10.039 3.481 8.670 6.088 3.992 13.878 20.118 11.068 7.972 16.579 19.731 16.721 8.738 11.066 13.814 14.550 18.840 2.956 1.487 10.584 4.410 5.667 5.636 4.799 14.986 0.000 12.529 12.704 4.800 20.004 12.505 16.308 15.130 7.371 5.135 10.351 10.485 10.931 12.165 13.085 10.570 6.606 10.070 13.559 2.327 16.339 18.910 11.128 5.466 16.381 15.965 11.712 6.746 8.216 
39 4.346 8.976 2.194 6.040 10.632 1.273 9.959 13.882 15.378 9.103 10.557 3.758 6.644 16.000 10.650 6.472 12.532 1.538 7.665 9.955 12.988 4.627 7.867 7.759 11.273 3.693 5.482 2.725 6.661 15.041 13.473 14.494 9.320 15.051 9.731 7.787 4.680 12.529 0.000 0.819 13.272 7.754 14.172 3.781 4.788 12.122 12.219 7.867 5.505 11.510 3.807 10.677 11.366 6.488 2.695 12.305 14.352 10.458 6.589 12.929 16.988 7.742 8.076 3.794 10.919 4.346 
40 4.643 9.750 2.939 6.830 9.834 0.773 9.884 13.752 15.360 8.322 11.293 3.359 7.386 16.155 10.234 6.723 12.947 1.178 7.704 10.720 13.598 4.098 8.179 8.483 10.860 3.131 4.674 3.271 6.886 15.301 13.716 15.179 9.715 14.920 10.236 8.036 5.383 12.704 0.819 0.000 13.721 7.925 14.924 3.746 5.482 11.810 12.700 8.622 6.264 12.254 4.625 11.481 10.838 6.906 3.206 13.103 14.609 9.653 6.741 13.660 16.980 8.487 8.851 3.126 10.640 4.643 
41 9.157 8.367 11.415 9.658 19.536 14.456 8.420 9.865 8.737 17.919 6.919 17.027 8.386 6.250 12.901 7.349 0.981 14.793 20.214 7.916 3.476 17.818 19.196 15.083 13.092 13.134 16.203 14.541 18.634 4.020 3.756 5.943 4.074 10.395 3.647 6.246 14.207 4.800 13.272 13.721 0.000 19.803 8.127 16.817 14.337 11.953 1.215 8.094 9.292 7.179 11.492 9.827 14.807 6.817 10.577 9.826 3.763 19.659 18.856 6.927 9.449 14.672 14.042 13.811 11.129 9.157 
42 11.830 12.916 8.741 10.420 15.297 7.272 17.712 21.634 23.102 14.305 14.909 5.673 11.628 23.482 18.032 13.931 19.248 6.866 1.266 13.908 18.484 6.215 1.444 6.763 18.656 10.873 10.791 5.455 1.176 22.267 20.774 19.112 16.261 22.803 16.162 15.205 5.743 20.004 7.754 7.925 19.803 0.000 17.826 4.310 5.636 19.711 18.625 12.388 10.575 15.600 8.314 13.446 18.378 13.526 9.944 15.021 21.600 14.949 1.187 17.066 24.701 7.160 8.054 10.624 18.558 11.830 
43 11.835 5.260 11.987 8.225 23.574 15.420 14.843 17.424 16.720 21.882 3.673 17.495 7.540 14.372 18.935 11.342 8.639 15.579 18.688 4.241 4.652 18.549 16.729 11.383 19.313 16.038 19.007 13.883 16.820 12.125 11.783 2.530 9.135 18.152 7.503 11.093 12.307 12.505 14.172 14.924 8.127 17.826 0.000 16.525 12.377 18.680 7.413 6.305 8.668 2.685 10.684 4.425 20.684 9.940 12.030 3.097 11.888 23.553 17.268 1.510 17.554 10.933 10.050 16.612 17.582 11.835 
44 8.110 11.284 5.403 8.375 11.525 3.030 13.629 17.492 19.098 10.340 13.132 1.700 9.350 19.781 13.725 10.241 16.134 2.612 3.962 12.315 16.131 2.689 4.880 7.341 14.349 6.574 6.673 2.642 3.421 18.790 17.233 17.285 12.970 18.659 13.203 11.554 4.623 16.308 3.781 3.746 16.817 4.310 16.525 0.000 4.624 15.434 15.710 10.407 8.175 13.992 5.914 12.489 14.081 10.140 6.346 14.161 18.104 11.225 3.130 15.473 20.716 7.544 8.230 6.314 14.302 8.110 
45 7.411 7.321 4.281 4.799 15.177 5.352 13.647 17.618 18.680 13.740 9.301 6.093 6.032 18.549 15.176 9.285 13.858 5.187 6.350 8.330 12.855 7.191 4.865 3.026 15.787 8.464 10.014 2.406 4.532 17.108 15.702 13.513 11.056 18.764 10.733 10.433 0.145 15.130 4.788 5.482 14.337 5.636 12.377 4.624 0.000 16.408 13.139 6.752 5.046 10.032 2.971 8.118 16.059 8.523 5.599 9.766 16.468 14.953 4.921 11.512 20.209 3.096 3.658 8.579 15.149 7.411 
46 9.257 15.620 12.148 14.261 10.272 12.439 3.839 3.503 6.028 9.212 15.671 14.424 13.586 8.954 2.198 8.142 11.022 12.845 19.357 16.002 14.617 14.477 19.974 18.929 1.824 8.873 10.213 14.804 18.694 9.952 8.807 17.230 9.545 4.312 11.177 7.807 16.271 7.371 12.122 11.810 11.953 19.711 18.680 15.434 16.408 0.000 11.923 14.477 13.370 16.517 13.920 17.848 3.647 9.580 10.860 18.839 9.490 10.597 18.524 17.184 7.383 18.733 18.662 9.233 1.283 9.257 
47 8.202 7.190 10.308 8.447 18.947 13.423 8.233 10.158 9.307 17.304 5.827 15.977 7.174 7.131 12.672 6.524 1.244 13.748 19.057 6.785 2.837 16.797 18.000 13.869 12.918 12.298 15.395 13.395 17.458 4.978 4.384 5.458 3.244 10.802 2.508 5.540 13.009 5.135 12.219 12.700 1.215 18.625 7.413 15.710 13.139 11.923 0.000 6.884 8.093 6.177 10.311 8.731 14.558 5.829 9.526 8.842 4.604 19.047 17.691 6.102 10.175 13.460 12.834 12.972 11.000 8.202 
48 6.048 1.263 5.683 2.042 17.585 9.116 10.812 14.311 14.524 15.910 2.736 11.250 1.264 13.382 14.141 6.363 7.860 9.283 13.051 2.115 6.125 12.284 11.541 7.003 14.632 9.963 12.819 7.789 11.275 11.522 10.408 6.888 5.952 15.305 4.881 6.763 6.646 10.351 7.867 8.622 8.094 12.388 6.305 10.407 6.752 14.477 6.884 0.000 2.362 3.652 4.494 3.458 15.668 4.900 5.829 4.802 10.982 17.522 11.626 5.103 15.812 6.585 5.951 10.489 13.234 6.048 
49 4.305 3.500 3.326 0.899 15.422 6.754 9.967 13.757 14.379 13.765 5.074 8.924 1.181 13.793 12.721 5.321 8.831 6.925 11.102 4.456 8.015 9.944 9.907 6.236 13.262 7.799 10.547 5.609 9.421 12.196 10.869 9.136 6.192 14.836 5.701 6.140 4.916 10.485 5.505 6.264 9.292 10.575 8.668 8.175 5.046 13.370 8.093 2.362 0.000 6.011 2.318 5.423 14.086 4.094 3.616 6.958 11.580 15.335 9.701 7.448 15.807 5.904 5.560 8.280 12.093 4.305 
50 9.199 2.728 9.320 5.630 20.927 12.764 12.688 15.612 15.230 19.236 0.996 14.892 4.868 13.304 16.591 8.864 7.406 12.935 16.381 1.703 4.011 15.932 14.599 9.476 17.006 13.368 16.325 11.356 14.543 11.148 10.480 3.545 7.059 16.445 5.470 8.772 9.947 10.931 11.510 12.254 7.179 15.600 2.685 13.992 10.032 16.517 6.177 3.652 6.011 0.000 8.101 2.866 18.284 7.419 9.345 2.667 10.777 20.897 14.953 1.487 16.251 9.024 8.195 13.936 15.363 9.199 
51 4.698 5.424 2.042 2.471 14.326 4.932 10.902 14.842 15.784 12.738 7.223 6.813 3.465 15.579 12.920 6.406 10.962 5.009 8.796 6.447 10.333 7.877 7.743 5.013 13.507 6.914 9.234 3.309 7.149 14.147 12.732 11.373 8.094 15.972 7.856 7.502 2.829 12.165 3.807 4.625 11.492 8.314 10.684 5.914 2.971 13.920 10.311 4.494 2.318 8.101 0.000 6.922 14.034 5.561 3.124 8.574 13.503 14.180 7.404 9.575 17.292 4.815 4.831 7.243 12.642 4.698 
52 9.478 2.237 8.608 4.690 20.845 11.848 14.117 17.431 17.367 19.187 2.908 13.636 4.605 15.763 17.586 9.785 9.911 11.930 14.351 2.017 6.845 14.728 12.318 6.959 18.068 13.221 15.932 9.875 12.471 13.691 12.849 6.210 8.853 18.362 7.450 10.063 8.063 13.085 10.677 11.481 9.827 13.446 4.425 12.489 8.118 17.848 8.731 3.458 5.423 2.866 6.922 0.000 19.125 8.307 9.039 1.673 13.256 20.755 12.943 4.020 18.520 6.509 5.629 13.699 16.621 9.478 
53 9.782 16.900 12.049 14.979 6.780 11.305 6.392 7.148 9.674 5.963 17.354 12.780 14.589 12.535 1.912 9.439 13.836 11.664 17.814 17.469 17.047 12.573 18.889 18.871 1.889 7.708 7.930 14.079 17.486 13.341 12.051 19.570 11.738 7.890 13.314 9.601 15.935 10.570 11.366 10.838 14.807 18.378 20.684 14.081 16.059 3.647 14.558 15.668 14.086 18.284 14.034 19.125 0.000 10.914 10.923 20.339 12.817 7.141 17.207 19.174 11.002 18.758 18.862 7.808 3.838 9.782 
54 2.384 6.070 4.818 4.915 13.813 7.646 5.974 9.676 10.317 12.123 6.464 10.228 4.048 10.038 9.301 1.484 6.047 7.993 13.757 6.563 7.192 11.001 13.165 10.258 9.768 6.625 9.741 8.091 12.353 8.743 7.253 9.308 2.835 10.745 3.453 2.046 8.380 6.606 6.488 6.906 6.817 13.526 9.940 10.140 8.523 9.580 5.829 4.900 4.094 7.419 5.561 8.307 10.914 0.000 3.807 9.435 8.074 13.841 12.477 8.451 11.782 9.955 9.652 7.283 8.334 2.384 
55 1.900 7.052 1.324 4.403 11.807 3.903 8.070 12.047 13.256 10.149 8.358 6.452 4.565 13.551 9.797 3.987 9.842 4.222 10.058 7.938 10.406 7.284 9.770 8.088 10.387 4.184 6.994 4.502 8.788 12.457 10.915 12.078 6.642 13.202 7.046 5.274 5.458 10.070 2.695 3.206 10.577 9.944 12.030 6.346 5.599 10.860 9.526 5.829 3.616 9.345 3.124 9.039 10.923 3.807 0.000 10.558 11.774 11.723 8.841 10.688 14.829 7.920 7.953 4.672 9.589 1.900 
56 10.841 3.541 10.207 6.282 22.357 13.490 15.046 18.147 17.861 20.688 3.248 15.307 6.032 15.971 18.731 10.917 10.073 13.582 15.957 2.871 6.542 16.397 13.854 8.422 19.186 14.729 17.502 11.548 14.072 13.809 13.143 5.291 9.545 19.016 8.013 11.034 9.716 13.559 12.305 13.103 9.826 15.021 3.097 14.161 9.766 18.839 8.842 4.802 6.958 2.667 8.574 1.673 20.339 9.435 10.558 0.000 13.444 22.281 14.557 3.215 18.907 7.981 7.083 15.230 17.644 10.841 
57 10.006 11.531 12.881 12.156 18.464 15.380 6.686 6.732 5.140 16.979 10.376 17.963 10.930 2.526 10.933 7.889 3.372 15.768 21.813 11.268 7.236 18.579 21.208 17.735 10.961 13.211 16.041 16.162 20.426 0.694 0.920 9.680 5.414 7.016 6.102 6.574 16.328 2.327 14.352 14.609 3.763 21.600 11.888 18.104 16.468 9.490 4.604 10.982 11.580 10.777 13.503 13.256 12.817 8.074 11.774 13.444 0.000 18.666 20.548 10.659 5.699 17.361 16.845 13.870 8.980 10.006 
58 11.729 18.763 12.238 16.082 0.442 9.619 12.006 14.038 16.505 1.743 19.901 9.543 16.266 18.973 8.445 12.680 18.694 9.767 14.003 19.611 20.967 8.769 15.924 17.976 8.779 7.559 4.979 12.562 14.420 19.287 17.789 23.147 15.833 14.910 17.101 13.512 14.877 16.339 10.458 9.653 19.659 14.949 23.553 11.225 14.953 10.597 19.047 17.522 15.335 20.897 14.180 20.755 7.141 13.841 11.723 22.281 18.666 0.000 13.946 22.124 17.952 18.037 18.472 7.055 10.308 11.729 
59 10.715 12.241 7.669 9.620 14.283 6.085 16.547 20.462 21.953 13.236 14.217 4.552 10.793 22.390 16.846 12.828 18.272 5.679 1.429 13.251 17.675 5.179 2.012 6.543 17.471 9.687 9.674 4.387 0.614 21.220 19.712 18.431 15.240 21.631 15.209 14.112 5.010 18.910 6.589 6.741 18.856 1.187 17.268 3.130 4.921 18.524 17.691 11.626 9.701 14.953 7.404 12.943 17.207 12.477 8.841 14.557 20.548 13.946 0.000 16.432 23.556 6.897 7.760 9.443 17.372 10.715 
60 10.396 4.215 10.736 7.104 22.136 14.190 13.346 15.995 15.379 20.443 2.374 16.353 6.287 13.170 17.425 9.842 7.343 14.372 17.859 3.188 3.486 17.386 16.046 10.855 17.805 14.634 17.635 12.838 16.017 10.947 10.486 2.190 7.640 16.751 6.008 9.582 11.428 11.128 12.929 13.660 6.927 17.066 1.510 15.473 11.512 17.184 6.102 5.103 7.448 1.487 9.575 4.020 19.174 8.451 10.688 3.215 10.659 22.124 16.432 0.000 16.276 10.402 9.552 15.222 16.079 10.396 
61 12.930 16.586 16.117 16.546 17.639 17.728 7.148 3.915 1.630 16.495 15.730 20.129 15.449 3.415 9.507 10.930 8.933 18.147 24.649 16.504 12.907 20.468 24.599 22.028 9.205 14.677 16.840 19.314 23.568 5.611 5.793 15.379 9.861 3.138 11.086 9.791 20.064 5.466 16.988 16.980 9.449 24.701 17.554 20.716 20.209 7.383 10.175 15.812 15.807 16.251 17.292 18.520 11.002 11.782 14.829 18.907 5.699 17.952 23.556 16.276 0.000 21.709 21.340 15.225 7.707 12.930 
62 9.492 6.601 6.716 5.220 18.253 8.421 15.630 19.524 20.268 16.792 8.545 9.111 6.432 19.648 17.713 11.034 14.387 8.275 8.215 7.443 12.516 10.191 5.907 0.453 18.307 11.338 13.083 5.502 6.342 17.946 16.697 12.559 12.042 20.632 11.309 11.990 3.163 16.381 7.742 8.487 14.672 7.160 10.933 7.544 3.096 18.733 13.460 6.585 5.904 9.024 4.815 6.509 18.758 9.955 7.920 7.981 17.361 18.037 6.897 10.402 21.709 0.000 0.903 11.524 17.454 9.492 
63 9.405 5.851 6.825 4.795 18.671 8.858 15.445 19.292 19.931 17.173 7.759 9.746 5.941 19.174 17.740 10.813 13.801 8.748 9.093 6.649 11.768 10.839 6.810 1.340 18.322 11.581 13.499 6.033 7.215 17.414 16.210 11.719 11.587 20.383 10.760 11.697 3.696 15.965 8.076 8.851 14.042 8.054 10.050 8.230 3.658 18.662 12.834 5.951 5.560 8.195 4.831 5.629 18.862 9.652 7.953 7.083 16.845 18.472 7.760 9.552 21.340 0.903 0.000 11.816 17.380 9.405 
64 4.956 11.721 5.239 9.031 7.152 3.506 8.111 11.664 13.599 5.519 12.941 5.192 9.228 14.988 7.426 6.464 12.919 3.857 10.165 12.589 14.459 5.305 11.083 11.551 8.048 0.678 2.462 6.395 9.693 14.557 12.951 16.425 9.753 12.805 10.720 7.614 8.473 11.712 3.794 3.126 13.811 10.624 16.612 6.314 8.579 9.233 12.972 10.489 8.280 13.936 7.243 13.699 7.808 7.283 4.672 15.230 13.870 7.055 9.443 15.222 15.225 11.524 11.816 0.000 8.181 4.956 
65 7.975 14.389 10.882 12.985 10.022 11.289 2.781 3.813 6.208 8.800 14.499 13.355 12.325 8.786 1.984 6.885 10.175 11.700 18.243 14.796 13.628 13.468 18.782 17.652 1.993 7.776 9.367 13.583 17.524 9.504 8.223 16.220 8.458 4.834 10.086 6.613 15.011 6.746 10.919 10.640 11.129 18.558 17.582 14.302 15.149 1.283 11.000 13.234 12.093 15.363 12.642 16.621 3.838 8.334 9.589 17.644 8.980 10.308 17.372 16.079 7.707 17.454 17.380 8.181 0.000 7.975 
66 0.000 7.310 3.196 5.200 11.741 5.406 6.239 10.206 11.360 10.048 8.206 8.000 4.878 11.696 8.441 2.133 8.344 5.780 11.904 8.036 9.509 8.708 11.669 9.708 8.996 4.318 7.417 6.398 10.678 10.695 9.127 11.488 5.105 11.353 5.834 3.444 7.268 8.216 4.346 4.643 9.157 11.830 11.835 8.110 7.411 9.257 8.202 6.048 4.305 9.199 4.698 9.478 9.782 2.384 1.900 10.841 10.006 11.729 10.715 10.396 12.930 9.492 9.405 4.956 7.975 0.000 ;
param d := 
1 0
2 3
3 3
4 3
5 3
6 3
7 3
8 3
9 3
10 3
11 3
12 3
13 3
14 3
15 3
16 3
17 3
18 3
19 3
20 3
21 3
22 3
23 3
24 3
25 3
26 3
27 3
28 3
29 3
30 3
31 3
32 3
33 3
34 3
35 3
36 3
37 3
38 3
39 3
40 3
41 3
42 3
43 3
44 3
45 3
46 3
47 3
48 3
49 3
50 3
51 3
52 3
53 3
54 3
55 3
56 3
57 3
58 3
59 3
60 3
61 3
62 3
63 3
64 3
65 3
66 0;
param q := 
1 0
2 1
3 1
4 1
5 1
6 1
7 1
8 1
9 1
10 1
11 1
12 1
13 1
14 1
15 1
16 1
17 1
18 1
19 1
20 1
21 1
22 1
23 1
24 1
25 1
26 1
27 1
28 1
29 1
30 1
31 1
32 1
33 1
34 -1
35 -1
36 -1
37 -1
38 -1
39 -1
40 -1
41 -1
42 -1
43 -1
44 -1
45 -1
46 -1
47 -1
48 -1
49 -1
50 -1
51 -1
52 -1
53 -1
54 -1
55 -1
56 -1
57 -1
58 -1
59 -1
60 -1
61 -1
62 -1
63 -1
64 -1
65 -1
66 0;
param e := 
1 0
2 0
3 0
4 0
5 0
6 0
7 0
8 0
9 0
10 0
11 0
12 0
13 0
14 0
15 0
16 0
17 0
18 213
19 107
20 318
21 384
22 158
23 60
24 260
25 288
26 405
27 42
28 174
29 211
30 146
31 312
32 169
33 162
34 387
35 68
36 304
37 179
38 45
39 158
40 162
41 260
42 241
43 362
44 221
45 426
46 96
47 214
48 268
49 232
50 0
51 0
52 0
53 0
54 0
55 0
56 0
57 0
58 0
59 0
60 0
61 0
62 0
63 0
64 0
65 0
66 0;
param l := 
1 480
2 1440
3 1440
4 1440
5 1440
6 1440
7 1440
8 1440
9 1440
10 1440
11 1440
12 1440
13 1440
14 1440
15 1440
16 1440
17 1440
18 228
19 122
20 333
21 399
22 173
23 75
24 275
25 303
26 420
27 57
28 189
29 226
30 161
31 327
32 184
33 177
34 402
35 83
36 319
37 194
38 60
39 173
40 177
41 275
42 256
43 377
44 236
45 441
46 111
47 229
48 283
49 247
50 1440
51 1440
52 1440
53 1440
54 1440
55 1440
56 1440
57 1440
58 1440
59 1440
60 1440
61 1440
62 1440
63 1440
64 1440
65 1440
66 480;

