param n := 60;
param m := 6;
param L := 30;
param Q := 3;
param T := 600;
param t :
    1   2   3   4   5   6   7   8   9  10  11  12  13  14  15  16  17  18  19  20  21  22  23  24  25  26  27  28  29  30  31  32  33  34  35  36  37  38  39  40  41  42  43  44  45  46  47  48  49  50  51  52  53  54  55  56  57  58  59  60  61  62  63  64  65  66  67  68  69  70  71  72  73  74  75  76  77  78  79  80  81  82  83  84  85  86  87  88  89  90  91  92  93  94  95  96  97  98  99 100 101 102 103 104 105 106 107 108 109 110 111 112 113 114 115 116 117 118 119 120 121 122 :=
1 0.000 8.629 6.881 9.990 5.326 7.983 10.521 8.818 6.076 9.748 5.270 9.981 8.044 8.614 5.244 9.990 8.971 11.504 5.972 4.926 8.448 11.956 4.273 8.302 8.800 9.500 9.404 10.063 11.926 5.812 12.964 9.469 6.792 11.057 9.899 5.004 13.358 5.538 4.822 7.688 5.579 10.047 6.901 10.293 4.228 3.936 8.787 5.222 12.137 11.379 8.107 6.171 2.736 11.271 7.260 7.676 5.532 9.709 7.236 8.122 8.634 7.500 3.063 9.057 2.668 5.645 9.291 9.539 6.321 7.257 9.761 10.898 9.240 6.996 9.677 11.724 4.482 10.194 7.529 6.950 12.855 11.644 12.718 6.967 5.188 9.288 9.318 12.232 2.334 6.817 9.385 7.486 5.514 5.839 7.105 8.808 11.972 10.213 8.340 8.099 6.636 7.035 7.453 4.375 9.836 10.148 5.226 1.848 10.552 8.959 9.882 7.533 11.398 4.599 7.044 7.509 10.571 7.862 10.191 4.789 6.756 0.000 
2 8.629 0.000 14.982 18.436 3.350 16.387 18.319 6.152 10.108 18.328 13.643 13.719 11.700 11.504 13.771 8.850 0.941 18.866 14.029 5.478 10.377 19.767 9.620 13.479 6.661 17.877 16.074 7.457 19.288 12.816 9.610 2.134 10.317 16.752 17.392 12.069 20.832 7.739 12.735 16.111 9.496 17.315 7.407 9.728 8.635 11.380 17.352 5.585 19.293 7.875 7.484 3.002 6.094 17.489 15.886 14.524 13.941 1.276 7.287 6.198 17.241 11.312 5.681 16.719 11.268 12.389 9.744 18.160 7.378 4.821 17.173 5.874 1.304 10.799 15.557 19.358 12.125 8.866 10.966 5.773 20.676 8.938 10.330 15.555 4.802 17.185 16.080 19.196 8.557 3.668 16.160 1.145 5.761 14.308 12.099 13.618 19.695 18.515 8.315 14.139 15.041 6.761 3.417 12.987 7.582 17.897 13.096 10.349 16.611 9.843 13.775 13.293 17.973 4.074 9.762 16.133 17.731 2.362 18.322 11.680 1.991 8.629 
3 6.881 14.982 0.000 3.714 11.655 1.826 3.685 12.794 11.511 4.220 1.792 8.270 13.011 8.576 4.837 16.453 15.094 4.934 6.753 11.792 14.193 5.093 6.014 5.875 15.554 7.243 11.074 13.458 5.326 8.712 15.889 16.160 12.243 13.435 10.008 8.357 6.616 11.956 2.250 1.711 7.141 10.534 13.443 16.577 7.007 3.666 3.341 10.037 5.703 14.840 14.694 12.115 8.930 12.972 3.431 3.122 5.473 16.180 10.493 14.906 5.079 7.321 9.846 2.431 5.126 3.539 10.974 4.606 12.852 11.982 10.079 17.776 15.810 12.219 5.477 4.941 2.913 12.726 7.722 13.760 5.983 18.277 15.077 4.571 10.528 8.703 3.973 5.976 6.440 12.195 10.906 13.888 10.102 1.758 5.886 6.515 5.138 3.568 10.919 4.587 1.246 13.712 14.307 3.390 16.523 9.619 1.914 5.978 12.649 14.999 8.053 4.889 5.708 10.953 8.334 4.123 4.324 13.587 3.353 8.521 12.997 6.881 
4 9.990 18.436 3.714 0.000 15.087 2.054 3.241 16.508 13.435 1.350 4.793 11.339 14.547 12.029 6.080 18.769 18.619 4.917 7.545 14.716 16.087 3.742 9.725 9.043 18.201 5.926 11.145 17.157 5.089 9.900 19.536 19.449 14.108 13.557 9.422 9.846 5.570 14.415 5.868 2.326 10.842 10.057 15.930 18.738 10.710 7.319 1.577 13.693 5.742 18.535 17.176 15.653 12.342 12.785 3.414 6.161 6.476 19.594 14.205 17.610 3.786 10.841 13.049 3.743 7.675 7.199 14.573 2.217 15.353 15.669 9.596 20.676 19.175 13.964 7.946 4.194 6.578 16.376 11.270 16.530 4.273 20.720 18.674 4.651 14.138 8.019 6.109 6.276 9.996 15.826 10.928 17.317 13.777 4.154 9.363 9.623 4.031 0.969 14.600 7.632 3.395 16.314 17.411 5.730 19.066 8.744 5.584 8.649 12.715 17.042 11.108 8.174 6.883 14.368 11.979 3.768 5.224 17.183 1.840 10.136 16.472 9.990 
5 5.326 3.350 11.655 15.087 0.000 13.039 15.048 5.540 8.056 14.984 10.294 11.313 9.935 9.222 10.533 8.740 3.647 15.678 10.963 3.591 9.132 16.501 6.541 10.671 6.715 14.717 13.497 7.028 16.103 10.040 9.781 4.654 8.466 14.522 14.558 9.247 17.634 5.956 9.413 12.762 6.723 14.559 6.294 9.456 5.633 8.086 14.006 3.067 16.151 7.980 6.926 1.224 2.745 15.097 12.563 11.383 10.752 4.525 5.502 6.037 13.960 8.739 2.572 13.461 7.987 9.216 8.173 14.831 6.003 3.686 14.365 7.389 4.184 8.902 12.645 16.121 8.823 7.974 8.473 5.069 17.411 9.573 10.074 12.287 2.216 14.207 12.982 16.094 5.262 2.511 13.550 2.234 3.393 10.959 9.270 10.909 16.444 15.176 6.756 11.152 11.693 5.868 3.698 9.658 7.845 14.978 9.781 7.100 14.253 8.962 11.326 10.341 14.944 0.730 7.369 12.833 14.574 2.817 15.002 8.888 1.431 5.326 
6 7.983 16.387 1.826 2.054 13.039 0.000 3.502 14.543 11.833 2.394 2.747 9.975 13.117 10.388 4.605 17.042 16.565 5.124 6.343 12.773 14.515 4.627 7.748 7.598 16.354 5.883 10.392 15.248 5.434 8.571 17.706 17.425 12.535 12.805 9.010 8.382 6.396 12.619 3.844 0.307 8.936 9.592 14.130 17.070 8.714 5.296 1.548 11.658 5.972 16.635 15.383 13.599 10.294 12.192 2.319 4.750 5.131 17.549 12.263 15.742 3.618 9.141 11.033 3.027 5.783 5.362 12.799 2.831 13.546 13.650 9.127 18.752 17.137 12.440 6.912 4.762 4.567 14.544 9.546 14.638 5.405 18.951 16.903 3.660 12.090 7.635 5.199 6.389 7.944 13.781 10.198 15.269 11.751 2.152 7.697 8.223 4.797 2.266 12.726 6.250 1.352 14.476 15.426 3.839 17.257 8.492 3.587 6.738 11.984 15.414 9.752 6.643 6.540 12.320 10.155 2.947 4.937 15.132 2.510 8.624 14.420 7.983 
7 10.521 18.319 3.685 3.241 15.048 3.502 0.000 15.345 15.106 4.563 5.453 8.880 16.506 10.026 8.056 20.129 18.338 1.706 9.839 15.445 17.795 1.454 8.877 6.832 19.235 9.015 13.867 15.738 1.956 12.029 17.813 19.637 15.828 16.284 12.369 11.786 2.967 15.637 5.735 3.756 9.619 12.976 17.127 20.235 9.910 6.967 4.386 13.074 2.555 17.056 18.377 15.373 12.380 15.631 5.790 4.237 8.611 19.551 12.989 18.583 6.770 9.021 13.420 1.617 8.788 6.060 12.795 5.395 16.536 14.851 12.510 21.417 19.231 15.772 5.239 1.289 6.243 14.714 9.487 17.433 2.364 21.961 16.803 7.139 13.678 10.972 3.441 3.055 9.786 15.267 13.667 17.262 13.068 5.205 7.557 7.301 1.455 2.293 13.114 5.441 4.401 17.396 17.894 6.960 20.208 11.771 5.340 9.659 15.458 18.634 8.646 6.192 3.696 14.372 10.429 6.367 2.082 16.722 1.401 11.997 16.329 10.521 
8 8.818 6.152 12.794 16.508 5.540 14.543 15.345 0.000 13.343 16.854 12.095 8.515 15.307 6.310 13.701 14.158 5.434 15.372 14.751 9.110 14.653 16.684 6.795 9.112 12.039 17.980 18.111 1.488 15.756 14.514 4.323 8.285 13.837 19.494 18.717 13.692 17.293 11.421 10.727 14.338 5.742 18.860 11.834 14.923 5.855 9.295 15.881 3.611 15.568 2.597 12.417 4.416 6.386 19.890 14.943 11.129 14.132 7.215 2.356 11.410 16.625 6.683 7.441 13.759 11.178 9.401 3.868 16.986 11.536 1.865 18.579 11.943 7.452 14.240 11.279 16.101 9.991 2.714 6.228 10.547 17.537 14.718 4.537 15.148 3.908 18.058 12.368 15.311 7.162 3.071 18.116 5.943 3.305 12.862 7.957 9.002 16.513 16.267 2.635 10.206 13.356 11.391 8.741 12.210 13.120 18.942 10.957 10.594 19.105 14.501 8.637 9.346 13.893 5.762 5.065 15.418 14.157 3.823 15.798 13.408 5.221 8.818 
9 6.076 10.108 11.511 13.435 8.056 11.833 15.106 13.343 0.000 12.627 9.722 16.057 2.031 14.620 7.357 5.505 10.894 16.444 6.233 4.672 2.689 16.404 10.339 14.320 5.700 9.948 6.260 14.789 16.837 3.974 17.665 9.591 0.747 6.644 8.075 3.690 18.073 2.395 10.053 11.533 11.565 7.800 3.380 5.334 10.166 9.674 11.899 9.959 17.198 15.901 4.364 9.280 7.218 7.435 10.043 13.265 7.024 10.590 12.467 5.400 10.488 13.556 5.913 13.934 6.436 11.467 14.890 12.033 3.041 11.499 7.800 8.666 9.906 0.943 15.498 16.392 10.005 15.373 13.556 4.862 17.224 7.554 17.747 8.976 9.457 8.394 14.819 17.422 8.356 10.503 6.401 9.176 10.334 9.902 13.169 14.852 16.523 14.021 13.714 13.957 10.717 4.056 7.057 8.149 6.184 8.812 10.425 5.760 6.545 3.609 15.958 13.487 16.860 7.643 12.946 9.846 15.737 10.781 14.337 3.341 9.089 6.076 
10 9.748 18.328 4.220 1.350 14.984 2.394 4.563 16.854 12.627 0.000 4.821 12.271 13.607 12.772 5.312 18.045 18.577 6.253 6.556 14.294 15.239 5.080 10.066 9.919 17.616 4.593 9.920 17.603 6.435 8.940 20.090 19.205 13.272 12.319 8.123 8.972 6.899 13.788 6.128 2.544 11.301 8.765 15.296 17.957 11.004 7.564 0.990 13.852 7.084 18.993 16.530 15.643 12.252 11.509 2.645 7.040 5.604 19.444 14.600 17.054 2.530 11.533 12.804 4.863 7.258 7.754 15.193 0.875 14.731 15.882 8.308 20.194 18.987 13.092 9.022 5.544 6.863 16.929 11.939 16.014 5.564 20.032 19.296 3.673 14.223 6.724 7.214 7.611 10.069 15.929 9.697 17.193 13.971 4.083 10.082 10.528 5.376 2.318 15.100 8.539 3.500 15.724 17.063 5.379 18.429 7.422 5.915 8.239 11.476 16.234 12.043 8.991 8.155 14.256 12.544 2.787 6.491 17.230 3.170 9.293 16.394 9.748 
11 5.270 13.643 1.792 4.793 10.294 2.747 5.453 12.095 9.722 4.821 0.000 8.886 11.247 8.737 3.340 14.676 13.835 6.723 5.267 10.127 12.403 6.832 5.362 6.524 13.824 6.595 9.664 12.928 7.117 7.045 15.536 14.685 10.455 11.966 8.869 6.635 8.400 10.187 1.515 2.468 6.721 9.333 11.681 14.789 6.243 2.822 3.833 9.031 7.481 14.325 12.933 10.876 7.549 11.607 2.963 4.204 4.005 14.803 9.894 13.187 4.731 7.419 8.304 4.213 3.338 3.601 10.803 4.891 11.091 11.066 8.896 16.117 14.391 10.439 6.668 6.721 2.214 12.399 7.750 12.055 7.706 16.516 14.857 3.662 9.411 7.664 5.441 7.730 5.256 11.114 9.517 12.524 9.154 0.769 6.141 7.182 6.900 4.946 10.513 5.464 1.398 11.969 12.723 1.646 14.775 8.614 1.521 4.211 11.209 13.207 8.690 5.492 7.339 9.575 8.109 3.563 6.058 12.434 4.945 6.776 11.680 5.270 
12 9.981 13.719 8.270 11.339 11.313 9.975 8.880 8.515 16.057 12.271 8.886 0.000 18.016 2.244 12.027 19.330 13.302 8.169 13.832 13.715 18.353 9.853 5.735 2.399 17.633 15.404 18.175 8.228 8.453 14.968 9.527 15.655 16.770 20.286 17.693 14.298 9.817 15.220 7.490 9.940 4.760 18.111 16.339 19.825 6.132 6.907 11.521 8.302 8.041 9.279 17.383 10.897 9.704 20.149 11.608 5.233 12.677 14.968 6.541 16.914 13.326 2.637 11.282 7.672 10.552 5.362 4.862 12.806 15.821 9.027 17.693 18.702 14.956 16.976 3.689 9.117 7.016 6.780 2.843 15.765 10.528 20.593 8.330 12.531 9.162 16.537 5.440 7.616 7.740 10.057 18.067 13.007 8.041 9.483 2.982 1.756 9.573 10.679 5.880 3.732 9.417 16.235 14.984 10.113 18.774 17.490 7.373 10.723 19.617 18.726 0.234 3.415 6.115 10.939 3.977 12.283 7.039 11.480 9.903 14.243 12.017 9.981 
13 8.044 11.700 13.011 14.547 9.935 13.117 16.506 15.307 2.031 13.607 11.247 18.016 0.000 16.625 8.524 5.433 12.538 17.930 7.053 6.424 2.082 17.738 12.317 16.214 6.367 10.350 5.680 16.764 18.308 4.667 19.623 10.912 1.472 5.338 7.835 4.735 19.466 4.026 11.747 12.827 13.571 7.415 4.435 4.934 12.177 11.501 12.977 11.966 18.713 17.848 4.998 11.157 9.242 6.352 11.134 14.997 8.073 12.036 14.487 6.286 11.287 15.541 7.904 15.442 8.082 13.295 16.920 12.928 4.337 13.453 7.536 9.328 11.337 1.090 17.294 17.794 11.771 17.383 15.554 6.095 18.519 7.456 19.740 9.939 11.440 8.479 16.504 18.977 10.348 12.415 5.877 10.851 12.344 11.327 15.101 16.764 17.886 15.219 15.738 15.778 12.107 5.145 8.454 9.621 6.500 8.684 12.100 7.528 5.472 3.230 17.910 15.351 18.512 9.571 14.966 10.830 17.304 12.590 15.625 4.508 10.871 8.044 
14 8.614 11.504 8.576 12.029 9.222 10.388 10.026 6.310 14.620 12.772 8.737 2.244 16.625 0.000 11.556 17.482 11.068 9.636 13.216 11.857 16.764 11.184 4.390 3.215 15.693 15.326 17.417 6.152 9.974 14.025 7.827 13.467 15.305 19.383 17.217 13.294 11.441 13.544 7.233 10.287 3.056 17.568 14.560 18.030 4.462 6.264 11.918 6.171 9.664 7.311 15.543 8.727 7.873 19.379 11.649 5.922 12.171 12.746 4.297 14.979 13.418 1.324 9.458 8.607 9.694 5.163 2.870 13.180 14.071 6.787 17.178 16.603 12.752 15.557 5.230 10.502 6.607 4.838 1.105 13.856 11.949 18.640 6.777 12.374 7.034 16.174 6.680 9.318 6.285 7.837 17.336 10.824 5.885 9.434 2.691 2.882 10.947 11.512 3.685 4.586 9.567 14.396 12.915 9.670 16.838 17.129 7.238 9.669 18.773 17.041 2.340 3.886 7.838 8.904 1.863 12.285 8.437 9.247 10.837 13.180 9.844 8.614 
15 5.244 13.771 4.837 6.080 10.533 4.605 8.056 13.701 7.357 5.312 3.340 12.027 8.524 11.556 0.000 12.737 14.178 9.579 1.932 9.203 10.009 9.232 7.548 9.729 12.334 4.298 6.323 14.777 9.930 3.973 17.578 14.346 8.029 8.636 5.680 3.792 10.991 8.493 4.551 4.323 9.056 6.084 9.996 12.671 8.154 5.293 4.544 10.235 10.400 16.155 11.224 11.415 7.976 8.270 2.691 7.544 0.666 14.775 11.766 11.793 3.534 10.239 8.093 7.182 2.594 6.665 13.213 4.813 9.437 12.323 5.668 14.985 14.245 7.893 10.008 9.337 5.025 14.560 10.492 10.791 9.999 14.720 17.094 1.835 10.347 4.628 8.737 10.738 6.547 12.019 6.178 12.627 10.465 3.080 9.139 10.380 9.397 6.702 12.635 8.767 3.734 10.445 12.048 1.915 13.125 5.580 4.730 3.433 7.871 10.965 11.846 8.705 10.545 9.813 10.576 2.595 9.128 13.105 7.106 4.062 11.962 5.244 
16 9.990 8.850 16.453 18.769 8.740 17.042 20.129 14.158 5.505 18.045 14.676 19.330 5.433 17.482 12.737 0.000 9.791 21.314 11.734 5.626 3.351 21.496 13.743 18.061 2.191 15.427 11.112 15.631 21.725 9.466 18.184 7.263 4.988 10.547 13.226 9.185 23.068 4.510 14.669 16.736 14.574 12.834 3.090 0.925 13.202 13.924 17.269 11.644 22.005 16.383 1.948 9.757 9.631 11.669 15.425 17.663 12.466 8.630 14.199 2.753 15.977 16.696 8.049 18.809 11.345 15.622 16.862 17.489 3.669 12.363 12.932 4.389 7.972 5.330 19.624 21.394 14.434 16.698 16.553 3.689 22.353 2.063 18.670 14.428 10.863 13.749 19.299 22.149 11.796 11.093 11.306 8.459 12.010 14.992 16.740 18.481 21.575 19.282 15.471 18.040 15.830 3.095 5.534 13.233 1.435 14.046 15.068 10.476 10.817 2.208 19.287 17.406 21.379 8.787 15.636 15.283 20.470 10.606 19.507 8.819 8.974 9.990 
17 8.971 0.941 15.094 18.619 3.647 16.565 18.338 5.434 10.894 18.577 13.835 13.302 12.538 11.068 14.178 9.791 0.000 18.802 14.546 6.232 11.267 19.777 9.535 13.219 7.602 18.344 16.771 6.671 19.220 13.446 8.720 2.953 11.136 17.529 18.012 12.682 20.771 8.548 12.844 16.297 9.264 17.962 8.291 10.668 8.523 11.453 17.594 5.383 19.192 7.007 8.408 2.979 6.330 18.234 16.192 14.440 14.385 1.781 6.793 7.132 17.605 10.977 6.141 16.728 11.634 12.341 9.141 18.452 8.235 4.294 17.802 6.744 2.096 11.614 15.332 19.337 12.205 8.136 10.606 6.673 20.682 9.863 9.482 15.934 4.679 17.748 15.958 19.066 8.655 3.288 16.848 1.729 5.501 14.524 11.859 13.314 19.689 18.650 7.737 13.961 15.230 7.658 4.339 13.283 8.522 18.485 13.191 10.745 17.362 10.759 13.372 13.103 17.801 4.372 9.386 16.474 17.646 1.822 18.413 12.301 2.216 8.971 
18 11.504 18.866 4.934 4.917 15.678 5.124 1.706 15.372 16.444 6.253 6.723 8.169 17.930 9.636 9.579 21.314 18.802 0.000 11.412 16.416 19.125 1.787 9.267 6.434 20.294 10.721 15.515 15.605 0.427 13.538 17.460 20.318 17.177 17.929 14.060 13.244 1.969 16.805 6.688 5.353 9.760 14.663 18.270 21.473 10.282 7.722 6.090 13.449 0.854 16.867 19.512 15.879 13.099 17.301 7.437 4.368 10.162 20.122 13.031 19.624 8.473 8.800 14.268 2.514 10.040 6.477 12.486 7.094 17.679 15.082 14.196 22.335 19.853 17.152 4.491 1.013 7.062 14.445 9.273 18.454 2.360 23.087 16.366 8.782 14.124 12.666 3.010 1.359 10.465 15.631 15.320 17.852 13.395 6.607 7.423 6.780 1.456 3.954 12.988 5.181 5.858 18.491 18.729 8.316 21.305 13.472 6.283 10.850 17.107 19.917 7.941 6.029 2.317 15.035 10.336 8.035 1.216 17.115 3.084 13.429 16.889 11.504 
19 5.972 14.029 6.753 7.545 10.963 6.343 9.839 14.751 6.233 6.556 5.267 13.832 7.053 13.216 1.932 11.734 14.546 11.412 0.000 9.011 8.751 10.936 9.035 11.574 11.643 3.951 4.406 15.931 11.748 2.387 18.795 14.319 6.818 6.704 4.061 2.553 12.732 7.820 6.409 6.083 10.551 4.357 9.253 11.547 9.506 6.986 5.968 11.180 12.245 17.279 10.419 11.973 8.650 6.365 4.165 9.467 1.280 14.919 12.987 11.183 4.271 11.914 8.410 9.062 3.669 8.484 14.664 5.879 8.742 13.228 3.986 14.459 14.333 6.591 11.930 11.105 6.817 15.872 12.131 10.302 11.655 13.774 18.416 2.900 11.154 3.316 10.668 12.605 7.738 12.752 4.270 12.903 11.455 5.002 10.902 12.219 11.128 8.283 13.958 10.662 5.614 9.796 11.885 3.761 12.307 4.192 6.618 4.158 5.942 9.794 13.659 10.559 12.460 10.276 12.093 3.791 11.018 13.682 8.790 2.936 12.361 5.972 
20 4.926 5.478 11.792 14.716 3.591 12.773 15.445 9.110 4.672 14.294 10.127 13.715 6.424 11.857 9.203 5.626 6.232 16.416 9.011 0.000 5.544 16.877 8.199 12.541 4.006 12.957 10.613 10.595 16.839 7.478 13.371 5.334 4.976 11.298 12.042 6.788 18.281 2.401 9.744 12.470 8.956 11.918 2.798 6.193 7.598 8.750 13.385 6.152 17.029 11.571 3.686 4.792 4.011 12.013 11.680 12.453 9.204 6.104 8.745 3.294 12.733 11.079 2.439 13.981 7.052 10.322 11.373 13.940 2.433 7.246 11.807 5.990 5.457 5.438 14.225 16.650 9.363 11.439 10.929 2.106 17.773 6.952 13.632 11.038 5.443 11.975 14.107 17.096 6.323 6.101 10.708 4.508 6.530 10.623 11.190 12.927 16.897 15.032 10.029 12.646 11.449 2.540 2.875 8.988 5.117 12.614 10.148 6.073 11.136 5.445 13.677 11.955 16.176 3.385 10.015 11.759 15.453 6.166 15.071 6.381 4.448 4.926 
21 8.448 10.377 14.193 16.087 9.132 14.515 17.795 14.653 2.689 15.239 12.403 18.353 2.082 16.764 10.009 3.351 11.267 19.125 8.751 5.544 0.000 19.092 12.620 16.750 4.463 12.264 7.762 16.136 19.520 6.393 18.913 9.319 1.982 7.292 9.897 6.267 20.762 3.301 12.683 14.216 13.724 9.491 2.979 2.890 12.312 12.214 14.540 11.558 19.874 17.110 3.150 10.321 9.026 8.370 12.683 15.863 9.639 10.541 14.145 4.513 13.022 15.786 7.521 16.613 9.100 13.996 16.703 14.613 3.140 12.788 9.601 7.357 9.841 2.161 18.041 19.081 12.594 16.931 15.736 4.609 19.910 5.378 19.168 11.571 10.919 10.482 17.440 20.088 10.614 11.641 7.958 9.658 11.940 12.591 15.538 17.253 19.211 16.693 15.424 16.482 13.406 3.618 6.998 10.836 4.461 10.733 13.062 8.379 7.503 1.150 18.272 15.964 19.493 8.906 15.008 12.452 18.403 11.582 17.021 5.955 9.849 8.448 
22 11.956 19.767 5.093 3.742 16.501 4.627 1.454 16.684 16.404 5.080 6.832 9.853 17.738 11.184 9.232 21.496 19.777 1.787 10.936 16.877 19.092 0.000 10.295 7.969 20.644 9.667 14.797 17.022 1.697 13.195 19.004 21.091 17.118 17.216 13.150 13.005 1.838 17.016 7.184 4.912 10.981 13.779 18.512 21.579 11.327 8.420 5.171 14.497 2.365 18.319 19.765 16.816 13.834 16.489 6.797 5.556 9.748 21.001 14.330 19.998 7.507 10.252 14.869 3.050 10.151 7.473 13.999 5.954 17.922 16.246 13.316 22.854 20.684 17.041 6.164 0.774 7.697 15.940 10.723 18.853 0.911 23.348 17.951 8.134 15.113 11.747 4.506 2.960 11.239 16.690 14.587 18.713 14.481 6.519 8.816 8.377 0.360 2.803 14.396 6.628 5.691 18.796 19.343 8.283 21.606 12.485 6.790 11.043 16.380 19.957 9.622 7.429 4.104 15.826 11.717 7.303 2.815 18.151 2.147 13.238 17.778 11.956 
23 4.273 9.620 6.014 9.725 6.541 7.748 8.877 6.795 10.339 10.066 5.362 5.735 12.317 4.390 7.548 13.743 9.535 9.267 9.035 8.199 12.620 10.295 0.000 4.343 12.194 11.635 13.108 7.567 9.686 9.660 10.199 11.189 11.045 15.017 13.088 8.917 11.236 9.516 3.941 7.544 1.517 13.385 10.700 14.182 1.033 2.540 9.099 4.203 9.674 8.964 11.799 6.622 4.279 15.057 8.286 4.909 8.106 10.884 4.540 11.477 10.025 3.228 5.773 7.260 5.409 2.823 5.665 10.233 10.162 6.012 13.021 13.667 10.659 11.265 6.151 9.819 3.204 7.093 3.289 10.297 11.190 15.149 9.597 8.695 4.857 12.157 6.465 9.581 2.007 6.396 13.041 8.642 4.192 6.130 2.997 4.738 10.185 9.531 5.182 4.623 6.573 10.660 9.931 5.785 13.315 13.100 4.162 5.295 14.424 13.017 5.651 3.841 8.404 5.968 3.059 8.824 8.117 7.865 9.135 8.793 7.659 4.273 
24 8.302 13.479 5.875 9.043 10.671 7.598 6.832 9.112 14.320 9.919 6.524 2.399 16.214 3.215 9.729 18.061 13.219 6.434 11.574 12.541 16.750 7.969 4.343 0.000 16.537 13.011 15.953 9.209 6.783 12.863 11.040 15.242 15.052 18.125 15.370 12.238 8.276 13.758 5.178 7.553 3.988 15.806 14.999 18.470 5.075 4.801 9.145 7.895 6.513 10.444 16.122 10.511 8.609 17.925 9.210 2.887 10.387 14.754 6.841 15.820 10.927 2.431 10.116 5.472 8.458 3.103 6.052 10.429 14.449 9.135 15.380 17.946 14.629 15.211 2.172 7.288 4.778 8.011 2.894 14.640 8.737 19.492 9.985 10.152 8.704 14.187 3.465 6.215 6.266 9.934 15.834 12.618 7.728 7.099 1.401 0.658 7.732 8.442 6.617 1.422 7.018 14.987 14.200 7.825 17.657 15.137 5.026 8.756 17.429 17.234 2.187 1.032 4.781 10.172 4.056 9.887 5.229 11.426 7.716 12.222 11.615 8.302 
25 8.800 6.661 15.554 18.201 6.715 16.354 19.235 12.039 5.700 17.616 13.824 17.633 6.367 15.693 12.334 2.191 7.602 20.294 11.643 4.006 4.463 20.644 12.194 16.537 0.000 15.515 11.844 13.502 20.715 9.578 16.016 5.148 5.436 11.698 13.766 9.124 22.122 3.849 13.607 16.047 12.879 13.463 2.393 3.070 11.553 12.699 16.770 9.705 20.937 14.220 1.378 7.665 7.957 12.713 14.971 16.423 12.173 6.490 12.213 0.719 15.752 14.997 6.421 17.825 10.572 14.310 14.884 17.147 2.910 10.271 13.487 2.989 5.818 5.888 18.230 20.469 13.279 14.618 14.816 1.899 21.526 2.963 16.532 14.118 8.892 14.079 18.076 21.030 10.329 8.987 12.009 6.278 10.059 14.235 15.178 16.910 20.689 18.619 13.471 16.650 15.075 1.891 3.353 12.516 1.146 14.511 14.011 9.632 11.828 3.561 17.607 15.961 20.151 6.849 13.833 14.927 19.372 8.435 18.748 8.722 6.830 8.800 
26 9.500 17.877 7.243 5.926 14.717 5.883 9.015 17.980 9.948 4.593 6.595 15.404 10.350 15.326 4.298 15.427 18.344 10.721 3.951 12.957 12.264 9.667 11.635 13.011 15.515 0.000 5.653 19.021 10.946 5.975 21.783 18.251 10.441 7.955 3.601 6.395 11.491 11.726 8.093 5.780 13.107 4.259 13.123 15.137 12.337 9.198 4.637 14.532 11.570 20.406 14.250 15.653 12.236 7.027 3.818 10.362 3.973 18.810 15.992 15.084 2.276 14.006 12.209 8.899 6.883 10.194 17.260 3.718 12.634 16.620 3.822 18.373 18.239 10.131 12.697 10.094 8.737 18.718 14.322 14.236 10.149 17.487 21.232 2.962 14.639 2.252 11.058 12.062 10.818 16.303 5.412 16.740 14.759 5.935 12.733 13.666 9.955 6.878 16.797 11.802 6.025 13.694 15.831 5.855 16.114 2.838 8.110 7.659 7.115 13.371 15.197 11.989 12.393 14.009 14.578 3.130 10.756 17.354 7.671 6.802 16.137 9.500 
27 9.404 16.074 11.074 11.145 13.497 10.392 13.867 18.111 6.260 9.920 9.664 18.175 5.680 17.417 6.323 11.112 16.771 15.515 4.406 10.613 7.762 14.797 13.108 15.953 11.844 5.653 0.000 19.423 15.816 3.602 22.338 15.790 6.410 2.420 2.326 4.422 16.631 8.596 10.805 10.172 14.602 1.784 9.618 10.595 13.420 11.281 9.632 14.504 16.364 20.701 10.470 14.659 11.739 1.974 8.079 13.867 5.659 16.700 16.640 11.622 7.390 16.140 10.984 13.287 7.723 12.854 18.596 9.085 9.302 16.412 2.027 14.833 16.034 5.957 16.331 15.081 11.180 19.597 16.317 11.119 15.411 13.134 22.123 6.733 14.276 3.422 15.027 16.772 11.541 15.684 0.245 15.044 14.831 9.348 15.218 16.593 15.035 12.018 17.730 15.066 9.881 10.308 13.244 8.163 12.125 3.246 11.022 7.866 1.592 8.910 18.009 14.945 16.752 12.916 16.144 7.509 15.247 16.314 12.673 4.706 14.752 9.404 
28 10.063 7.457 13.458 17.157 7.028 15.248 15.738 1.488 14.789 17.603 12.928 8.228 16.764 6.152 14.777 15.631 6.671 15.605 15.931 10.595 16.136 17.022 7.567 9.209 13.502 19.021 19.423 0.000 15.970 15.821 2.919 9.587 15.296 20.870 19.936 15.001 17.480 12.898 11.498 15.064 6.317 20.107 13.322 16.403 6.723 10.106 16.647 4.938 15.722 1.398 13.900 5.900 7.749 21.231 15.836 11.502 15.243 8.438 3.044 12.881 17.554 6.805 8.879 14.190 12.309 9.969 3.368 17.797 13.022 3.349 19.811 13.303 8.739 15.693 11.331 16.396 10.761 1.632 6.333 12.030 17.845 16.150 3.050 16.139 5.335 19.220 12.597 15.415 8.238 4.554 19.418 7.350 4.597 13.697 8.207 8.994 16.824 16.840 2.626 10.428 14.125 12.878 10.189 13.195 14.575 20.120 11.688 11.790 20.459 15.989 8.382 9.599 13.954 7.238 5.309 16.348 14.389 5.191 16.308 14.732 6.674 10.063 
29 11.926 19.288 5.326 5.089 16.103 5.434 1.956 15.756 16.837 6.435 7.117 8.453 18.308 9.974 9.930 21.725 19.220 0.427 11.748 16.839 19.520 1.697 9.686 6.783 20.715 10.946 15.816 15.970 0.000 13.895 17.792 20.744 17.568 18.232 14.322 13.613 1.555 17.217 7.108 5.674 10.162 14.931 18.685 21.879 10.699 8.149 6.330 13.864 0.682 17.224 19.927 16.299 13.525 17.586 7.737 4.783 10.505 20.544 13.420 20.045 8.713 9.165 14.695 2.918 10.441 6.900 12.831 7.289 18.093 15.486 14.465 22.760 20.278 17.538 4.794 0.965 7.488 14.793 9.637 18.876 2.119 23.503 16.685 9.085 14.542 12.925 3.389 1.270 10.892 16.045 15.618 18.276 13.807 6.982 7.802 7.106 1.340 4.120 13.357 5.556 6.220 18.909 19.156 8.701 21.723 13.717 6.704 11.258 17.408 20.318 8.227 6.410 2.476 15.461 10.713 8.321 1.602 17.530 3.279 13.804 17.311 11.926 
30 5.812 12.816 8.712 9.900 10.040 8.571 12.029 14.514 3.974 8.940 7.045 14.968 4.667 14.025 3.973 9.466 13.446 13.538 2.387 7.478 6.393 13.195 9.660 12.863 9.578 5.975 3.602 15.821 13.895 0.000 18.736 12.797 4.496 5.359 4.577 0.822 14.962 5.866 7.886 8.293 11.127 4.522 7.193 9.223 9.894 8.078 8.326 10.906 14.352 17.102 8.289 11.169 8.152 5.463 6.495 11.115 3.453 13.563 13.046 9.187 6.642 12.782 7.488 11.108 4.417 9.775 15.052 8.266 6.736 12.830 4.357 12.484 12.929 4.233 13.540 13.310 8.117 16.007 12.920 8.430 13.945 11.522 18.528 5.275 10.696 4.560 12.474 14.670 7.997 12.141 3.602 11.738 11.230 6.965 11.986 13.479 13.366 10.604 14.149 12.143 7.681 7.799 10.279 5.407 10.143 5.140 8.176 4.367 4.775 7.461 14.819 11.894 14.380 9.424 12.658 6.166 13.034 12.850 11.060 1.153 11.352 5.812 
31 12.964 9.610 15.889 19.536 9.781 17.706 17.813 4.323 17.665 20.090 15.536 9.527 19.623 7.827 17.578 18.184 8.720 17.460 18.795 13.371 18.913 19.004 10.199 11.040 16.016 21.783 22.338 2.919 17.792 18.736 0.000 11.665 18.153 23.787 22.817 17.916 19.240 15.713 14.062 17.547 8.821 23.000 16.044 18.994 9.446 12.726 19.159 7.857 17.459 1.809 16.534 8.599 10.666 24.149 18.480 13.624 18.066 10.375 5.817 15.435 20.224 8.801 11.764 16.336 15.152 12.352 5.019 20.351 15.781 6.170 22.697 15.464 10.809 18.559 13.018 18.328 13.334 3.163 8.341 14.669 19.776 18.518 1.366 18.869 8.227 22.069 14.504 17.081 11.070 7.271 22.331 9.749 7.516 16.299 10.282 10.686 18.772 19.132 5.023 12.384 16.659 15.559 12.666 15.933 17.044 22.978 14.212 14.669 23.378 18.701 9.726 11.623 15.585 10.062 7.559 19.024 16.264 7.582 18.527 17.650 9.226 12.964 
32 9.469 2.134 16.160 19.449 4.654 17.425 19.637 8.285 9.591 19.205 14.685 15.655 10.912 13.467 14.346 7.263 2.953 20.318 14.319 5.334 9.319 21.091 11.189 15.242 5.148 18.251 15.790 9.587 20.744 12.797 11.665 0.000 9.648 16.163 17.341 12.120 22.269 7.206 13.945 17.135 11.259 17.185 6.480 8.178 10.259 12.673 18.251 7.392 20.801 9.960 6.224 4.766 7.257 17.020 16.664 16.035 14.420 1.394 9.321 4.854 17.874 13.176 6.406 18.065 11.983 13.865 11.835 18.948 6.617 6.898 17.098 3.804 0.857 10.139 17.261 20.736 13.395 10.999 12.858 4.818 22.002 7.039 12.434 16.172 6.553 17.307 17.636 20.747 9.867 5.683 15.906 2.649 7.622 15.295 13.846 15.432 21.048 19.622 10.397 15.789 16.073 5.774 2.545 13.826 5.893 17.936 14.326 11.017 16.128 8.603 15.696 14.966 19.592 5.283 11.679 16.830 19.222 4.480 19.513 11.711 3.647 9.469 
33 6.792 10.317 12.243 14.108 8.466 12.535 15.828 13.837 0.747 13.272 10.455 16.770 1.472 15.305 8.029 4.988 11.136 17.177 6.818 4.976 1.982 17.118 11.045 15.052 5.436 10.441 6.410 15.296 17.568 4.496 18.153 9.648 0.000 6.515 8.360 4.304 18.796 2.592 10.799 12.236 12.249 8.033 3.248 4.731 10.845 10.418 12.563 10.514 17.934 16.376 4.066 9.689 7.811 7.405 10.706 14.012 7.669 10.716 13.047 5.224 11.087 14.256 6.445 14.668 7.178 12.210 15.506 12.658 3.031 11.983 8.075 8.425 10.022 0.491 16.242 17.115 10.752 15.931 14.246 4.847 17.932 7.051 18.277 9.609 9.975 8.785 15.565 18.161 9.055 10.944 6.573 9.436 10.892 10.623 13.892 15.581 17.240 14.711 14.304 14.700 11.434 3.956 7.145 8.874 5.797 9.138 11.170 6.507 6.512 2.976 16.674 14.225 17.605 8.099 13.613 10.486 16.478 11.136 15.042 3.980 9.423 6.792 
34 11.057 16.752 13.435 13.557 14.522 12.805 16.284 19.494 6.644 12.319 11.966 20.286 5.338 19.383 8.636 10.547 17.529 17.929 6.704 11.298 7.292 17.216 15.017 18.125 11.698 7.955 2.420 20.870 18.232 5.359 23.787 16.163 6.515 0.000 4.411 6.106 19.051 9.028 13.029 12.581 16.475 3.757 9.726 9.874 15.218 13.380 12.049 15.932 18.777 22.089 10.333 15.729 13.121 1.259 10.496 16.158 7.979 17.216 18.225 11.622 9.791 18.138 12.138 15.681 9.742 15.022 20.345 11.476 9.546 17.719 4.154 14.640 16.526 6.024 18.618 17.501 13.349 21.194 18.279 11.357 17.825 12.448 23.684 9.147 15.596 5.703 17.369 19.179 13.312 16.863 2.630 15.805 16.281 11.695 17.309 18.754 17.455 14.435 19.377 17.306 12.259 10.439 13.655 10.415 11.749 5.304 13.272 9.722 0.845 8.371 20.130 17.132 19.130 14.018 18.001 9.929 17.642 17.311 15.093 6.274 15.659 11.057 
35 9.899 17.392 10.008 9.422 14.558 9.010 12.369 18.717 8.075 8.123 8.869 17.693 7.835 17.217 5.680 13.226 18.012 14.060 4.061 12.042 9.897 13.150 13.088 15.370 13.766 3.601 2.326 19.936 14.322 4.577 22.817 17.341 8.360 4.411 0.000 5.330 14.985 10.271 10.204 8.837 14.605 0.661 11.451 12.769 13.567 10.957 8.006 15.120 14.914 21.270 12.411 15.654 12.478 3.428 6.715 13.005 5.049 18.136 17.021 13.472 5.643 15.904 11.990 12.013 7.728 12.334 18.724 7.255 11.068 17.129 0.303 16.740 17.497 7.946 15.446 13.518 10.704 19.922 16.142 12.842 13.684 15.272 22.466 5.447 15.019 1.403 13.972 15.369 11.783 16.550 2.086 16.309 15.413 8.397 14.819 16.025 13.419 10.348 18.011 14.329 8.767 12.112 14.810 7.592 14.150 0.924 10.345 8.148 3.589 11.046 17.508 14.340 15.529 13.917 16.144 6.063 13.945 17.350 11.084 5.713 15.897 9.899 
36 5.004 12.069 8.357 9.846 9.247 8.382 11.786 13.692 3.690 8.972 6.635 14.298 4.735 13.294 3.792 9.185 12.682 13.244 2.553 6.788 6.267 13.005 8.917 12.238 9.124 6.395 4.422 15.001 13.613 0.822 17.916 12.120 4.304 6.106 5.330 0.000 14.741 5.335 7.355 8.093 10.369 5.313 6.732 9.018 9.117 7.439 8.287 10.084 14.042 16.281 7.879 10.366 7.330 6.267 6.433 10.610 3.377 12.847 12.233 8.690 6.798 12.065 6.687 10.778 3.782 9.169 14.263 8.354 6.239 12.008 5.124 11.981 12.222 4.124 13.007 13.074 7.531 15.196 12.189 7.868 13.784 11.222 17.715 5.305 9.874 5.189 12.021 14.333 7.214 11.326 4.424 10.981 10.409 6.638 11.316 12.844 13.157 10.493 13.344 11.575 7.397 7.300 9.621 4.990 9.761 5.838 7.667 3.625 5.557 7.276 14.156 11.286 13.968 8.622 11.895 6.185 12.677 12.051 10.890 0.414 10.571 5.004 
37 13.358 20.832 6.616 5.570 17.634 6.396 2.967 17.293 18.073 6.899 8.400 9.817 19.466 11.441 10.991 23.068 20.771 1.969 12.732 18.281 20.762 1.838 11.236 8.276 22.122 11.491 16.631 17.480 1.555 14.962 19.240 22.269 18.796 19.051 14.985 14.741 0.000 18.568 8.537 6.670 11.715 15.616 20.050 23.189 12.251 9.640 7.008 15.418 1.782 18.719 21.298 17.846 15.037 18.327 8.612 6.336 11.527 22.085 14.961 21.461 9.343 10.678 16.175 4.301 11.738 8.442 14.307 7.774 19.458 17.040 15.153 24.225 21.812 18.739 6.222 1.681 8.960 16.273 11.149 20.299 1.474 24.879 18.107 9.954 16.093 13.582 4.929 2.225 12.407 17.599 16.422 19.814 15.362 8.172 9.336 8.562 1.605 4.639 14.874 7.087 7.367 20.299 20.644 9.926 23.113 14.314 8.134 12.592 18.215 21.596 9.598 7.948 3.710 16.985 12.242 9.132 3.154 19.084 3.965 14.958 18.853 13.358 
38 5.538 7.739 11.956 14.415 5.956 12.619 15.637 11.421 2.395 13.788 10.187 15.220 4.026 13.544 8.493 4.510 8.548 16.805 7.820 2.401 3.301 17.016 9.516 13.758 3.849 11.726 8.596 12.898 17.217 5.866 15.713 7.206 2.592 9.028 10.271 5.335 18.568 0.000 10.161 12.311 10.528 10.056 1.514 4.756 9.119 9.454 12.959 8.260 17.495 13.921 2.765 7.170 5.742 9.829 11.145 13.186 8.324 8.196 10.845 3.363 11.903 12.619 4.221 14.302 6.870 11.183 13.403 13.304 0.944 9.557 10.011 6.647 7.511 3.066 15.213 16.896 9.940 13.646 12.540 2.574 17.882 6.337 15.915 10.270 7.637 10.421 14.813 17.642 7.520 8.458 8.722 6.845 8.642 10.534 12.487 14.221 17.086 14.875 12.123 13.632 11.375 1.977 4.666 8.786 4.651 10.943 10.559 5.978 8.940 3.507 15.152 13.041 16.892 5.660 11.761 11.084 15.961 8.567 15.057 4.926 6.846 5.538 
39 4.822 12.735 2.250 5.868 9.413 3.844 5.735 10.727 10.053 6.128 1.515 7.490 11.747 7.233 4.551 14.669 12.844 6.688 6.409 9.744 12.683 7.184 3.941 5.178 13.607 8.093 10.805 11.498 7.108 7.886 14.062 13.945 10.799 13.029 10.204 7.355 8.537 10.161 0.000 3.621 5.241 10.630 11.607 14.876 4.880 1.452 5.158 7.826 7.344 12.893 12.841 9.866 6.698 12.771 4.473 3.263 5.210 13.937 8.480 12.937 6.244 5.913 7.685 4.237 3.667 2.140 9.296 6.302 11.017 9.806 10.208 15.696 13.578 10.850 5.656 6.912 0.737 10.917 6.238 11.769 8.091 16.410 13.359 5.144 8.291 9.056 4.767 7.481 4.190 9.968 10.677 11.645 7.910 2.254 4.669 5.829 7.176 5.811 9.044 4.278 2.632 11.808 12.159 2.650 14.621 10.011 0.404 4.304 12.307 13.387 7.304 4.155 6.810 8.716 6.603 5.078 5.800 11.347 5.589 7.419 10.749 4.822 
40 7.688 16.111 1.711 2.326 12.762 0.307 3.756 14.338 11.533 2.544 2.468 9.940 12.827 10.287 4.323 16.736 16.297 5.353 6.083 12.470 14.216 4.912 7.544 7.553 16.047 5.780 10.172 15.064 5.674 8.293 17.547 17.135 12.236 12.581 8.837 8.093 6.670 12.311 3.621 0.000 8.759 9.410 13.823 16.766 8.499 5.070 1.632 11.418 6.198 16.454 15.076 13.334 10.017 11.988 2.124 4.733 4.860 17.269 12.069 15.435 3.534 9.028 10.741 3.178 5.476 5.220 12.659 2.896 13.239 13.420 8.946 18.448 16.853 12.144 6.955 5.026 4.350 14.386 9.425 14.332 5.700 18.644 16.761 3.448 11.838 7.472 5.279 6.600 7.688 13.533 9.982 14.991 11.517 1.853 7.597 8.185 5.074 2.573 12.556 6.226 1.069 14.168 15.128 3.532 16.950 8.342 3.383 6.432 11.764 15.112 9.719 6.582 6.695 12.042 10.003 2.778 5.113 14.876 2.807 8.331 14.147 7.688 
41 5.579 9.496 7.141 10.842 6.723 8.936 9.619 5.742 11.565 11.301 6.721 4.760 13.571 3.056 9.056 14.574 9.264 9.760 10.551 8.956 13.724 10.981 1.517 3.988 12.879 13.107 14.602 6.317 10.162 11.127 8.821 11.259 12.249 16.475 14.605 10.369 11.715 10.528 5.241 8.759 0.000 14.900 11.598 15.082 1.412 3.932 10.355 3.910 10.050 7.700 12.627 6.523 4.945 16.544 9.676 5.435 9.619 10.771 3.395 12.161 11.432 2.123 6.525 8.023 6.919 3.670 4.162 11.533 11.091 5.328 14.537 14.065 10.641 12.502 6.070 10.429 4.513 5.679 2.013 11.008 11.849 15.841 8.148 10.155 4.715 13.670 6.804 9.870 3.244 5.994 14.539 8.630 3.762 7.482 2.603 4.187 10.827 10.548 3.806 4.723 7.844 11.479 10.324 7.270 14.019 14.614 5.398 6.761 15.898 14.032 4.728 3.855 8.555 6.271 1.545 10.240 8.561 7.492 10.059 10.227 7.627 5.579 
42 10.047 17.315 10.534 10.057 14.559 9.592 12.976 18.860 7.800 8.765 9.333 18.111 7.415 17.568 6.084 12.834 17.962 14.663 4.357 11.918 9.491 13.779 13.385 15.806 13.463 4.259 1.784 20.107 14.931 4.522 23.000 17.185 8.033 3.757 0.661 5.313 15.616 10.056 10.630 9.410 14.900 0.000 11.180 12.345 13.823 11.322 8.625 15.253 15.517 21.426 12.098 15.677 12.568 2.768 7.286 13.497 5.435 18.021 17.223 13.198 6.274 16.261 12.000 12.583 7.992 12.749 18.996 7.900 10.821 17.237 0.466 16.446 17.372 7.602 15.947 14.136 11.103 20.143 16.485 12.616 14.323 14.869 22.685 5.994 15.115 2.042 14.505 15.965 12.008 16.614 1.559 16.249 15.556 8.893 15.213 16.459 14.044 10.977 18.241 14.797 9.298 11.854 14.645 7.998 13.802 1.551 10.789 8.342 2.942 10.641 17.929 14.780 16.094 13.934 16.444 6.645 14.523 17.364 11.703 5.674 15.874 10.047 
43 6.901 7.407 13.443 15.930 6.294 14.130 17.127 11.834 3.380 15.296 11.681 16.339 4.435 14.560 9.996 3.090 8.291 18.270 9.253 2.798 2.979 18.512 10.700 14.999 2.393 13.123 9.618 13.322 18.685 7.193 16.044 6.480 3.248 9.726 11.451 6.732 20.050 1.514 11.607 13.823 11.598 11.180 0.000 3.487 10.208 10.836 14.471 8.949 18.949 14.236 1.254 7.447 6.688 10.650 12.654 14.576 9.809 7.634 11.543 2.020 13.382 13.713 5.105 15.774 8.374 12.532 14.168 14.803 0.592 9.979 11.178 5.304 6.933 3.731 16.538 18.381 11.354 14.219 13.597 1.672 19.381 4.835 16.368 11.761 8.236 11.712 16.214 19.082 8.734 8.785 9.767 6.680 9.327 12.041 13.693 15.434 18.578 16.387 12.827 14.954 12.881 0.713 4.059 10.296 3.137 12.173 12.007 7.470 9.756 2.668 16.286 14.328 18.295 6.167 12.737 12.583 17.405 8.632 16.563 6.330 6.903 6.901 
44 10.293 9.728 16.577 18.738 9.456 17.070 20.235 14.923 5.334 17.957 14.789 19.825 4.934 18.030 12.671 0.925 10.668 21.473 11.547 6.193 2.890 21.579 14.182 18.470 3.070 15.137 10.595 16.403 21.879 9.223 18.994 8.178 4.731 9.874 12.769 9.018 23.189 4.756 14.876 16.766 15.082 12.345 3.487 0.000 13.694 14.209 17.214 12.296 22.185 17.190 2.540 10.511 10.159 11.029 15.361 17.937 12.356 9.540 14.871 3.570 15.813 17.198 8.573 18.961 11.451 15.938 17.524 17.367 4.022 13.110 12.471 5.282 8.877 5.006 19.965 21.510 14.684 17.429 17.077 4.388 22.423 2.575 19.448 14.309 11.536 13.372 19.560 22.352 12.208 11.853 10.800 9.297 12.667 15.061 17.172 18.913 21.673 19.290 16.149 18.383 15.893 3.660 6.378 13.297 2.356 13.614 15.270 10.623 10.194 1.766 19.773 17.779 21.636 9.454 16.198 15.179 20.668 11.427 19.556 8.674 9.771 10.293 
45 4.228 8.635 7.007 10.710 5.633 8.714 9.910 5.855 10.166 11.004 6.243 6.132 12.177 4.462 8.154 13.202 8.523 10.282 9.506 7.598 12.312 11.327 1.033 5.075 11.553 12.337 13.420 6.723 10.699 9.894 9.446 10.259 10.845 15.218 13.567 9.117 12.251 9.119 4.880 8.499 1.412 13.823 10.208 13.694 0.000 3.441 10.029 3.174 10.672 8.119 11.255 5.634 3.596 15.342 9.120 5.917 8.671 9.905 3.679 10.833 10.831 3.507 5.160 8.293 5.838 3.855 5.183 11.132 9.694 4.990 13.479 12.870 9.703 11.104 7.012 10.847 4.149 6.406 3.425 9.669 12.222 14.515 8.942 9.430 3.850 12.711 7.446 10.561 1.910 5.365 13.370 7.682 3.159 7.011 3.680 5.383 11.215 10.541 4.481 5.530 7.505 10.108 9.125 6.489 12.687 13.641 5.130 5.554 14.668 12.625 6.085 4.709 9.348 5.104 2.816 9.625 9.123 6.838 10.159 8.950 6.691 4.228 
46 3.936 11.380 3.666 7.319 8.086 5.296 6.967 9.295 9.674 7.564 2.822 6.907 11.501 6.264 5.293 13.924 11.453 7.722 6.986 8.750 12.214 8.420 2.540 4.801 12.699 9.198 11.281 10.106 8.149 8.078 12.726 12.673 10.418 13.380 10.957 7.439 9.640 9.454 1.452 5.070 3.932 11.322 10.836 14.209 3.441 0.000 6.588 6.379 8.295 11.504 12.042 8.474 5.417 13.255 5.754 3.740 5.909 12.599 7.074 12.008 7.503 4.947 6.548 5.394 3.663 1.795 8.067 7.700 10.255 8.354 10.925 14.622 12.267 10.533 5.829 8.072 0.754 9.601 5.202 10.825 9.331 15.570 12.080 6.239 6.863 9.914 5.385 8.347 2.825 8.530 11.180 10.307 6.458 3.590 3.938 5.405 8.376 7.234 7.704 4.284 4.064 10.963 11.007 3.418 13.754 10.869 1.752 3.985 12.711 12.817 6.750 3.872 7.465 7.406 5.381 6.308 6.713 9.924 6.960 7.422 9.389 3.936 
47 8.787 17.352 3.341 1.577 14.006 1.548 4.386 15.881 11.899 0.990 3.833 11.521 12.977 11.918 4.544 17.269 17.594 6.090 5.968 13.385 14.540 5.171 9.099 9.145 16.770 4.637 9.632 16.647 6.330 8.326 19.159 18.251 12.563 12.049 8.006 8.287 7.008 12.959 5.158 1.632 10.355 8.625 14.471 17.214 10.029 6.588 0.000 12.864 6.941 18.040 15.712 14.656 11.272 11.321 1.857 6.292 4.912 18.474 13.637 16.196 2.384 10.660 11.847 4.357 6.335 6.848 14.286 1.285 13.900 14.896 8.160 19.308 18.023 12.409 8.402 5.512 5.895 15.999 11.057 15.139 5.786 19.237 18.385 3.074 13.234 6.604 6.643 7.426 9.080 14.939 9.419 16.219 12.985 3.094 9.227 9.769 5.424 2.387 14.158 7.793 2.527 14.879 16.133 4.430 17.608 7.387 4.960 7.317 11.212 15.508 11.297 8.190 7.795 13.279 11.624 2.194 6.143 16.241 3.078 8.585 15.414 8.787 
48 5.222 5.585 10.037 13.693 3.067 11.658 13.074 3.611 9.959 13.852 9.031 8.302 11.966 6.171 10.235 11.644 5.383 13.449 11.180 6.152 11.558 14.497 4.203 7.895 9.705 14.532 14.504 4.938 13.864 10.906 7.857 7.392 10.514 15.932 15.120 10.084 15.418 8.260 7.826 11.418 3.910 15.253 8.949 12.296 3.174 6.379 12.864 0.000 13.818 6.197 9.758 2.629 2.814 16.297 11.723 9.082 10.625 6.861 2.596 9.008 13.332 5.786 4.075 11.457 7.669 7.026 5.228 13.875 8.553 2.092 14.977 10.434 6.744 10.882 9.975 14.021 7.127 5.418 5.479 7.957 15.393 12.605 7.805 11.779 0.863 14.494 10.580 13.685 3.820 2.193 14.507 4.747 0.382 9.777 6.514 8.051 14.388 13.602 3.880 8.581 10.379 8.642 6.765 8.883 10.846 15.366 8.127 7.025 15.521 11.583 8.329 7.726 12.421 2.861 4.332 12.137 12.281 3.666 13.271 9.805 3.745 5.222 
49 12.137 19.293 5.703 5.742 16.151 5.972 2.555 15.568 17.198 7.084 7.481 8.041 18.713 9.664 10.400 22.005 19.192 0.854 12.245 17.029 19.874 2.365 9.674 6.513 20.937 11.570 16.364 15.722 0.682 14.352 17.459 20.801 17.934 18.777 14.914 14.042 1.782 17.495 7.344 6.198 10.050 15.517 18.949 22.185 10.672 8.295 6.941 13.818 0.000 16.951 20.185 16.296 13.619 18.154 8.288 4.772 10.991 20.556 13.248 20.259 9.325 8.927 14.838 3.272 10.777 6.936 12.532 7.931 18.359 15.377 15.051 22.917 20.312 17.919 4.441 1.647 7.667 14.499 9.396 19.084 2.689 23.754 16.325 9.632 14.522 13.520 3.248 0.595 10.984 15.986 16.170 18.301 13.743 7.404 7.615 6.784 2.006 4.775 13.123 5.369 6.671 19.150 19.281 9.092 21.961 14.325 6.942 11.563 17.957 20.648 7.820 6.238 1.954 15.524 10.508 8.888 1.586 17.478 3.918 14.218 17.327 12.137 
