param n := 72;
param m := 6;
param L := 30;
param Q := 3;
param T := 720;
param t :
    1   2   3   4   5   6   7   8   9  10  11  12  13  14  15  16  17  18  19  20  21  22  23  24  25  26  27  28  29  30  31  32  33  34  35  36  37  38  39  40  41  42  43  44  45  46  47  48  49  50  51  52  53  54  55  56  57  58  59  60  61  62  63  64  65  66  67  68  69  70  71  72  73  74  75  76  77  78  79  80  81  82  83  84  85  86  87  88  89  90  91  92  93  94  95  96  97  98  99 100 101 102 103 104 105 106 107 108 109 110 111 112 113 114 115 116 117 118 119 120 121 122 123 124 125 126 127 128 129 130 131 132 133 134 135 136 137 138 139 140 141 142 143 144 145 146 :=
1 0.000 6.112 10.297 4.761 10.116 6.134 4.940 10.398 5.690 6.668 10.070 8.270 10.010 9.527 3.432 7.122 2.646 8.200 9.320 11.021 9.423 4.942 8.914 9.426 8.265 5.540 3.002 10.267 8.007 12.102 11.777 11.528 8.831 7.847 7.005 5.203 11.902 7.358 6.730 5.336 4.206 6.119 7.940 4.155 11.358 4.413 4.754 1.188 9.681 6.191 7.013 4.615 5.529 8.593 8.203 6.672 5.787 6.825 3.686 8.681 6.315 7.662 10.019 8.350 8.999 7.038 4.834 5.916 8.630 6.718 5.390 10.392 10.908 8.708 6.521 8.670 5.904 12.590 7.018 11.128 9.843 8.802 8.792 9.352 6.935 5.604 12.556 11.765 9.364 11.592 9.641 10.153 9.001 4.494 7.596 10.824 0.172 7.447 1.282 13.347 5.464 3.139 10.751 8.618 7.823 4.749 10.923 5.201 11.235 10.296 7.438 4.866 7.927 7.508 8.495 6.999 9.456 7.908 8.104 7.364 7.286 5.877 4.818 4.697 8.455 4.008 6.828 4.116 11.923 8.941 7.306 8.626 5.124 7.030 11.386 8.451 7.442 7.347 11.158 7.529 5.369 10.209 2.261 9.935 8.748 0.000 
2 6.112 0.000 9.401 9.365 16.129 12.028 7.806 6.556 9.359 11.428 8.315 7.709 7.563 4.128 7.238 12.439 3.650 2.387 3.505 7.617 3.523 1.633 6.241 11.925 2.471 5.546 8.757 15.595 5.935 7.790 16.870 15.945 7.466 5.711 12.944 10.376 8.876 13.469 2.301 11.384 4.854 11.274 7.444 8.153 8.466 4.386 7.442 6.025 13.561 8.767 11.342 5.248 1.708 7.300 2.237 9.404 11.593 12.860 3.981 6.706 9.462 3.673 15.679 11.018 15.100 1.010 7.852 11.135 5.345 2.715 2.569 4.805 15.709 2.701 11.947 10.953 12.006 9.587 11.189 7.205 12.229 14.286 14.887 15.211 11.029 11.709 16.724 16.975 13.773 16.031 12.672 15.944 5.156 4.114 10.488 7.290 6.015 13.468 5.195 10.572 6.595 6.475 8.105 8.655 12.607 10.767 14.882 10.491 6.349 10.044 13.538 10.040 5.163 7.842 14.602 2.376 5.687 1.883 2.390 5.891 8.394 11.117 3.908 9.672 3.340 4.322 2.080 9.655 7.296 14.845 13.407 4.493 2.609 13.127 17.039 14.521 13.490 12.609 14.957 9.115 10.737 15.424 7.956 14.903 9.329 6.112 
3 10.297 9.401 0.000 8.454 15.955 15.392 14.877 4.980 15.919 16.893 1.533 16.628 16.938 7.874 13.549 17.049 8.740 8.702 11.944 4.224 9.135 8.249 15.611 5.811 11.273 4.858 12.989 13.089 15.184 6.130 21.632 21.730 16.629 3.710 13.165 9.709 18.267 14.946 7.207 14.222 12.734 10.048 2.372 14.383 3.383 12.508 6.121 9.162 19.978 16.121 17.303 13.257 7.793 2.106 10.816 16.690 15.278 13.607 7.139 2.783 16.445 13.074 19.317 18.424 15.954 9.186 14.819 15.992 4.588 12.089 7.011 8.471 11.963 9.349 16.405 5.145 14.248 18.973 8.221 16.498 19.876 18.446 16.667 18.295 17.232 13.955 11.491 21.522 9.909 11.476 19.846 19.182 14.540 12.343 5.988 16.656 10.127 16.079 10.681 19.966 14.596 13.022 2.907 1.908 9.966 12.116 9.806 9.984 7.055 18.981 15.484 9.590 14.503 2.907 15.709 11.776 4.990 9.261 11.319 3.558 16.611 10.150 6.233 9.123 12.520 6.646 11.480 14.141 6.704 17.802 14.627 5.814 7.105 15.194 20.595 15.120 14.158 10.967 9.585 17.121 10.249 12.684 12.409 19.949 17.879 10.297 
4 4.761 9.365 8.454 0.000 7.823 7.312 9.422 10.828 9.722 9.687 8.961 13.031 14.692 11.427 7.868 9.332 5.910 10.740 12.866 10.964 11.877 7.775 13.536 5.233 11.816 5.332 5.885 6.269 12.677 12.590 13.637 14.212 13.580 7.830 4.788 1.328 16.544 6.493 8.799 6.078 8.938 2.024 6.590 8.330 10.823 9.088 2.695 3.897 13.016 10.603 10.366 9.367 8.041 7.610 11.600 10.977 7.344 5.167 5.467 8.194 10.499 11.927 11.065 12.504 7.554 10.020 9.284 8.558 9.142 10.879 7.411 12.342 6.404 11.413 8.690 4.757 5.919 17.247 2.263 15.573 13.989 10.404 8.214 9.953 10.484 5.650 7.825 13.453 4.656 6.921 13.508 10.842 13.389 9.124 3.468 15.351 4.686 7.728 5.972 18.043 10.203 7.780 10.159 6.547 3.269 3.749 6.162 1.579 12.372 15.020 7.053 1.143 12.489 5.664 7.274 11.001 10.068 10.748 11.708 7.081 11.943 1.968 6.071 0.669 12.388 5.284 10.765 6.860 12.717 9.452 6.174 9.755 7.202 6.785 12.281 6.740 5.739 3.333 6.399 12.085 1.863 6.069 5.702 12.176 13.419 4.761 
5 10.116 16.129 15.955 7.823 0.000 6.166 12.277 18.642 11.452 9.627 16.672 16.706 19.149 18.948 11.161 8.161 12.489 17.969 19.432 18.783 19.174 14.744 18.328 11.071 18.374 13.113 8.381 4.198 17.328 20.409 10.075 11.927 17.611 15.647 3.217 6.496 21.098 3.282 16.181 5.760 13.639 5.950 14.341 10.909 18.598 14.034 10.516 10.118 12.274 12.928 10.568 13.836 15.192 15.385 18.289 12.915 6.711 3.292 12.724 16.009 12.287 17.627 7.071 13.671 1.808 16.981 12.098 8.549 16.933 16.763 14.746 19.862 6.227 18.568 7.869 11.219 4.850 21.702 7.788 20.802 14.810 7.644 3.329 5.792 10.994 5.029 8.686 9.658 7.096 7.535 13.754 6.368 18.817 14.209 10.079 20.367 10.181 4.783 11.275 22.248 13.922 11.617 17.936 14.098 6.194 5.373 8.566 6.259 20.115 17.924 3.810 6.731 17.533 13.358 2.320 17.091 17.860 17.812 18.216 14.903 14.838 5.902 13.582 7.216 18.546 12.706 16.932 8.277 20.513 5.453 3.082 17.458 14.501 4.115 7.571 1.803 2.690 5.012 9.028 14.525 5.972 4.642 8.983 9.720 16.154 10.116 
6 6.134 12.028 15.392 7.312 6.166 0.000 6.358 16.408 5.333 3.521 15.544 10.767 13.363 15.651 5.556 2.329 8.772 14.254 14.866 16.919 15.468 11.037 12.707 12.402 13.872 11.138 3.271 8.790 11.697 18.147 6.327 7.088 11.741 13.666 4.601 6.453 15.287 2.938 12.863 1.240 8.344 6.789 13.210 5.053 17.104 8.823 9.272 6.830 6.546 6.842 4.458 8.396 11.648 14.070 13.918 6.776 0.574 3.867 9.717 14.369 6.148 12.528 3.980 7.520 4.424 13.008 6.183 2.388 14.621 11.854 11.520 16.506 10.420 14.705 1.832 12.043 1.780 15.844 8.905 15.277 8.719 3.095 3.362 3.219 4.854 1.891 12.796 6.162 10.000 11.592 7.754 4.027 13.482 9.056 10.741 14.759 6.278 1.640 6.837 16.305 8.152 6.191 16.462 13.518 8.365 3.682 11.822 6.203 17.357 11.805 2.365 6.372 12.069 12.487 3.867 12.303 15.486 13.890 13.682 13.068 8.785 6.515 10.819 6.707 13.701 9.945 12.218 2.541 18.015 2.822 3.267 14.725 11.253 2.055 5.322 4.439 4.036 7.101 12.226 8.407 6.065 9.025 4.072 4.931 10.042 6.134 
7 4.940 7.806 14.877 9.422 12.277 6.358 0.000 13.861 1.628 4.078 14.390 4.434 7.010 11.925 1.554 5.532 6.199 10.185 9.636 14.731 11.255 7.632 6.434 14.340 8.817 10.019 4.128 13.848 5.436 15.355 9.374 8.172 5.384 11.885 9.824 9.468 8.929 9.008 9.564 6.518 2.982 10.278 12.508 1.373 15.311 3.492 9.684 6.112 5.756 1.261 3.701 2.706 8.318 12.978 9.029 1.814 5.787 9.302 7.774 12.846 1.682 6.816 8.915 3.551 10.661 8.789 0.179 4.365 12.260 6.471 8.668 12.606 14.952 10.385 5.292 13.605 7.429 9.489 11.663 9.031 5.001 7.370 9.721 8.921 3.308 7.269 16.925 9.567 13.753 15.848 5.063 9.419 7.440 3.777 12.504 8.469 5.081 7.992 4.217 9.981 1.879 1.867 14.780 13.344 12.091 7.737 15.453 9.365 14.078 5.847 8.631 9.180 5.952 12.243 10.093 7.038 12.910 9.602 8.604 11.593 2.668 9.992 8.806 9.174 8.217 8.246 7.070 4.000 14.966 8.725 9.200 11.834 8.447 8.255 10.164 10.476 9.747 11.265 15.743 2.668 9.432 13.923 3.882 7.402 4.120 4.940 
8 10.398 6.556 4.980 10.828 18.642 16.408 13.861 0.000 15.252 16.888 3.447 14.261 13.816 3.361 12.901 17.511 7.961 4.822 7.923 1.172 4.746 6.238 12.548 10.206 7.557 5.549 13.399 16.602 12.403 1.777 22.156 21.681 13.960 2.999 15.523 12.150 14.776 16.843 4.372 15.424 11.114 12.789 4.789 13.833 2.252 10.721 8.135 9.579 19.516 14.973 17.035 11.579 5.559 3.788 7.071 15.602 16.127 15.756 6.718 2.893 15.541 9.900 20.364 17.296 18.188 5.878 13.864 16.276 1.789 9.142 5.226 3.699 15.894 5.265 16.918 9.336 15.740 15.433 11.543 12.788 18.603 19.196 18.510 19.582 16.823 15.425 15.912 22.159 13.767 15.674 18.900 20.425 11.146 10.478 9.703 13.105 10.236 17.500 10.169 16.450 12.971 12.205 2.267 5.718 13.326 13.866 14.104 12.383 2.078 16.584 17.191 11.911 11.556 5.817 17.817 8.659 0.959 5.530 7.675 3.759 14.870 12.783 5.597 11.426 8.919 6.463 8.399 14.511 1.954 19.133 16.624 2.075 5.468 16.827 21.722 17.426 16.379 13.981 13.973 15.547 12.670 16.268 12.652 20.276 15.873 10.398 
9 5.690 9.359 15.919 9.722 11.452 5.333 1.628 15.252 0.000 2.534 15.549 5.567 8.292 13.459 2.397 4.096 7.416 11.745 11.264 16.074 12.836 9.063 7.865 14.834 10.442 11.084 3.941 13.473 6.892 16.794 7.749 6.587 6.605 13.121 9.311 9.543 10.154 8.173 11.016 5.766 4.585 10.268 13.548 1.540 16.594 5.102 10.402 6.874 4.265 1.529 2.074 4.332 9.753 14.104 10.648 1.477 4.766 8.705 8.932 14.051 0.864 8.428 7.426 2.783 9.747 10.353 1.537 3.079 13.603 8.099 10.030 14.164 14.761 11.971 3.971 14.174 6.680 10.659 11.889 10.462 4.269 5.871 8.647 7.558 1.687 6.580 16.881 7.948 13.769 15.754 3.950 7.981 8.985 5.386 12.999 9.862 5.853 6.912 5.276 11.046 3.423 3.050 16.039 14.292 12.077 7.431 15.532 9.397 15.574 6.476 7.688 9.293 7.484 13.183 9.185 8.665 14.295 11.180 10.230 12.766 3.484 9.973 10.014 9.372 9.840 9.371 8.694 3.365 16.438 7.416 8.427 13.255 9.795 7.347 8.632 9.677 9.071 11.107 15.858 3.077 9.415 13.602 4.021 5.779 4.710 5.690 
10 6.668 11.428 16.893 9.687 9.627 3.521 4.078 16.888 2.534 0.000 16.735 8.034 10.792 15.437 4.190 1.649 8.927 13.804 13.632 17.604 14.948 10.880 10.398 14.920 12.758 12.203 3.951 12.252 9.426 18.520 5.444 4.859 9.093 14.489 8.032 9.169 12.624 6.452 12.835 4.393 6.868 9.721 14.562 3.289 18.001 7.394 10.986 7.746 3.337 3.985 0.942 6.703 11.560 15.256 12.923 3.694 3.050 7.328 10.279 15.345 3.114 10.882 4.896 4.062 7.842 12.436 3.947 1.224 15.163 10.470 11.693 16.199 13.786 14.104 1.761 14.394 5.205 13.101 11.641 12.994 5.200 3.340 6.546 5.116 1.387 5.217 16.085 5.573 13.134 14.902 4.252 5.473 11.505 7.672 13.135 12.389 6.840 4.873 6.720 13.426 5.934 4.955 17.404 15.133 11.447 6.613 14.950 8.965 17.438 8.639 5.822 8.992 10.008 14.036 7.308 11.014 15.931 13.295 12.549 14.029 5.892 9.428 11.409 9.199 12.256 10.649 11.013 2.850 18.239 5.035 6.788 14.978 11.440 5.556 6.100 7.942 7.548 10.293 15.324 5.332 8.905 12.458 4.484 3.475 6.931 6.668 
11 10.070 8.315 1.533 8.961 16.672 15.544 14.390 3.447 15.549 16.735 0.000 15.771 15.877 6.412 13.155 17.039 8.192 7.369 10.621 2.736 7.708 7.335 14.556 7.083 10.013 4.532 12.915 14.077 14.201 4.657 21.674 21.594 15.688 2.648 13.744 10.268 17.115 15.385 6.047 14.422 12.041 10.722 2.382 14.030 2.048 11.765 6.406 9.004 19.704 15.609 17.068 12.556 6.803 1.486 9.544 16.202 15.374 14.118 6.625 1.630 16.009 11.968 19.512 17.938 16.515 7.985 14.350 15.916 3.205 11.028 6.096 6.972 13.098 7.985 16.405 6.315 14.544 17.811 9.084 15.280 19.358 18.539 17.103 18.560 16.953 14.240 12.809 21.599 11.002 12.709 19.425 19.438 13.391 11.575 6.966 15.479 9.898 16.370 10.273 18.814 13.928 12.568 1.464 2.703 10.870 12.471 11.069 10.532 5.522 18.133 15.864 10.103 13.470 3.315 16.226 10.667 3.498 7.968 10.076 2.798 15.931 10.786 5.591 9.620 11.301 6.178 10.377 14.070 5.196 18.078 15.097 4.410 6.235 15.547 20.823 15.699 14.699 11.754 10.882 16.494 10.810 13.696 12.272 19.919 17.133 10.070 
12 8.270 7.709 16.628 13.031 16.706 10.767 4.434 14.261 5.567 8.034 15.771 0.000 2.792 11.505 5.646 9.648 8.192 9.693 7.767 15.326 10.422 8.436 2.811 17.447 7.371 11.998 8.445 18.072 2.187 15.399 12.674 10.829 1.087 13.123 14.166 13.355 4.592 13.441 9.970 10.948 4.204 14.233 14.387 5.797 16.150 4.246 12.563 9.246 8.215 4.055 7.338 3.716 8.994 14.551 7.773 4.381 10.193 13.683 9.706 14.142 4.923 4.769 12.907 5.044 15.095 8.427 4.613 8.632 13.006 5.200 9.676 11.919 19.007 9.574 9.535 16.593 11.856 5.096 15.288 5.202 5.588 11.356 14.125 13.119 6.835 11.688 20.796 12.981 17.600 19.792 6.567 13.507 4.420 4.351 15.671 4.522 8.352 12.390 7.105 5.548 2.907 5.410 15.751 15.448 16.006 11.998 19.191 13.302 13.820 2.362 13.061 13.036 3.123 14.427 14.526 5.760 13.396 8.979 7.174 13.087 2.169 13.964 10.430 12.929 6.222 10.221 5.970 8.432 14.826 12.982 13.626 12.202 9.548 12.688 14.033 14.904 14.152 15.342 19.428 2.894 13.417 18.105 8.035 10.833 1.945 8.270 
13 10.010 7.563 16.938 14.692 19.149 13.363 7.010 13.816 8.292 10.792 15.877 2.792 0.000 10.709 7.988 12.387 9.223 9.012 6.359 14.954 9.444 8.742 1.328 18.633 6.341 12.673 10.783 20.164 2.017 14.680 15.455 13.554 1.708 13.268 16.442 15.211 1.951 15.922 9.842 13.427 5.816 16.123 14.868 8.320 15.899 5.608 13.763 10.799 10.951 6.807 10.120 5.469 9.147 14.832 6.815 7.166 12.793 16.023 10.532 14.268 7.693 3.936 15.678 7.778 17.604 7.992 7.183 11.323 12.850 4.853 9.953 10.921 20.915 8.694 12.238 17.718 14.316 2.595 16.899 2.539 8.133 14.124 16.725 15.847 9.619 14.121 22.517 15.767 19.341 21.588 9.222 16.263 2.749 5.570 16.946 1.819 10.053 15.000 8.746 3.352 5.238 7.578 15.599 16.029 17.830 14.205 20.818 15.198 12.984 3.768 15.602 14.876 2.451 15.101 17.036 5.224 13.053 8.294 6.191 13.395 4.960 15.873 11.008 14.697 4.992 11.025 5.509 10.936 14.015 15.689 16.071 11.860 9.896 15.215 16.818 17.348 16.532 17.318 21.009 5.677 15.350 20.150 10.260 13.623 4.473 10.010 
14 9.527 4.128 7.874 11.427 18.948 15.651 11.925 3.361 13.459 15.437 6.412 11.505 10.709 0.000 11.267 16.333 6.881 1.822 4.600 4.529 1.387 4.633 9.495 12.247 4.369 6.288 12.431 17.613 9.493 3.971 20.859 20.037 11.058 4.614 15.736 12.660 11.522 16.663 2.817 14.848 8.982 13.451 6.830 12.197 5.609 8.512 8.912 9.044 17.680 12.895 15.410 9.372 4.003 6.121 3.894 13.531 15.274 15.810 6.240 5.211 13.586 6.885 19.463 15.135 18.185 3.188 11.965 15.040 3.335 6.305 4.237 0.916 17.272 2.016 15.801 11.291 15.342 12.160 12.708 9.490 16.318 18.140 18.219 18.869 15.118 15.031 17.731 20.934 15.178 17.290 16.794 19.652 7.983 8.238 11.303 9.850 9.391 16.963 8.902 13.177 10.704 10.514 5.533 8.013 14.388 13.765 15.867 12.845 2.317 13.751 16.863 12.363 8.591 7.680 17.740 5.751 2.928 2.526 4.519 5.268 12.441 13.371 5.385 11.913 5.729 6.245 5.535 13.435 3.333 18.465 16.525 2.132 4.495 16.468 20.831 17.508 16.449 14.752 15.821 13.188 13.123 17.349 11.633 18.908 13.260 9.527 
15 3.432 7.238 13.549 7.868 11.161 5.556 1.554 12.901 2.397 4.190 13.155 5.646 7.988 11.267 0.000 5.314 5.023 9.616 9.572 13.700 10.758 6.764 7.208 12.799 8.649 8.703 2.809 12.448 6.200 14.474 9.634 8.813 6.478 10.726 8.523 7.942 9.938 7.944 8.724 5.457 2.843 8.768 11.177 0.937 14.204 3.352 8.186 4.616 6.627 2.774 4.162 2.843 7.452 11.714 8.782 3.240 5.010 8.059 6.535 11.654 2.908 7.023 8.674 4.929 9.637 8.246 1.424 4.023 11.231 6.450 7.675 12.017 13.479 9.915 4.911 12.075 6.335 10.549 10.112 9.748 6.418 7.193 8.866 8.451 3.922 6.134 15.408 9.749 12.228 14.345 6.296 9.065 7.926 3.611 10.961 9.260 3.582 7.185 2.883 11.133 2.776 0.765 13.645 11.955 10.576 6.356 13.915 7.849 13.314 7.301 7.670 7.648 6.519 10.848 9.072 6.955 11.943 9.105 8.445 10.370 4.140 8.486 7.618 7.630 8.283 6.978 6.921 3.028 14.148 8.179 8.084 10.929 7.435 7.272 9.997 9.360 8.552 9.793 14.200 4.218 7.927 12.500 2.411 7.665 5.615 3.432 
16 7.122 12.439 17.049 9.332 8.161 2.329 5.532 17.511 4.096 1.649 17.039 9.648 12.387 16.333 5.314 0.000 9.604 14.779 14.883 18.142 15.957 11.714 11.938 14.519 13.963 12.532 4.145 11.089 10.951 19.195 4.658 4.885 10.696 14.947 6.923 8.612 14.239 5.110 13.638 3.465 8.126 9.032 14.777 4.515 18.447 8.645 10.992 8.066 4.237 5.592 2.525 8.031 12.375 15.554 14.089 5.335 2.054 6.181 10.807 15.740 4.744 12.245 3.394 5.650 6.358 13.446 5.382 1.305 15.748 11.746 12.403 17.136 12.746 15.138 0.650 14.088 4.110 14.727 11.090 14.537 6.671 1.879 4.980 3.476 3.012 4.206 15.125 4.649 12.309 13.922 5.593 3.893 12.967 8.913 12.798 13.950 7.288 3.379 7.452 15.067 7.411 6.066 17.827 15.223 10.659 5.889 14.132 8.377 18.229 10.287 4.408 8.489 11.483 14.151 5.848 12.264 16.563 14.321 13.759 14.422 7.521 8.749 11.940 8.772 13.566 11.120 12.235 3.006 18.975 3.387 5.488 15.684 12.142 4.204 4.689 6.552 6.299 9.415 14.530 6.978 8.268 11.337 4.862 2.902 8.580 7.122 
17 2.646 3.650 8.740 5.910 12.489 8.772 6.199 7.961 7.416 8.927 8.192 8.192 9.223 6.881 5.023 9.604 0.000 5.583 7.067 8.701 6.806 2.313 7.963 9.412 6.004 3.913 5.579 12.040 7.237 9.608 14.224 13.732 8.438 5.708 9.297 6.808 10.948 9.913 4.092 7.977 4.071 7.724 6.393 5.934 9.181 3.947 4.544 2.375 11.644 7.419 9.098 4.595 2.883 6.790 5.854 8.009 8.407 9.231 1.601 6.653 7.828 6.066 12.621 9.746 11.510 4.497 6.161 8.344 6.244 4.997 2.800 7.746 12.313 6.125 9.034 8.507 8.513 11.669 7.934 9.763 11.171 11.352 11.402 11.991 8.915 8.207 13.573 14.249 10.490 12.767 11.243 12.782 7.568 3.851 7.730 9.613 2.514 10.091 2.209 12.546 5.883 4.392 8.623 7.347 9.179 7.140 11.790 6.902 8.639 10.478 10.045 6.466 6.854 6.286 11.028 5.092 7.005 5.344 5.874 5.394 7.897 7.546 2.610 6.133 6.482 2.103 4.855 6.633 9.372 11.584 9.823 6.082 2.538 9.641 13.990 10.904 9.865 9.049 11.933 8.383 7.136 11.898 4.793 12.325 9.219 2.646 
18 8.200 2.387 8.702 10.740 17.969 14.254 10.185 4.822 11.745 13.804 7.369 9.693 9.012 1.822 9.616 14.779 5.583 0.000 3.252 5.979 1.223 3.270 7.765 12.344 2.741 6.018 10.996 17.005 7.707 5.727 19.243 18.332 9.273 5.088 14.756 11.890 9.962 15.492 2.005 13.532 7.221 12.738 7.207 10.535 6.981 6.738 8.434 7.890 15.938 11.121 13.728 7.592 2.778 6.729 2.255 11.756 13.844 14.755 5.310 5.923 11.834 5.129 17.981 13.341 17.073 1.398 10.235 13.478 4.165 4.493 3.330 2.421 16.868 0.724 14.272 11.365 14.094 10.628 12.282 8.008 14.507 16.613 16.982 17.459 13.416 13.788 17.579 19.339 14.829 17.023 15.005 18.215 6.326 6.461 11.167 8.294 8.081 15.638 7.428 11.644 8.908 8.854 6.772 8.446 13.863 12.675 15.711 12.045 4.130 11.954 15.626 11.572 6.820 7.886 16.600 3.951 4.135 0.725 2.853 5.562 10.623 12.622 4.719 11.153 4.098 5.456 3.725 11.945 5.132 17.076 15.391 3.001 3.541 15.221 19.345 16.442 15.392 14.066 15.719 11.375 12.311 16.782 10.193 17.279 11.439 8.200 
19 9.320 3.505 11.944 12.866 19.432 14.866 9.636 7.923 11.264 13.632 10.621 7.767 6.359 4.600 9.572 14.883 7.067 3.252 0.000 9.095 3.233 5.125 5.292 15.236 1.064 8.818 11.636 19.082 5.589 8.495 19.007 17.704 7.069 8.294 16.286 13.855 6.955 16.622 4.922 14.385 6.770 14.760 10.342 10.385 10.143 6.246 10.912 9.415 15.152 10.269 13.337 6.941 5.029 9.942 1.296 10.866 14.378 16.143 7.476 9.162 11.113 3.050 18.244 12.219 18.292 3.040 9.738 13.594 7.417 3.166 5.846 4.636 19.214 2.674 14.478 14.255 15.091 7.575 14.687 4.895 13.143 16.762 17.929 17.950 12.937 14.810 20.193 19.186 17.270 19.523 13.885 18.610 3.622 5.973 13.892 5.289 9.251 16.403 8.224 8.590 7.965 8.831 9.984 11.584 16.112 14.059 18.343 13.960 6.754 9.775 16.604 13.516 4.646 10.926 17.772 2.621 7.332 2.698 1.216 8.701 9.238 14.595 7.274 13.159 1.551 7.791 2.658 12.371 7.780 17.632 16.603 6.240 5.959 16.189 19.569 17.768 16.762 16.092 18.401 10.057 14.200 18.919 10.863 17.032 9.682 9.320 
20 11.021 7.617 4.224 10.964 18.783 16.919 14.731 1.172 16.074 17.604 2.736 15.326 14.954 4.529 13.700 18.142 8.701 5.979 9.095 0.000 5.915 7.158 13.678 9.769 8.718 5.850 14.005 16.503 13.505 1.923 22.798 22.429 15.057 3.265 15.724 12.292 15.939 17.164 5.376 15.888 12.055 12.866 4.575 14.623 1.115 11.684 8.282 10.121 20.326 15.872 17.799 12.534 6.497 3.511 8.231 16.495 16.670 16.010 7.342 2.777 16.404 11.030 20.894 18.205 18.439 6.989 14.723 16.932 2.472 10.245 6.063 4.822 15.661 6.435 17.534 8.956 16.143 16.598 11.451 13.956 19.539 19.780 18.855 20.056 17.610 15.830 15.500 22.779 13.543 15.347 19.787 20.913 12.298 11.450 9.471 14.268 10.854 17.933 10.906 17.615 13.929 13.025 1.327 5.299 13.246 14.193 13.733 12.539 2.991 17.661 17.558 12.079 12.672 5.617 18.095 9.776 1.930 6.681 8.831 3.935 15.857 12.887 6.208 11.590 10.077 7.024 9.511 15.136 2.487 19.595 16.920 3.128 6.286 17.208 22.241 17.655 16.620 14.001 13.566 16.513 12.825 16.146 13.282 20.948 16.900 11.021 
21 9.423 3.523 9.135 11.877 19.174 15.468 11.255 4.746 12.836 14.948 7.708 10.422 9.444 1.387 10.758 15.957 6.806 1.223 3.233 5.915 0.000 4.493 8.266 13.197 3.120 6.994 12.206 18.130 8.345 5.272 20.391 19.421 9.900 5.700 15.958 13.050 10.179 16.713 3.081 14.754 8.275 13.886 7.896 11.669 6.991 7.777 9.502 9.107 16.993 12.140 14.842 8.615 3.985 7.285 2.672 12.772 15.053 15.967 6.485 6.410 12.883 5.709 19.177 14.317 18.291 2.514 11.313 14.654 4.550 5.261 4.478 1.501 17.931 0.880 15.458 12.226 15.317 10.806 13.344 8.128 15.431 17.799 18.205 18.670 14.515 15.011 18.550 20.498 15.870 18.037 15.988 19.421 6.701 7.495 12.119 8.508 9.304 16.858 8.637 11.822 9.889 9.993 6.897 9.114 14.960 13.889 16.681 13.212 3.547 12.612 16.849 12.736 7.422 8.667 17.820 4.676 4.265 1.657 3.293 6.277 11.517 13.778 5.819 12.309 4.452 6.598 4.500 13.144 4.578 18.290 16.610 3.322 4.704 16.444 20.540 17.656 16.605 15.209 16.667 12.292 13.481 17.895 11.403 18.422 12.236 9.423 
22 4.942 1.633 8.249 7.775 14.744 11.037 7.632 6.238 9.063 10.880 7.335 8.436 8.742 4.633 6.764 11.714 2.313 3.270 5.125 7.158 4.493 0.000 7.416 10.340 4.102 4.023 7.802 14.027 6.938 7.732 16.272 15.577 8.382 4.687 11.538 8.828 10.216 12.223 1.960 10.278 4.898 9.713 6.126 7.701 7.847 4.540 5.809 4.636 13.327 8.736 10.926 5.381 0.690 6.151 3.841 9.364 10.648 11.508 2.352 5.706 9.313 5.017 14.830 11.060 13.810 2.267 7.641 10.427 4.714 3.957 1.243 5.471 14.093 3.828 11.174 9.373 10.826 10.937 9.562 8.678 12.383 13.511 13.714 14.252 10.674 10.520 15.091 16.331 12.146 14.401 12.662 15.027 6.553 4.318 8.869 8.693 4.818 12.388 4.271 11.895 6.777 6.036 7.388 7.292 11.001 9.422 13.249 8.957 6.559 10.797 12.358 8.497 6.293 6.401 13.334 3.782 5.293 3.069 4.023 4.692 8.728 9.568 2.349 8.111 4.925 2.691 3.490 8.802 7.385 13.856 12.126 4.202 1.155 11.954 16.199 13.190 12.144 11.049 13.327 9.364 9.211 13.843 7.003 14.335 9.847 4.942 
23 8.914 6.241 15.611 13.536 18.328 12.707 6.434 12.548 7.865 10.398 14.556 2.811 1.328 9.495 7.208 11.938 7.963 7.765 5.292 13.678 8.266 7.416 0.000 17.361 5.147 11.357 9.948 19.140 1.010 13.463 15.323 13.582 1.871 11.943 15.525 14.113 3.010 15.144 8.527 12.664 4.782 15.033 13.542 7.661 14.608 4.504 12.506 9.639 10.962 6.467 9.814 4.508 7.819 13.504 5.608 6.918 12.144 15.146 9.236 12.945 7.376 2.648 15.291 7.810 16.842 6.699 6.597 10.799 11.544 3.528 8.625 9.758 19.816 7.486 11.725 16.439 13.532 3.721 15.720 2.600 8.398 13.736 16.051 15.354 9.330 13.319 21.354 15.601 18.191 20.449 9.368 15.830 1.708 4.426 15.692 2.054 8.945 14.346 7.636 4.584 4.572 6.711 14.297 14.704 16.710 13.263 19.632 14.115 11.789 4.508 14.877 13.774 1.131 13.782 16.277 3.918 11.768 7.042 4.982 12.066 4.814 14.791 9.689 13.572 3.834 9.724 4.199 10.219 12.817 15.158 15.265 10.572 8.570 14.480 16.488 16.536 15.679 16.255 19.811 5.611 14.279 19.106 9.367 13.431 4.733 8.914 
24 9.426 11.925 5.811 5.233 11.071 12.402 14.340 10.206 14.834 14.920 7.083 17.447 18.633 12.247 12.799 14.519 9.412 12.344 15.236 9.769 13.197 10.340 17.361 0.000 14.309 6.419 11.088 7.601 16.649 11.682 18.673 19.404 17.806 7.668 8.871 5.952 20.323 10.986 10.390 11.164 13.243 5.781 5.495 13.379 9.113 13.246 4.894 8.302 18.248 15.572 15.590 13.736 10.253 6.425 13.952 16.004 12.497 9.504 8.173 7.348 15.571 15.257 15.934 17.602 11.532 12.197 14.221 13.787 9.069 14.169 9.407 13.054 6.229 13.067 13.884 0.981 10.840 21.047 3.579 18.969 19.098 15.457 12.611 14.721 15.693 10.613 5.731 18.446 4.292 5.667 18.687 15.594 16.799 13.199 1.839 18.910 9.300 12.545 10.413 21.944 14.803 12.564 8.546 4.493 4.885 8.727 3.997 6.209 12.209 19.618 11.685 6.037 16.242 4.570 11.443 14.090 9.833 12.652 14.271 6.980 16.696 6.009 8.018 5.750 15.259 7.720 13.807 12.089 12.122 14.219 10.586 10.152 9.326 11.508 17.044 10.686 9.910 6.172 3.800 16.954 6.376 7.156 10.827 17.320 18.144 9.426 
25 8.265 2.471 11.273 11.816 18.374 13.872 8.817 7.557 10.442 12.758 10.013 7.371 6.341 4.369 8.649 13.963 6.004 2.741 1.064 8.718 3.120 4.102 5.147 14.309 0.000 7.894 10.629 18.024 5.252 8.339 18.164 16.945 6.796 7.579 15.225 12.796 7.222 15.580 4.118 13.364 5.891 13.703 9.549 9.488 9.721 5.366 9.906 8.350 14.425 9.530 12.507 6.110 4.062 9.226 0.487 10.143 13.392 15.086 6.452 8.496 10.347 2.612 17.307 11.571 17.247 2.150 8.907 12.668 6.836 2.391 4.901 4.616 18.175 2.353 13.540 13.330 14.058 7.887 13.660 5.282 12.576 15.841 16.904 16.978 12.125 13.774 19.190 18.326 16.245 18.502 13.245 17.653 3.615 5.086 12.923 5.553 8.194 15.394 7.185 8.903 7.226 7.898 9.499 10.787 15.067 13.001 17.345 12.899 6.647 9.512 15.575 12.457 4.318 10.075 16.729 1.796 6.872 2.063 0.214 7.924 8.650 13.536 6.310 12.102 1.365 6.784 1.749 11.392 7.676 16.651 15.556 5.719 4.994 15.160 18.641 16.715 15.706 15.034 17.413 9.454 13.137 17.864 9.849 16.186 9.234 8.265 
26 5.540 5.546 4.858 5.332 13.113 11.138 10.019 5.549 11.084 12.203 4.532 11.998 12.673 6.288 8.703 12.532 3.913 6.018 8.818 5.850 6.994 4.023 11.357 6.419 7.894 0.000 8.396 11.370 10.782 7.324 17.179 17.062 12.125 2.594 9.977 6.638 14.216 11.324 4.024 10.069 7.964 7.335 2.492 9.552 5.966 7.790 2.679 4.477 15.196 11.264 12.546 8.489 3.851 3.053 7.533 11.832 10.928 10.210 2.320 3.231 11.592 9.035 15.118 13.566 12.642 5.778 9.962 11.392 3.820 7.965 2.996 7.181 10.985 6.740 11.903 5.439 10.297 14.940 6.421 12.700 15.018 14.077 13.009 14.237 12.445 9.985 11.565 17.121 8.899 11.046 14.998 15.101 10.574 7.654 5.149 12.712 5.368 12.094 5.827 15.885 9.795 8.165 5.326 3.453 8.120 8.349 9.697 6.861 7.042 14.323 11.708 6.384 10.226 2.441 12.278 7.804 4.747 6.262 7.861 1.934 11.810 7.300 1.678 5.903 8.886 1.811 7.512 9.550 7.400 13.769 11.092 4.454 2.938 11.358 16.452 11.878 10.831 8.587 9.700 12.290 7.148 11.088 7.742 15.401 13.120 5.540 
27 3.002 8.757 12.989 5.885 8.381 3.271 4.128 13.399 3.941 3.951 12.915 8.445 10.783 12.431 2.809 4.145 5.579 10.996 11.636 14.005 12.206 7.802 9.948 11.088 10.629 8.396 0.000 9.722 8.947 15.104 8.802 8.746 9.288 10.802 5.722 5.608 12.733 5.217 9.667 2.794 5.313 6.327 10.683 2.792 14.302 5.748 7.037 3.923 7.211 5.090 4.521 5.468 8.431 11.429 10.660 5.326 2.849 5.250 6.683 11.597 4.775 9.433 7.042 6.704 6.923 9.739 3.955 3.007 11.628 8.685 8.366 13.273 10.882 11.438 3.530 10.509 3.608 13.352 7.989 12.440 8.164 5.799 6.327 6.464 4.605 3.377 12.951 8.774 9.829 11.837 7.625 7.225 10.510 5.954 9.275 11.990 3.164 4.766 3.570 13.942 5.586 3.239 13.682 11.203 8.138 3.612 11.591 5.457 14.213 9.973 5.044 5.367 9.177 10.112 6.365 9.104 12.458 10.621 10.442 10.278 6.795 6.033 7.812 5.479 10.525 6.981 9.002 1.156 14.918 6.089 5.318 11.621 8.100 4.632 8.411 6.587 5.750 7.205 11.919 6.697 5.474 9.805 0.803 7.005 8.232 3.002 
28 10.267 15.595 13.089 6.269 4.198 8.790 13.848 16.602 13.473 12.252 14.077 18.072 20.164 17.613 12.448 11.089 12.040 17.005 19.082 16.503 18.130 14.027 19.140 7.601 18.024 11.370 9.722 0.000 18.198 18.296 13.909 15.472 18.820 13.650 4.224 5.232 22.092 6.058 15.049 7.875 14.366 4.322 11.928 12.510 16.105 14.643 8.706 9.784 15.325 14.778 13.163 14.695 14.309 12.993 17.832 14.934 9.209 4.929 11.735 13.768 14.336 17.878 10.882 16.053 5.496 16.281 13.677 11.046 15.051 16.880 13.675 18.521 2.029 17.681 10.622 8.005 7.049 22.759 5.060 21.395 17.378 11.109 7.027 9.558 13.495 7.042 4.502 13.536 3.320 3.338 16.504 10.268 19.259 14.747 7.121 21.084 10.262 7.935 11.548 23.449 15.167 12.675 15.468 11.382 3.277 6.111 4.472 5.150 18.340 19.695 6.837 5.574 18.184 10.887 5.745 17.074 15.956 17.017 17.904 12.877 16.516 4.495 12.312 5.923 18.499 11.549 16.859 10.109 18.547 9.133 5.642 15.819 13.470 6.936 11.585 4.864 4.805 2.991 4.928 16.399 4.936 0.476 10.041 13.222 17.953 10.267 
29 8.007 5.935 15.184 12.677 17.328 11.697 5.436 12.403 6.892 9.426 14.201 2.187 2.017 9.493 6.200 10.951 7.237 7.707 5.589 13.505 8.345 6.938 1.010 16.649 5.252 10.782 8.947 18.198 0.000 13.434 14.417 12.743 1.566 11.564 14.544 13.210 3.898 14.138 8.235 11.656 3.832 14.124 13.046 6.653 14.391 3.597 11.770 8.782 10.126 5.524 8.865 3.527 7.407 13.081 5.677 6.003 11.135 14.155 8.592 12.577 6.434 2.640 14.313 7.005 15.835 6.525 5.597 9.801 11.279 3.261 8.173 9.846 18.915 7.520 10.728 15.742 12.527 4.583 14.882 3.596 7.712 12.759 15.041 14.357 8.388 12.315 20.501 14.683 17.327 19.576 8.607 14.843 2.287 3.553 14.948 3.064 8.046 13.336 6.737 5.370 3.567 5.712 14.040 14.179 15.822 12.288 18.801 13.202 11.807 4.267 13.868 12.873 0.944 13.221 15.270 3.760 11.580 6.984 5.063 11.627 3.973 13.878 9.135 12.687 4.053 9.093 4.007 9.209 12.825 14.157 14.262 10.379 8.089 13.471 15.522 15.534 14.684 15.331 18.992 4.791 13.359 18.173 8.377 12.508 4.125 8.007 
30 12.102 7.790 6.130 12.590 20.409 18.147 15.355 1.777 16.794 18.520 4.657 15.399 14.680 3.971 14.474 19.195 9.608 5.727 8.495 1.923 5.272 7.732 13.463 11.682 8.339 7.324 15.104 18.296 13.434 0.000 23.829 23.280 15.000 4.761 17.296 13.914 15.449 18.618 5.791 17.178 12.525 14.540 6.400 15.410 2.824 12.101 9.896 11.317 21.058 16.425 18.627 12.967 7.043 5.354 7.865 17.059 17.855 17.533 8.437 4.530 17.036 10.845 22.093 18.727 19.964 6.978 15.369 17.947 3.553 10.209 6.827 3.888 17.519 5.986 18.611 10.856 17.506 16.069 13.236 13.383 19.989 20.903 20.283 21.330 18.394 17.191 17.412 23.844 15.396 17.238 20.354 22.168 11.950 11.844 11.322 13.780 11.942 19.260 11.804 17.084 14.344 13.759 3.223 7.200 15.026 15.641 15.635 14.150 1.756 17.677 18.962 13.679 12.544 7.443 19.593 9.677 2.661 6.450 8.490 5.511 16.182 14.540 7.328 13.193 9.696 8.207 9.444 16.203 0.798 20.884 18.400 3.546 7.081 18.597 23.454 19.202 18.155 15.718 15.475 16.893 14.437 17.952 14.346 21.932 17.098 12.102 
31 11.777 16.870 21.632 13.637 10.075 6.327 9.374 22.156 7.749 5.444 21.674 12.674 15.455 20.859 9.634 4.658 14.224 19.243 19.007 22.798 20.391 16.272 15.323 18.673 18.164 17.179 8.802 13.909 14.417 23.829 0.000 2.518 13.761 19.605 10.225 12.726 17.103 8.043 18.216 7.559 12.275 12.954 19.390 8.731 23.103 12.800 15.533 12.720 4.653 8.918 5.675 12.068 16.944 20.189 18.345 8.414 6.365 9.479 15.461 20.393 8.016 16.168 3.030 7.727 8.450 17.879 9.270 5.882 20.399 15.841 17.018 21.632 15.821 19.548 5.277 18.354 7.837 17.452 15.128 17.854 7.893 3.233 6.888 4.351 6.098 8.060 18.312 0.502 15.874 17.099 6.595 3.709 16.621 13.081 17.050 17.191 11.944 6.236 12.044 17.555 11.134 10.398 22.481 19.780 14.352 9.954 17.652 12.465 22.817 12.509 7.254 12.672 15.116 18.726 8.165 16.400 21.206 18.738 17.953 19.075 10.533 12.700 16.594 13.024 17.589 15.778 16.415 7.663 23.589 4.784 8.481 20.305 16.759 7.311 2.743 9.047 9.311 13.007 18.088 9.780 12.299 14.264 9.516 1.978 11.100 11.777 
32 11.528 15.945 21.730 14.212 11.927 7.088 8.172 21.681 6.587 4.859 21.594 10.829 13.554 20.037 8.813 4.885 13.732 18.332 17.704 22.429 19.421 15.577 13.582 19.404 16.945 17.062 8.746 15.472 12.743 23.280 2.518 0.000 11.899 19.339 11.498 13.489 15.085 9.429 17.537 8.298 11.154 13.874 19.410 7.876 22.850 11.664 15.760 12.600 2.619 7.436 4.653 10.858 16.265 20.114 17.182 6.850 6.918 10.738 15.124 20.202 6.598 14.747 4.959 5.786 10.188 16.939 8.108 5.759 19.976 14.567 16.463 20.750 17.279 18.554 5.523 18.968 8.817 15.375 15.962 16.029 5.643 4.363 8.614 6.151 4.920 8.970 19.727 3.007 17.056 18.513 4.395 5.746 15.007 11.948 17.680 15.339 11.700 7.547 11.524 15.394 9.739 9.546 22.257 19.949 15.442 10.746 18.871 13.250 22.122 10.356 8.640 13.373 13.522 18.858 9.808 15.152 20.723 17.766 16.731 18.887 8.775 13.597 16.249 13.657 16.219 15.502 15.208 7.601 22.961 6.474 9.857 19.733 16.216 8.586 5.119 10.654 10.705 14.152 19.285 7.970 13.131 15.781 9.332 2.250 9.102 11.528 
33 8.831 7.466 16.629 13.580 17.611 11.741 5.384 13.960 6.605 9.093 15.688 1.087 1.708 11.058 6.478 10.696 8.438 9.273 7.069 15.057 9.900 8.382 1.871 17.806 6.796 12.125 9.288 18.820 1.566 15.000 13.761 11.899 0.000 13.044 14.992 13.990 3.556 14.361 9.762 11.864 4.646 14.885 14.448 6.724 15.931 4.567 12.912 9.729 9.288 5.109 8.413 4.216 8.886 14.533 7.229 5.458 11.168 14.537 9.880 14.061 5.989 4.191 13.975 6.114 16.030 8.084 5.560 9.653 12.809 4.818 9.624 11.401 19.676 9.080 10.564 16.924 12.765 4.105 15.822 4.130 6.581 12.422 15.103 14.162 7.912 12.584 21.386 14.068 18.194 20.413 7.608 14.566 3.562 4.607 16.063 3.442 8.896 13.372 7.610 4.656 3.702 6.151 15.568 15.553 16.633 12.788 19.739 13.955 13.371 2.718 14.010 13.663 2.479 14.566 15.461 5.326 13.129 8.550 6.612 13.072 3.252 14.624 10.507 13.524 5.556 10.390 5.570 9.357 14.390 14.014 14.530 11.929 9.524 13.629 15.111 15.808 15.026 16.034 19.957 3.980 14.087 18.832 8.822 11.920 2.898 8.831 
34 7.847 5.711 3.710 7.830 15.647 13.666 11.885 2.999 13.121 14.489 2.648 13.123 13.268 4.614 10.726 14.947 5.708 5.088 8.294 3.265 5.700 4.687 11.943 7.668 7.579 2.594 10.802 13.650 11.564 4.761 19.605 19.339 13.044 0.000 12.540 9.153 14.563 13.918 3.498 12.625 9.436 9.791 2.216 11.627 3.513 9.142 5.136 6.894 17.333 13.082 14.745 9.946 4.159 1.649 7.130 13.687 13.428 12.794 4.219 1.019 13.530 9.381 17.643 15.419 15.225 5.478 11.857 13.761 1.434 8.415 3.450 5.391 13.036 5.772 14.331 6.729 12.880 15.267 8.603 12.789 16.816 16.553 15.603 16.794 14.592 12.567 13.254 19.571 10.911 12.910 16.943 17.653 10.835 8.945 6.894 12.947 7.677 14.668 7.867 16.262 11.327 10.099 2.924 3.415 10.373 10.944 11.408 9.388 4.714 15.485 14.300 8.918 10.848 3.103 14.868 8.081 2.310 5.596 7.618 0.773 13.321 9.784 3.109 8.432 8.813 3.842 7.786 11.944 4.913 16.332 13.684 2.492 3.597 13.948 18.987 14.454 13.411 10.991 11.324 13.903 9.675 13.329 10.101 17.781 14.501 7.847 
35 7.005 12.944 13.165 4.788 3.217 4.601 9.824 15.523 9.311 8.032 13.744 14.166 16.442 15.736 8.523 6.923 9.297 14.756 16.286 15.724 15.958 11.538 15.525 8.871 15.225 9.977 5.722 4.224 14.544 17.296 10.225 11.498 14.992 12.540 0.000 3.476 18.390 2.200 12.965 3.652 10.763 3.180 11.377 8.459 15.609 11.116 7.443 6.922 11.147 10.670 8.940 11.018 11.977 12.397 15.122 10.783 4.994 0.760 9.508 12.964 10.174 14.616 7.288 11.844 2.789 13.781 9.648 6.823 13.791 13.709 11.530 16.649 5.825 15.359 6.427 8.798 2.836 19.028 5.323 17.924 13.156 7.185 3.743 6.000 9.272 2.819 8.236 9.918 5.649 7.025 12.283 6.836 15.874 11.266 7.547 17.535 7.054 4.005 8.213 19.647 11.294 8.865 14.945 11.270 4.184 2.283 7.431 3.212 16.940 15.640 2.975 3.653 14.659 10.438 2.594 14.004 14.717 14.607 15.073 11.811 12.476 3.032 10.377 4.142 15.459 9.497 13.832 5.953 17.369 5.513 1.769 14.274 11.284 2.933 8.270 1.957 1.040 2.818 7.863 12.295 2.934 4.430 6.182 9.260 13.881 7.005 
36 5.203 10.376 9.709 1.328 6.496 6.453 9.468 12.150 9.543 9.169 10.268 13.355 15.211 12.660 7.942 8.612 6.808 11.890 13.855 12.292 13.050 8.828 14.113 5.952 12.796 6.638 5.608 5.232 13.210 13.914 12.726 13.489 13.990 9.153 3.476 0.000 17.104 5.285 9.983 5.216 9.400 0.929 7.904 8.264 12.144 9.616 4.020 4.580 12.503 10.580 9.925 9.785 9.151 8.930 12.611 10.888 6.571 3.901 6.583 9.522 10.363 12.695 10.038 12.312 6.256 11.092 9.315 7.986 10.455 11.678 8.572 13.576 5.705 12.545 7.988 5.652 4.906 17.793 2.483 16.270 13.769 9.506 6.995 8.872 10.103 4.668 7.470 12.509 4.286 6.438 13.175 9.757 14.109 9.688 4.350 16.000 5.168 6.661 6.477 18.543 10.470 7.981 11.480 7.807 2.652 2.776 6.000 0.279 13.670 15.219 5.897 0.345 13.109 6.961 6.000 11.854 11.381 11.852 12.674 8.407 12.078 0.741 7.281 0.747 13.273 6.456 11.634 6.434 14.032 8.368 4.940 11.039 8.350 5.665 11.205 5.433 4.450 2.241 6.316 12.130 0.543 5.101 5.609 11.378 13.555 5.203 
37 11.902 8.876 18.267 16.544 21.098 15.287 8.929 14.776 10.154 12.624 17.115 4.592 1.951 11.522 9.938 14.239 10.948 9.962 6.955 15.939 10.179 10.216 3.010 20.323 7.222 14.216 12.733 22.092 3.898 15.449 17.103 15.085 3.556 14.563 18.390 17.104 0.000 17.867 11.076 15.371 7.729 18.021 16.301 10.253 16.940 7.489 15.488 12.647 12.520 8.647 11.912 7.402 10.540 16.171 7.708 8.956 14.715 17.973 12.167 15.537 9.511 5.214 17.489 9.378 19.547 9.133 9.104 13.208 13.995 6.259 11.379 11.588 22.809 9.528 14.118 19.391 16.263 0.725 18.730 2.132 9.519 15.940 18.649 17.710 11.406 16.070 24.363 17.439 21.199 23.455 10.699 18.096 3.728 7.427 18.675 1.673 11.938 16.921 10.629 1.699 7.181 9.528 16.700 17.493 19.710 16.150 22.642 17.099 13.709 4.843 17.539 16.767 4.095 16.616 18.979 6.501 14.088 9.273 7.116 14.766 6.741 17.775 12.539 16.573 5.869 12.644 6.798 12.876 14.735 17.567 18.019 12.922 11.355 17.154 18.594 19.297 18.483 19.229 22.819 7.393 17.257 22.071 12.209 15.324 6.006 11.902 
38 7.358 13.469 14.946 6.493 3.282 2.938 9.008 16.843 8.173 6.452 15.385 13.441 15.922 16.663 7.944 5.110 9.913 15.492 16.622 17.164 16.713 12.223 15.144 10.986 15.580 11.324 5.217 6.058 14.138 18.618 8.043 9.429 14.361 13.918 2.200 5.285 17.867 0.000 13.849 2.497 10.526 5.217 13.003 7.645 17.159 10.950 8.985 7.626 9.333 9.646 7.392 10.683 12.747 13.979 15.546 9.640 3.459 1.490 10.451 14.453 9.013 14.608 5.089 10.455 1.706 14.384 8.829 5.322 15.070 13.804 12.428 17.561 7.854 16.035 4.723 10.843 1.612 18.460 7.412 17.654 11.652 5.075 1.721 3.801 7.792 1.846 10.319 7.726 7.842 9.104 10.660 4.644 15.723 11.145 9.563 17.192 7.455 1.882 8.398 18.986 10.686 8.448 16.497 13.038 6.379 2.977 9.611 5.006 18.087 14.643 0.795 5.365 14.393 12.126 1.157 14.178 15.983 15.246 15.409 13.229 11.557 5.015 11.441 5.824 15.623 10.541 14.046 5.009 18.611 3.313 0.438 15.408 12.168 0.906 6.084 1.508 1.280 5.015 10.048 11.245 4.766 6.353 5.888 7.180 12.873 7.358 
39 6.730 2.301 7.207 8.799 16.181 12.863 9.564 4.372 11.016 12.835 6.047 9.970 9.842 2.817 8.724 13.638 4.092 2.005 4.922 5.376 3.081 1.960 8.527 10.390 4.118 4.024 9.667 15.049 8.235 5.791 18.216 17.537 9.762 3.498 12.965 9.983 11.076 13.849 0.000 12.039 6.754 10.810 5.434 9.661 6.181 6.351 6.438 6.227 15.277 10.640 12.886 7.212 1.275 5.131 3.691 11.272 12.499 13.016 3.457 4.461 11.245 5.922 16.708 12.950 15.380 1.986 9.579 12.358 3.047 5.009 1.436 3.712 14.872 2.722 13.087 9.410 12.525 11.777 10.285 9.292 14.239 15.417 15.402 16.081 12.633 12.214 15.577 18.267 12.827 15.018 14.569 16.874 7.349 6.106 9.172 9.453 6.590 14.154 6.186 12.776 8.602 7.994 5.806 6.674 11.884 10.962 13.710 10.151 4.604 12.317 14.046 9.673 7.459 6.008 14.930 4.623 3.458 2.266 4.141 3.805 10.498 10.708 2.738 9.240 5.319 3.527 4.335 10.700 5.425 15.671 13.716 2.301 1.686 13.651 18.077 14.713 13.656 12.131 13.722 11.175 10.423 14.815 8.875 16.285 11.524 6.730 
40 5.336 11.384 14.222 6.078 5.760 1.240 6.518 15.424 5.766 4.393 14.422 10.948 13.427 14.848 5.457 3.465 7.977 13.532 14.385 15.888 14.754 10.278 12.664 11.164 13.364 10.069 2.794 7.875 11.656 17.178 7.559 8.298 11.864 12.625 3.652 5.216 15.371 2.497 12.039 0.000 8.097 5.577 12.072 5.151 16.029 8.539 8.101 5.884 7.593 7.202 5.291 8.226 10.859 12.956 13.369 7.242 1.419 2.979 8.787 13.292 6.621 12.227 5.099 8.209 4.181 12.339 6.339 3.176 13.635 11.472 10.660 15.721 9.396 14.024 2.887 10.804 0.918 15.963 7.674 15.188 9.506 4.326 3.545 4.169 5.620 0.836 11.721 7.381 8.851 10.529 8.638 5.032 13.291 8.748 9.502 14.714 5.463 2.115 6.206 16.492 8.190 5.987 15.381 12.338 7.195 2.451 10.674 4.968 16.463 12.204 2.250 5.133 11.936 11.321 3.615 11.879 14.517 13.216 13.183 12.003 9.090 5.299 9.862 5.469 13.308 8.974 11.767 2.517 17.081 3.710 2.687 13.807 10.395 1.838 6.402 3.960 3.305 5.966 11.069 8.815 4.837 8.069 3.531 6.163 10.434 5.336 
41 4.206 4.854 12.734 8.938 13.639 8.344 2.982 11.114 4.585 6.868 12.041 4.204 5.816 8.982 2.843 8.126 4.071 7.221 6.770 12.055 8.275 4.898 4.782 13.243 5.891 7.964 5.313 14.366 3.832 12.525 12.275 11.154 4.646 9.436 10.763 9.400 7.729 10.526 6.754 8.097 0.000 10.309 10.420 3.617 12.730 0.526 8.360 5.084 8.721 3.918 6.632 0.525 5.561 10.715 6.074 4.554 7.814 10.414 5.645 10.438 4.614 4.189 11.503 6.202 12.233 5.823 3.050 6.848 9.609 3.621 6.048 9.640 15.103 7.404 7.748 12.390 8.921 8.405 11.176 7.170 7.490 10.005 11.594 11.293 6.271 8.682 16.753 12.435 13.565 15.798 7.838 11.907 5.198 0.806 11.470 6.773 4.261 9.953 2.966 9.144 1.892 2.154 12.247 11.411 12.028 8.493 15.094 9.383 11.176 6.429 10.343 9.066 3.900 10.356 11.677 4.149 10.178 6.625 5.682 9.269 3.890 10.058 6.504 8.903 5.445 6.157 4.145 5.803 12.093 11.014 10.608 9.053 5.862 9.935 12.815 11.863 10.967 11.503 15.310 4.477 9.534 14.342 4.658 10.297 5.156 4.206 
