param n := 96;
param m := 8;
param L := 30;
param Q := 3;
param T := 720;
param t :
    1   2   3   4   5   6   7   8   9  10  11  12  13  14  15  16  17  18  19  20  21  22  23  24  25  26  27  28  29  30  31  32  33  34  35  36  37  38  39  40  41  42  43  44  45  46  47  48  49  50  51  52  53  54  55  56  57  58  59  60  61  62  63  64  65  66  67  68  69  70  71  72  73  74  75  76  77  78  79  80  81  82  83  84  85  86  87  88  89  90  91  92  93  94  95  96  97  98  99 100 101 102 103 104 105 106 107 108 109 110 111 112 113 114 115 116 117 118 119 120 121 122 123 124 125 126 127 128 129 130 131 132 133 134 135 136 137 138 139 140 141 142 143 144 145 146 147 148 149 150 151 152 153 154 155 156 157 158 159 160 161 162 163 164 165 166 167 168 169 170 171 172 173 174 175 176 177 178 179 180 181 182 183 184 185 186 187 188 189 190 191 192 193 194 :=
1 0.000 10.518 8.626 9.758 1.396 9.629 6.434 11.336 5.308 7.305 3.996 9.872 7.208 7.203 6.928 5.473 5.647 5.077 8.729 3.897 12.241 10.183 9.524 6.569 8.686 9.609 5.525 11.774 7.654 13.024 4.134 7.104 6.763 12.572 4.135 8.810 10.793 4.965 7.190 9.739 11.698 2.336 6.453 2.529 9.322 12.695 12.223 6.655 10.894 8.683 10.164 10.073 9.130 0.433 12.370 10.727 0.738 9.985 6.072 11.117 3.258 7.508 9.815 10.183 11.950 0.397 7.142 7.286 10.613 9.977 9.812 9.812 12.329 7.064 9.396 4.761 6.025 10.599 13.742 7.813 9.209 4.398 6.258 2.720 10.143 10.659 7.085 7.545 4.872 11.317 10.967 1.089 0.699 9.676 1.030 8.612 8.360 10.103 8.117 8.754 8.804 9.659 7.412 10.774 7.341 5.131 11.722 11.452 5.584 7.335 6.607 4.530 12.972 4.343 4.990 8.638 7.901 6.786 8.551 6.494 12.058 4.287 6.364 4.544 3.539 8.826 8.711 9.136 12.281 10.817 12.294 11.436 9.475 9.851 8.308 8.794 1.010 7.162 2.960 7.576 9.073 9.330 11.320 9.089 6.878 2.998 7.281 6.569 4.652 4.765 6.652 3.871 4.128 7.378 8.809 6.191 5.192 10.274 2.061 7.116 2.777 1.849 11.613 10.390 10.461 8.948 9.118 8.837 10.775 4.218 3.965 8.306 5.902 12.961 12.122 4.762 7.003 11.222 8.025 8.753 3.668 2.811 7.734 12.070 7.715 8.827 7.327 7.746 5.288 3.157 10.105 7.755 5.890 0.000 
2 10.518 0.000 4.317 10.810 9.630 5.733 15.325 21.854 6.190 7.953 10.299 8.686 5.361 3.327 17.431 7.055 6.015 10.239 14.857 14.108 2.452 19.915 20.039 9.224 10.959 13.526 6.951 16.248 14.984 17.133 13.695 14.089 15.658 2.625 13.755 13.060 16.629 15.483 3.924 12.495 22.141 8.833 16.721 12.569 12.776 17.663 15.152 5.379 13.536 17.097 11.830 16.543 16.970 10.479 16.329 15.856 10.518 20.393 16.160 14.872 13.771 11.522 20.166 20.678 1.492 10.655 5.323 11.639 15.300 8.473 8.622 3.680 22.836 14.621 10.922 5.927 14.111 16.831 17.320 3.581 18.305 8.919 12.695 8.470 4.821 2.158 7.509 15.898 6.993 15.137 1.611 11.242 9.833 19.961 11.505 8.244 17.965 11.791 18.027 16.628 6.547 17.510 10.955 13.791 9.246 8.597 22.184 21.925 15.837 7.964 5.371 14.875 16.367 8.963 6.861 17.629 18.247 4.009 10.316 5.253 15.368 14.597 15.484 13.664 13.913 2.322 19.228 19.052 1.817 2.112 15.840 2.743 19.786 18.804 18.807 19.252 9.571 10.661 10.939 3.584 17.891 11.572 14.387 14.871 16.190 9.551 13.892 14.659 6.643 15.278 17.161 14.308 8.132 17.889 11.902 5.060 11.142 14.579 11.454 12.379 12.976 11.741 3.281 15.615 20.958 19.269 19.136 12.693 1.328 8.606 14.200 17.816 14.481 2.676 22.639 14.389 8.852 21.716 10.136 9.078 9.684 8.567 16.561 17.486 17.381 16.553 11.320 12.897 10.171 8.513 10.077 17.706 16.312 10.518 
3 8.626 4.317 0.000 12.776 7.372 1.770 14.598 19.552 3.329 9.485 6.948 11.153 1.548 3.739 15.349 7.696 6.607 6.563 15.334 12.518 6.767 18.762 17.829 10.253 12.489 9.268 7.615 11.969 14.968 18.535 12.535 14.154 14.943 6.917 12.565 8.853 12.473 13.335 5.231 14.042 20.174 6.409 14.015 10.025 14.095 18.766 10.835 6.627 9.219 16.683 13.700 12.484 13.179 8.419 17.742 11.640 8.335 17.736 14.690 16.265 11.623 7.388 18.386 18.217 5.023 8.900 6.916 7.548 11.056 4.274 11.079 6.992 20.395 14.482 12.728 5.454 13.702 17.387 18.926 1.479 14.843 9.011 12.846 5.999 8.111 2.836 8.991 15.466 3.920 16.526 5.816 9.609 8.062 18.276 9.650 10.296 14.745 7.474 16.719 12.863 8.957 17.386 6.806 15.369 5.046 4.967 20.169 19.369 14.209 9.508 6.581 13.147 17.988 9.028 7.160 14.159 15.565 4.774 11.937 6.348 11.053 12.056 14.642 10.549 11.489 4.958 16.941 17.745 5.861 6.172 17.375 3.298 18.067 15.267 16.717 17.280 7.619 11.666 7.937 5.194 14.345 13.199 10.072 10.777 12.932 6.605 10.017 14.285 6.608 13.058 14.859 12.458 5.013 15.756 7.636 2.510 7.470 15.746 10.201 8.374 10.482 9.255 7.409 11.417 18.503 16.523 17.739 8.461 5.512 5.327 12.589 14.557 11.082 6.824 20.302 13.218 4.702 19.602 11.591 4.761 9.396 7.802 15.914 18.405 16.250 16.447 12.243 8.826 6.436 7.947 12.335 16.362 14.455 8.626 
4 9.758 10.810 12.776 0.000 10.358 14.521 8.969 17.876 11.122 3.325 13.081 2.396 12.366 9.064 13.836 5.430 6.330 13.915 5.846 10.443 10.476 13.349 16.153 3.241 1.296 18.646 5.472 21.130 7.045 6.434 9.145 6.306 9.152 10.800 9.253 17.888 20.417 12.700 7.603 1.996 17.204 10.552 15.079 12.102 2.629 7.199 21.115 6.148 19.572 9.443 1.029 19.773 18.879 10.128 5.648 20.201 10.418 17.713 11.360 4.284 11.700 16.332 15.105 17.367 12.035 9.481 5.889 16.215 19.967 16.464 2.431 7.305 19.091 7.110 0.486 7.862 7.481 7.238 6.526 11.299 18.667 5.426 5.415 10.590 6.391 12.588 3.811 8.630 11.485 4.536 9.796 9.354 9.354 14.696 9.963 2.577 17.573 18.285 12.259 18.505 4.275 9.124 16.016 3.100 15.108 13.018 17.368 18.662 11.561 3.298 6.195 11.228 5.577 5.471 6.107 18.171 16.118 8.006 1.208 6.431 21.073 13.217 9.353 14.257 12.499 8.598 15.732 13.036 11.570 9.240 5.096 13.380 14.646 19.338 14.869 14.892 9.701 2.790 12.497 7.736 18.646 1.199 20.196 18.633 16.381 11.828 16.903 7.704 6.773 12.765 14.247 11.220 11.779 14.307 17.437 10.903 14.401 4.319 8.513 16.359 12.176 11.574 8.893 19.871 17.578 17.093 13.324 17.774 9.884 12.239 10.547 17.591 15.644 11.522 18.631 9.534 14.638 17.246 1.734 16.007 6.097 7.282 9.596 7.251 11.352 8.348 3.016 17.020 14.046 6.897 1.072 12.114 12.467 9.758 
5 1.396 9.630 7.372 10.358 0.000 8.288 7.826 12.323 4.044 7.591 2.847 10.156 5.910 6.381 8.010 5.539 5.430 3.862 9.942 5.225 11.525 11.532 10.548 7.119 9.389 8.532 5.567 10.849 8.960 14.126 5.530 8.362 8.157 11.841 5.530 7.741 10.059 6.003 6.633 10.575 12.826 0.975 7.100 2.949 10.230 13.876 11.119 6.396 9.722 10.070 10.874 9.439 8.795 1.078 13.442 9.868 0.963 10.764 7.397 12.133 4.276 6.338 11.014 11.081 11.014 1.768 6.912 6.145 9.682 8.582 10.090 9.379 13.252 8.378 10.040 4.214 7.364 11.861 14.803 6.680 9.281 4.935 7.413 1.381 9.860 9.562 7.293 8.923 3.533 12.347 10.246 2.484 1.195 10.906 2.343 8.899 8.630 8.827 9.455 8.415 8.814 11.027 6.181 11.690 5.981 3.749 12.832 12.309 6.869 7.623 6.341 5.795 13.996 4.893 4.945 8.659 8.619 6.148 9.166 6.184 10.992 4.968 7.760 4.466 4.293 8.150 9.692 10.466 11.428 10.163 13.319 10.308 10.695 9.883 9.387 9.925 0.693 7.930 2.155 6.999 9.041 10.072 10.205 8.280 6.984 1.698 6.548 7.919 4.455 5.751 7.606 5.091 2.734 8.434 7.604 5.013 4.134 11.328 3.404 6.103 3.346 2.120 11.063 9.536 11.364 9.645 10.429 7.719 10.029 2.829 5.285 8.532 5.670 12.169 13.095 6.154 5.629 12.292 8.649 7.372 4.430 3.089 9.128 13.283 9.085 10.181 8.189 6.755 4.054 3.475 10.574 9.089 7.083 1.396 
6 9.629 5.733 1.770 14.521 8.288 0.000 15.839 20.126 4.405 11.217 7.251 12.922 2.514 5.506 16.083 9.365 8.299 6.614 16.860 13.511 8.124 19.812 18.466 11.926 14.198 8.378 9.290 10.977 16.392 20.196 13.679 15.606 16.182 8.222 13.698 8.094 11.736 14.079 6.998 15.743 20.894 7.314 14.465 10.672 15.769 20.381 9.615 8.374 8.057 17.985 15.434 11.891 12.874 9.363 19.409 10.806 9.229 18.151 15.684 17.936 12.408 6.817 19.204 18.728 6.110 9.945 8.677 7.041 10.171 2.761 12.848 8.702 20.891 15.882 14.461 7.041 15.045 18.912 20.613 3.242 14.791 10.563 14.335 6.915 9.836 3.835 10.725 16.778 4.759 18.194 7.312 10.671 9.140 19.134 10.625 12.056 14.868 6.282 17.740 12.589 10.728 18.757 6.233 17.067 4.486 5.212 20.868 19.817 15.151 11.242 8.326 14.072 19.680 10.574 8.799 14.112 16.000 6.530 13.659 8.090 9.890 12.640 15.847 10.844 12.149 6.680 17.555 18.753 7.040 7.727 19.059 3.931 18.914 15.149 17.426 18.033 8.650 13.319 8.421 6.965 14.235 14.913 8.927 10.166 13.065 7.211 9.698 15.628 8.214 13.775 15.499 13.350 5.662 16.459 6.765 3.918 7.466 17.388 11.376 7.955 11.139 9.964 8.955 10.621 19.013 16.906 18.715 7.658 7.012 5.828 13.572 14.657 11.160 8.008 20.850 14.344 4.287 20.263 13.299 3.705 10.859 9.206 17.160 19.991 17.338 17.832 13.879 8.300 6.437 9.394 14.097 17.375 15.301 9.629 
7 6.434 15.325 14.598 8.969 7.826 15.839 0.000 8.976 11.434 8.737 10.222 10.545 13.339 12.150 5.396 8.432 9.352 11.329 4.194 3.368 16.353 4.736 7.343 7.229 7.688 15.444 8.535 17.149 2.474 8.583 2.358 2.805 0.345 16.713 2.390 14.658 15.703 5.158 11.434 7.650 8.237 8.725 7.622 6.991 6.908 7.732 18.047 10.164 16.909 2.267 8.680 14.761 13.060 6.807 8.210 15.977 7.046 9.222 2.741 7.543 5.334 13.608 6.136 8.663 16.816 6.059 10.429 13.339 16.058 16.404 10.524 13.234 10.201 2.061 8.484 9.550 1.511 5.225 9.498 13.502 11.784 6.487 3.584 9.078 12.992 16.098 8.902 1.282 11.158 7.614 15.202 5.346 6.773 5.729 5.623 9.608 10.397 16.355 3.301 12.749 10.851 3.380 13.620 7.933 13.750 11.563 8.399 9.901 3.255 8.751 10.151 3.631 9.049 6.434 8.490 11.513 8.114 11.320 8.055 10.198 17.791 6.639 0.420 8.885 6.262 13.156 7.089 4.156 16.853 14.849 8.462 16.941 5.677 12.448 6.135 6.025 7.303 6.458 8.955 11.803 12.041 7.907 17.193 14.319 9.912 9.395 12.495 1.308 8.687 5.421 6.133 4.174 10.541 5.797 14.939 12.088 11.217 6.615 4.484 12.936 6.705 7.127 15.212 15.650 8.838 8.913 4.399 14.791 15.110 10.652 3.402 10.523 10.177 17.283 9.709 1.915 13.428 8.292 7.685 15.181 5.644 6.907 1.321 6.935 2.412 2.751 6.012 13.483 11.557 6.873 9.874 3.145 4.186 6.434 
8 11.336 21.854 19.552 17.876 12.323 20.126 8.976 0.000 16.280 17.040 12.909 19.204 18.021 18.537 4.470 16.009 16.582 13.725 12.963 8.047 23.507 5.971 1.844 15.673 16.582 15.573 16.095 15.854 11.286 16.842 9.003 11.772 8.858 23.848 8.905 15.009 13.852 6.371 18.400 16.626 1.922 13.229 5.738 9.528 15.882 15.690 17.631 17.565 17.233 9.448 17.647 12.795 10.518 11.392 16.677 14.696 11.386 2.587 6.547 16.309 8.087 14.896 3.089 1.541 23.283 11.212 17.976 14.565 15.153 19.424 19.172 20.813 1.227 10.997 17.393 16.031 10.415 13.254 17.794 18.994 7.929 14.217 12.463 13.632 20.890 21.882 17.065 9.670 15.633 16.332 22.245 10.676 12.023 3.577 10.357 18.125 6.722 17.610 5.860 10.443 19.041 10.536 15.252 16.847 16.360 14.928 1.673 1.473 6.494 17.062 17.530 7.203 17.564 14.153 15.771 8.239 4.313 18.058 16.878 17.481 17.188 7.502 8.570 9.458 8.071 20.095 2.632 5.467 23.612 22.046 17.065 22.615 3.505 8.266 3.151 2.986 12.293 15.223 11.706 18.792 8.596 16.858 17.060 13.458 7.973 12.967 12.245 10.281 15.656 6.584 4.717 7.630 14.557 3.990 16.012 17.315 13.039 15.422 10.730 13.707 9.073 10.310 22.723 14.470 1.302 3.731 5.072 15.378 22.069 14.315 7.941 7.001 9.704 24.271 0.798 8.465 16.287 1.046 16.454 17.838 13.212 13.603 8.737 14.858 6.761 10.687 14.869 13.900 13.943 13.796 18.718 5.896 5.744 11.336 
9 5.308 6.190 3.329 11.122 4.044 4.405 11.434 16.280 0.000 7.830 4.110 10.028 1.914 3.513 12.034 5.698 4.840 4.143 12.629 9.205 8.434 15.473 14.535 8.156 10.543 8.195 5.651 10.913 12.048 16.250 9.291 11.290 11.778 8.694 9.314 7.561 10.879 10.021 4.588 12.015 16.857 3.083 10.831 6.761 11.916 16.300 10.371 5.356 8.748 13.584 11.917 10.630 10.834 5.091 15.486 10.276 5.006 14.551 11.379 14.043 8.303 5.922 15.057 14.976 7.405 5.596 5.822 5.940 9.832 5.491 9.953 7.248 17.155 11.523 10.960 3.260 10.658 14.668 16.759 2.791 12.119 6.457 10.068 2.674 8.117 5.663 7.371 12.380 0.807 14.292 7.215 6.314 4.770 14.947 6.328 8.931 11.828 7.275 13.418 10.483 8.061 14.377 5.442 13.301 4.121 2.568 16.856 16.157 10.886 7.860 5.295 9.821 15.857 6.455 5.034 11.442 12.380 3.975 10.095 5.051 10.436 8.807 11.446 7.541 8.209 5.443 13.658 14.441 7.997 7.320 15.207 6.352 14.738 12.615 13.406 13.959 4.306 9.432 4.833 4.805 11.701 11.274 9.484 9.047 10.036 3.447 7.839 11.241 4.375 9.751 11.572 9.129 1.946 12.447 6.720 1.136 5.018 13.403 6.977 6.502 7.210 5.970 8.446 9.992 15.261 13.365 14.426 7.299 6.942 2.419 9.273 11.667 8.296 8.859 17.038 9.964 3.641 16.300 9.660 4.886 6.594 4.898 12.755 15.847 12.977 13.460 9.920 7.098 4.118 5.134 10.939 13.059 11.126 5.308 
10 7.305 7.953 9.485 3.325 7.591 11.217 8.737 17.040 7.830 0.000 10.136 2.574 9.041 5.809 12.691 2.202 3.010 10.875 7.096 9.087 8.164 13.456 15.223 1.534 3.067 15.558 2.223 18.121 7.605 9.248 8.038 6.707 9.014 8.518 8.136 14.821 17.566 11.189 4.396 4.633 16.721 7.601 13.328 9.808 4.836 9.715 17.966 2.876 16.394 9.962 4.216 17.005 16.351 7.605 8.443 17.254 7.861 16.411 10.554 6.968 9.866 13.229 14.601 16.272 9.312 7.115 2.707 13.138 16.967 13.140 2.512 4.871 18.206 7.399 3.244 4.573 7.270 8.978 9.531 8.013 16.497 3.011 5.378 7.572 4.355 9.528 0.494 8.880 8.238 7.234 7.232 7.205 6.765 14.263 7.777 1.312 15.565 15.048 11.941 15.972 2.118 10.073 12.875 5.960 11.868 9.846 16.841 17.592 10.546 0.032 2.917 9.933 8.580 3.075 2.888 15.938 14.571 4.738 2.470 3.141 17.954 11.275 9.033 11.835 10.516 5.644 14.641 12.870 9.022 6.744 8.003 10.353 14.158 17.146 13.906 14.095 6.998 2.799 9.742 4.589 16.377 3.746 17.052 15.744 14.168 8.886 14.091 7.704 3.546 11.163 12.876 9.708 8.632 13.183 14.276 7.578 11.447 6.629 6.632 13.369 9.983 9.152 6.771 16.931 16.515 15.602 13.076 14.673 7.246 9.121 9.195 15.538 13.159 9.187 17.830 8.606 11.393 16.578 2.201 12.713 3.976 4.547 9.735 9.537 11.111 9.150 3.464 14.030 10.985 4.173 3.136 11.708 11.339 7.305 
11 3.996 10.299 6.948 13.081 2.847 7.251 10.222 12.909 4.110 10.136 0.000 12.649 5.409 7.456 9.052 7.974 7.583 1.107 12.720 7.178 12.520 13.343 11.300 9.846 12.169 5.686 7.979 8.054 11.636 16.961 7.865 11.100 10.531 12.789 7.838 4.896 7.443 7.111 8.203 13.398 13.791 2.539 7.218 3.696 13.070 16.678 8.275 8.430 6.903 12.489 13.650 6.960 6.807 3.568 16.283 7.129 3.278 10.901 9.212 14.979 5.601 3.515 12.251 11.489 11.491 4.392 8.952 3.306 6.888 6.674 12.580 10.997 13.646 11.042 12.788 6.071 9.983 14.594 17.646 6.836 8.016 7.695 10.223 2.584 11.695 9.617 9.780 11.408 3.307 15.192 11.282 5.002 4.024 12.250 4.616 11.416 7.806 6.145 11.257 6.444 11.061 13.542 3.426 14.529 3.694 2.042 13.743 12.566 8.567 10.168 8.369 7.502 16.843 7.659 7.314 7.337 8.749 7.620 11.906 8.165 8.145 5.489 10.083 3.615 5.113 9.389 10.375 12.202 12.105 11.342 16.165 10.214 12.014 8.505 10.341 10.997 3.539 10.742 1.347 8.506 7.592 12.865 7.362 5.610 5.996 1.255 4.039 10.510 6.716 6.773 8.362 6.739 2.175 9.381 4.813 5.241 1.320 14.171 6.044 3.285 4.149 3.204 12.410 6.803 11.773 9.658 12.085 4.876 11.018 1.697 7.204 7.627 4.198 12.968 13.620 8.395 3.494 13.106 11.397 5.204 7.264 5.811 11.470 16.063 11.069 12.750 11.024 3.944 1.336 6.192 13.211 10.884 8.487 3.996 
12 9.872 8.686 11.153 2.396 10.156 12.922 10.545 19.204 10.028 2.574 12.649 0.000 10.984 7.420 14.956 4.675 5.230 13.342 7.978 11.399 8.141 15.139 17.418 3.582 3.209 17.973 4.672 20.579 8.944 8.798 10.240 8.115 10.778 8.456 10.343 17.254 20.090 13.572 5.927 4.373 18.727 10.126 15.791 12.365 4.935 9.594 20.322 4.704 18.725 11.370 3.396 19.551 18.924 10.177 8.022 19.744 10.435 18.751 12.662 6.678 12.334 15.641 16.605 18.536 9.821 9.672 4.302 15.570 19.433 15.100 0.075 5.066 20.395 8.893 2.713 6.851 9.035 9.537 8.822 9.682 19.051 5.528 6.980 10.070 4.067 10.592 2.873 10.429 10.527 6.928 7.545 9.726 9.338 16.231 10.310 1.262 18.092 17.301 13.835 18.545 2.219 11.211 15.257 5.487 14.135 12.218 18.868 19.852 12.743 2.543 4.763 12.231 7.887 5.588 5.339 18.499 16.983 6.434 2.632 5.011 20.337 13.776 10.891 14.407 13.023 6.596 16.897 14.695 9.291 6.974 7.448 11.345 16.152 19.703 16.107 16.228 9.569 4.092 12.303 5.967 18.942 3.496 19.416 18.259 16.724 11.406 16.632 9.367 5.963 13.574 15.223 12.080 11.039 15.443 16.633 9.592 13.951 6.692 9.083 15.851 12.527 11.720 6.536 19.425 18.768 18.000 14.944 17.081 7.662 11.546 11.507 18.072 15.733 9.184 19.983 10.742 13.655 18.668 2.889 14.851 6.442 7.121 11.360 9.640 12.957 10.370 4.610 16.508 13.438 6.747 1.439 13.642 13.588 9.872 
13 7.208 5.361 1.548 12.366 5.910 2.514 13.339 18.021 1.914 9.041 5.409 10.984 0.000 3.713 13.847 7.055 6.048 5.078 14.380 11.104 7.783 17.383 16.307 9.600 11.932 8.210 6.989 10.949 13.882 17.825 11.205 13.101 13.683 7.983 11.228 7.711 11.268 11.833 5.133 13.453 18.672 4.938 12.469 8.497 13.427 17.957 10.036 6.301 8.394 15.475 13.233 11.197 11.758 6.973 17.046 10.506 6.868 16.189 13.280 15.583 10.129 6.161 16.910 16.677 6.308 7.504 6.682 6.280 9.966 4.120 10.909 7.384 18.855 13.369 12.262 4.652 12.531 16.429 18.281 1.823 13.342 8.110 11.842 4.530 8.416 4.257 8.557 14.267 2.404 15.838 6.693 8.225 6.682 16.813 8.221 10.002 13.212 6.728 15.324 11.432 8.865 16.243 5.597 14.765 3.913 3.455 18.661 17.824 12.774 9.068 6.246 11.704 17.360 8.117 6.446 12.658 14.019 4.572 11.428 5.999 10.194 10.521 13.356 9.004 9.966 5.378 15.415 16.344 7.059 6.946 16.725 4.809 16.600 13.781 15.210 15.784 6.211 10.956 6.390 5.213 12.858 12.657 9.212 9.515 11.400 5.063 8.621 13.115 5.828 11.549 13.336 11.001 3.470 14.246 6.605 1.488 5.990 14.997 8.889 7.043 8.957 7.737 8.163 10.260 16.963 14.975 16.323 7.358 6.394 3.779 11.170 13.028 9.563 7.996 18.767 11.878 3.500 18.086 11.035 4.051 8.363 6.698 14.660 17.543 14.890 15.318 11.490 7.544 4.967 6.896 12.048 14.963 12.984 7.208 
14 7.203 3.327 3.739 9.064 6.381 5.506 12.150 18.537 3.513 5.809 7.456 7.420 3.713 0.000 14.107 4.258 3.135 7.635 12.138 10.788 5.167 16.670 16.718 6.737 8.856 11.615 4.163 14.353 12.042 14.987 10.419 11.170 12.489 5.471 10.475 11.020 14.389 12.166 1.493 10.421 18.815 5.653 13.480 9.330 10.539 15.323 13.639 2.933 11.997 14.027 10.008 14.140 14.257 7.182 14.186 13.764 7.238 17.124 12.855 12.705 10.460 9.391 16.845 17.377 4.791 7.331 3.183 9.431 13.297 7.757 7.346 3.772 19.530 11.627 9.040 2.631 11.017 14.171 15.321 2.264 15.336 5.917 9.796 5.323 4.734 4.024 5.316 12.814 4.286 12.969 3.894 7.915 6.514 16.646 8.183 6.562 14.879 10.387 14.749 13.896 5.238 14.547 8.883 11.751 7.388 6.081 18.857 18.634 12.519 5.831 2.893 11.550 14.375 5.951 3.873 14.674 14.991 1.074 8.277 2.676 13.756 11.337 12.282 10.591 10.636 1.941 15.913 15.778 5.078 3.894 13.782 4.880 16.468 15.875 15.482 15.925 6.273 8.187 7.886 1.507 14.978 9.551 12.784 12.559 13.141 6.532 11.326 11.582 3.502 11.967 13.853 10.981 5.305 14.567 10.076 2.587 8.486 12.257 8.150 10.015 9.721 8.501 4.960 13.486 17.657 16.023 15.849 10.728 3.660 5.831 10.879 14.750 11.533 5.789 19.324 11.116 6.925 18.391 7.967 7.750 6.561 5.297 13.417 15.032 14.130 13.589 8.805 10.607 7.622 5.283 8.597 14.422 12.986 7.203 
15 6.928 17.431 15.349 13.836 8.010 16.083 5.396 4.470 12.034 12.691 9.052 14.956 13.847 14.107 0.000 11.560 12.114 10.006 9.590 3.617 19.044 5.082 2.628 11.385 12.543 12.828 11.645 13.804 7.870 13.921 4.725 8.120 5.414 19.386 4.619 12.140 12.012 2.014 13.934 12.816 4.825 8.953 2.940 5.420 12.113 12.969 15.214 13.099 14.467 6.741 13.740 10.964 8.881 7.024 13.589 12.591 7.054 3.895 2.656 12.932 3.734 11.634 3.216 3.583 18.874 6.776 13.515 11.311 12.878 15.719 14.918 16.347 5.563 7.436 13.363 11.576 6.607 10.434 14.851 14.684 6.967 9.805 8.511 9.361 16.445 17.556 12.683 6.450 11.443 13.008 17.784 6.217 7.602 3.285 5.926 13.828 5.501 14.471 3.433 8.657 14.647 8.012 11.876 13.255 12.692 10.979 4.822 4.902 2.283 12.714 13.064 2.768 14.438 9.740 11.307 6.888 2.820 13.600 12.763 13.013 14.844 3.604 4.980 6.045 3.952 15.634 1.950 3.943 19.175 17.579 13.857 18.314 3.035 7.573 1.381 1.952 7.909 11.095 7.747 14.326 7.397 12.910 14.492 11.077 5.696 8.873 9.488 6.648 11.187 2.308 1.033 3.161 10.431 0.492 12.886 13.023 9.474 12.000 6.269 10.590 4.953 6.123 18.254 12.303 3.823 3.524 3.648 12.425 17.613 10.263 3.509 5.696 6.821 19.818 5.267 4.304 12.538 4.295 12.306 14.204 8.798 9.133 5.722 12.144 3.959 7.792 10.824 10.945 10.239 9.329 14.598 3.177 1.372 6.928 
16 5.473 7.055 7.696 5.430 5.539 9.365 8.432 16.009 5.698 2.202 7.974 4.675 7.055 4.258 11.560 0.000 1.124 8.685 7.895 7.963 7.921 13.133 14.167 2.561 4.880 13.357 0.105 15.929 7.929 10.839 7.171 7.035 8.751 8.281 7.253 12.623 15.415 9.861 3.141 6.398 15.922 5.452 11.785 8.001 6.404 11.098 15.765 1.735 14.196 10.072 6.223 14.884 14.334 5.712 10.048 15.076 5.936 15.095 9.737 8.573 8.367 11.027 13.839 15.088 8.524 5.358 2.021 10.938 14.778 11.099 4.606 4.876 17.123 7.571 5.263 2.446 7.122 9.919 11.249 6.269 14.663 1.947 5.642 5.397 4.884 8.244 1.810 8.889 6.060 8.832 6.777 5.609 4.858 13.556 6.120 3.447 13.832 12.867 11.392 13.955 3.332 10.455 10.673 7.714 9.688 7.645 16.012 16.402 9.585 2.234 1.726 8.806 10.319 2.002 0.687 14.076 13.133 3.226 4.403 1.806 15.751 9.658 8.644 9.913 8.893 4.788 13.493 12.385 8.464 6.417 9.694 9.098 13.418 15.295 12.860 13.152 5.002 3.973 7.665 3.471 14.491 5.608 14.851 13.584 12.334 6.732 11.962 7.651 1.350 9.775 11.590 8.440 6.430 12.050 12.075 5.570 9.277 8.056 5.297 11.186 8.237 7.279 6.844 14.756 15.347 14.180 12.530 12.471 6.698 6.919 8.069 13.779 11.187 8.854 16.807 7.824 9.215 15.664 3.986 10.582 2.877 2.667 9.608 10.783 10.650 9.498 4.568 11.845 8.790 2.352 5.336 11.109 10.266 5.473 
17 5.647 6.015 6.607 6.330 5.430 8.299 9.352 16.582 4.840 3.010 7.583 5.230 6.048 3.135 12.114 1.124 0.000 8.180 9.010 8.570 7.071 14.010 14.738 3.651 5.903 12.757 1.031 15.388 8.992 11.933 7.914 8.105 9.680 7.427 7.988 12.048 15.006 10.323 2.093 7.445 16.605 5.146 12.082 8.129 7.489 12.214 15.092 1.010 13.496 11.081 7.185 14.542 14.160 5.810 11.138 14.593 5.990 15.515 10.460 9.660 8.740 10.426 14.549 15.585 7.498 5.610 1.499 10.366 14.251 10.134 5.157 4.238 17.665 8.612 6.214 1.620 8.101 11.038 12.320 5.166 14.695 2.904 6.718 5.010 4.496 7.130 2.539 9.885 5.301 9.921 5.874 5.987 4.975 14.291 6.431 4.095 13.960 12.094 12.203 13.782 3.477 11.514 10.031 8.769 8.919 6.992 16.681 16.889 10.246 3.038 0.966 9.397 11.384 2.949 0.866 14.081 13.490 2.112 5.383 0.901 15.109 9.924 9.537 9.890 9.167 3.804 14.021 13.212 7.501 5.570 10.769 7.984 14.140 15.306 13.445 13.786 4.997 5.082 7.462 2.453 14.470 6.623 14.186 13.160 12.381 6.381 11.618 8.646 0.997 10.200 12.056 8.959 5.833 12.598 11.403 4.575 8.850 9.164 5.863 10.698 8.418 7.356 6.144 14.281 15.852 14.540 13.334 11.862 5.766 6.352 8.672 13.886 11.092 7.958 17.380 8.590 8.441 16.295 5.004 9.714 3.715 2.992 10.565 11.905 11.499 10.555 5.686 11.350 8.260 2.788 6.099 11.904 10.864 5.647 
18 5.077 10.239 6.563 13.915 3.862 6.614 11.329 13.725 4.143 10.875 1.107 13.342 5.078 7.635 10.006 8.685 8.180 0.000 13.785 8.270 12.551 14.400 12.170 10.697 13.053 4.743 8.679 7.245 12.727 17.986 8.972 12.178 11.638 12.798 8.945 3.974 6.865 8.103 8.549 14.327 14.692 3.388 7.994 4.729 14.029 17.732 7.286 8.958 5.861 13.596 14.527 6.521 6.732 4.653 17.297 6.413 4.369 11.614 10.283 15.974 6.648 2.482 13.218 12.270 11.333 5.474 9.472 2.317 6.093 5.729 13.270 11.304 14.404 12.135 13.643 6.603 11.080 15.675 18.655 6.686 8.282 8.585 11.271 3.325 12.085 9.335 10.493 12.514 3.351 16.192 11.348 6.098 5.055 13.237 5.722 12.130 8.261 5.041 12.318 6.392 11.642 14.648 2.335 15.486 2.686 1.646 14.631 13.296 9.628 10.907 8.896 8.570 17.838 8.553 8.008 7.598 9.494 7.947 12.758 8.677 7.192 6.412 11.189 4.293 6.102 9.574 11.238 13.252 12.016 11.464 17.162 9.861 12.997 8.706 11.264 11.939 4.547 11.662 2.421 8.820 7.784 13.760 6.368 5.014 6.454 2.178 3.696 11.610 7.379 7.755 9.267 7.807 2.405 10.312 3.744 5.220 0.913 15.181 7.132 2.518 5.170 4.290 12.585 6.101 12.552 10.354 13.124 3.893 11.070 1.864 8.293 8.056 4.559 12.914 14.414 9.499 2.564 13.976 12.257 4.199 8.224 6.698 12.576 17.128 12.152 13.853 11.975 3.170 0.238 7.070 13.985 11.946 9.509 5.077 
19 8.729 14.857 15.334 5.846 9.942 16.860 4.194 12.963 12.629 7.096 12.720 7.978 14.380 12.138 9.590 7.895 9.010 13.785 0.000 7.079 15.260 7.759 11.436 5.664 4.772 18.320 7.995 20.352 1.723 4.537 5.714 1.709 4.203 15.614 5.804 17.521 19.127 9.179 11.005 4.053 11.955 10.622 11.690 10.197 3.297 3.983 20.940 9.486 19.622 3.759 5.218 18.264 16.785 9.160 4.065 19.239 9.459 13.403 6.934 3.366 8.932 16.235 9.963 12.795 16.284 8.336 9.545 16.015 19.211 18.046 7.984 11.967 14.188 2.186 5.397 9.885 3.209 2.054 5.402 14.000 15.782 6.324 2.578 10.869 11.379 16.139 7.462 3.293 12.616 3.423 14.298 7.793 8.748 9.503 8.298 7.439 14.446 18.766 7.108 16.448 9.072 3.279 16.116 3.928 15.825 13.552 12.155 13.996 7.414 7.095 9.500 7.591 4.875 6.307 8.280 15.450 12.289 11.121 5.357 9.643 20.757 10.406 4.611 12.322 9.878 12.540 11.253 7.680 16.076 13.828 4.272 16.993 9.513 16.457 10.281 10.092 9.276 4.298 11.649 11.303 15.973 4.650 20.042 17.572 13.762 11.639 15.726 2.982 8.756 9.391 10.306 7.957 12.355 9.988 17.527 12.942 13.914 2.460 6.722 15.811 10.041 10.053 13.850 18.904 12.953 13.105 8.026 17.563 14.289 12.630 7.150 14.548 13.705 16.280 13.653 5.681 15.424 12.176 5.220 17.098 6.034 7.736 4.235 3.343 6.202 2.560 3.636 16.422 13.986 7.497 6.899 7.073 8.359 8.729 
20 3.897 14.108 12.518 10.443 5.225 13.511 3.368 8.047 9.205 9.087 7.178 11.399 11.104 10.788 3.617 7.963 8.570 8.270 7.079 0.000 15.578 6.310 6.206 7.817 9.170 12.150 8.050 13.787 5.503 11.613 1.401 5.402 3.609 15.927 1.299 11.374 12.338 2.270 10.466 9.657 8.060 6.198 4.744 3.698 9.015 10.912 14.736 9.539 13.656 5.538 10.468 11.402 9.762 4.148 11.130 12.612 4.300 7.352 2.176 10.208 1.966 10.419 6.058 7.188 15.579 3.622 9.938 10.134 12.703 13.668 11.357 12.785 9.171 4.936 9.985 8.188 3.870 8.474 12.479 11.655 8.725 6.188 5.361 6.596 12.843 14.457 9.069 4.649 8.753 10.335 14.335 2.934 4.468 5.864 2.887 10.246 7.432 13.222 4.230 9.439 11.030 6.730 10.489 10.301 10.832 8.773 8.123 8.509 1.733 9.110 9.507 0.849 11.904 6.123 7.743 8.374 5.676 10.181 9.319 9.471 14.465 3.341 3.107 5.517 2.900 12.191 5.565 5.242 15.804 14.095 11.265 15.256 5.682 9.402 4.897 5.217 4.900 7.661 5.850 10.858 8.895 9.614 13.897 10.956 6.686 6.554 9.138 4.180 7.676 2.391 3.831 0.879 7.924 4.109 11.750 10.065 8.039 9.271 2.709 9.662 3.369 3.981 14.713 12.285 7.435 6.654 5.222 11.534 14.182 7.915 0.109 7.512 6.815 16.395 8.844 1.472 10.564 7.725 8.838 12.316 5.181 5.627 4.447 10.151 3.911 6.113 7.477 10.184 8.506 5.784 11.133 3.864 2.303 3.897 
21 12.241 2.452 6.767 10.476 11.525 8.124 16.353 23.507 8.434 8.164 12.520 8.141 7.783 5.167 19.044 7.921 7.071 12.551 15.260 15.578 0.000 21.051 21.671 9.623 10.910 15.970 7.819 18.696 15.655 16.910 14.984 14.749 16.670 0.361 15.056 15.493 19.044 17.161 5.115 12.348 23.636 10.820 18.610 14.470 12.762 17.612 17.600 6.194 15.986 17.916 11.502 18.928 19.266 12.268 16.122 18.289 12.350 22.219 17.522 14.724 15.489 13.940 21.600 22.414 2.326 12.319 5.932 14.047 17.740 10.880 8.090 3.296 24.543 15.370 10.691 7.488 15.019 17.126 16.963 5.977 20.474 9.868 13.368 10.489 4.085 4.360 7.808 16.760 9.241 14.983 1.279 12.831 11.543 21.353 13.174 8.060 20.044 14.239 19.272 18.916 6.308 18.166 13.379 13.567 11.684 10.923 23.701 23.691 17.280 8.166 6.210 16.385 16.026 9.922 7.933 19.806 20.106 5.458 10.251 6.187 17.819 16.454 16.564 15.752 15.737 3.417 20.905 20.278 1.412 1.506 15.570 4.656 21.197 20.999 20.402 20.787 11.362 10.963 13.039 4.722 20.094 11.422 16.838 17.271 18.300 11.672 16.231 15.530 7.908 16.990 18.875 15.886 10.346 19.518 14.348 7.332 13.441 14.585 12.873 14.762 14.848 13.643 1.638 18.044 22.690 21.144 20.404 15.131 1.510 10.846 15.677 19.912 16.659 1.047 24.301 15.661 11.282 23.285 10.194 11.528 10.761 9.951 17.514 17.550 18.556 17.223 11.628 15.296 12.499 9.813 9.579 18.975 17.847 12.241 
22 10.183 19.915 18.762 13.349 11.532 19.812 4.736 5.971 15.473 13.456 13.343 15.139 17.383 16.670 5.082 13.133 14.010 14.400 7.759 6.310 21.051 0.000 5.103 11.937 12.119 17.741 13.235 18.863 6.311 11.103 6.277 7.056 4.445 21.411 6.233 17.019 17.092 6.476 16.069 11.752 4.474 12.502 8.019 9.674 10.986 9.875 20.198 14.857 19.351 4.001 12.883 16.046 13.954 10.455 11.043 17.650 10.610 7.483 4.158 10.923 7.752 16.330 2.979 6.479 21.407 9.878 15.143 16.020 17.910 19.937 15.125 17.961 7.097 6.261 12.869 14.041 6.187 7.563 12.048 17.807 11.903 11.187 8.173 12.897 17.727 20.525 13.634 4.727 15.053 10.896 19.880 9.159 10.705 2.513 9.190 14.274 10.441 19.178 2.092 13.736 15.573 4.821 16.491 11.668 17.034 15.050 4.716 7.326 4.776 13.469 14.841 5.849 11.934 11.131 13.144 11.901 7.574 15.908 12.568 14.875 19.849 8.329 4.491 10.874 8.393 17.804 5.501 1.176 21.497 19.546 11.508 21.350 2.688 12.460 4.615 3.968 11.172 11.054 11.996 16.447 12.394 12.204 19.442 16.107 10.778 12.834 14.454 5.787 13.280 6.843 6.111 6.609 14.233 5.101 17.631 16.276 14.029 10.118 8.607 15.392 9.247 10.156 19.939 17.355 6.507 7.863 1.434 17.263 19.776 14.210 6.256 10.664 11.815 21.964 6.481 5.580 16.799 4.984 12.252 18.537 10.297 11.373 3.780 9.057 2.542 5.234 10.537 15.812 14.638 11.404 14.330 2.464 4.984 10.183 
23 9.524 20.039 17.829 16.153 10.548 18.466 7.343 1.844 14.535 15.223 11.300 17.418 16.307 16.718 2.628 14.167 14.738 12.170 11.436 6.206 21.671 5.103 0.000 13.872 14.857 14.393 14.253 14.945 9.731 15.495 7.193 10.148 7.262 22.013 7.093 13.778 13.005 4.562 16.562 14.975 2.579 11.469 4.302 7.813 14.242 14.407 16.592 15.721 16.056 8.091 15.967 11.937 9.695 9.595 15.270 13.755 9.602 2.383 4.793 14.801 6.288 13.516 2.171 1.420 21.474 9.388 16.132 13.186 14.150 17.895 17.384 18.969 2.983 9.394 15.672 14.199 8.735 11.916 16.444 17.227 7.290 12.383 10.753 11.874 19.049 20.109 15.239 8.155 13.909 14.842 20.410 8.842 10.206 2.599 8.535 16.323 5.916 16.292 4.440 9.561 17.212 9.262 13.832 15.268 14.836 13.293 2.480 2.561 4.682 15.245 15.687 5.361 16.148 12.318 13.927 7.459 3.124 16.225 15.130 15.638 16.174 5.828 6.928 7.969 6.341 18.260 0.935 4.310 21.791 20.208 15.618 20.853 2.416 7.750 1.318 1.351 10.491 13.468 10.054 16.954 7.888 15.162 15.959 12.398 6.835 11.273 11.029 8.650 13.814 4.797 2.972 5.789 12.855 2.154 14.691 15.554 11.535 13.894 8.886 12.372 7.351 8.573 20.880 13.502 1.529 2.981 3.906 14.118 20.237 12.641 6.099 6.179 8.401 22.441 2.642 6.678 14.731 1.807 14.695 16.331 11.377 11.760 7.266 13.571 5.286 9.292 13.139 12.627 12.395 11.952 16.971 4.393 3.906 9.524 
24 6.569 9.224 10.253 3.241 7.119 11.926 7.229 15.673 8.156 1.534 9.846 3.582 9.600 6.737 11.385 2.561 3.651 10.697 5.664 7.817 9.623 11.937 13.872 0.000 2.403 15.436 2.638 17.898 6.080 8.283 6.681 5.180 7.499 9.981 6.783 14.672 17.178 9.993 5.456 3.863 15.281 7.323 12.239 8.981 3.844 8.587 17.929 3.904 16.406 8.429 3.844 16.541 15.699 6.924 7.489 16.961 7.207 15.169 9.149 6.013 8.793 13.132 13.159 14.968 10.632 6.316 3.901 13.005 16.733 13.611 3.540 6.345 16.853 5.866 2.946 4.958 5.751 7.610 8.689 8.817 15.623 2.192 3.844 7.377 5.884 10.638 1.817 7.347 8.427 6.273 8.636 6.268 6.131 12.807 6.868 2.452 14.604 15.178 10.460 15.323 3.649 8.563 12.836 5.166 12.017 9.869 15.409 16.285 9.191 1.543 3.927 8.652 7.762 2.241 3.156 15.098 13.407 5.672 2.062 4.104 17.872 10.262 7.536 11.100 9.519 6.902 13.330 11.374 10.412 8.174 7.134 11.482 12.711 16.286 12.557 12.708 6.464 1.456 9.260 5.718 15.559 3.133 17.009 15.392 13.312 8.594 13.665 6.174 3.793 10.001 11.641 8.500 8.619 11.874 14.265 8.113 11.166 5.521 5.542 13.127 9.096 8.405 8.274 16.632 15.203 14.422 11.590 14.571 8.625 9.060 7.926 14.599 12.471 10.634 16.457 7.211 11.555 15.173 1.562 13.010 2.958 4.042 8.205 8.321 9.616 7.633 2.101 13.787 10.835 3.658 3.545 10.238 10.020 6.569 
25 8.686 10.959 12.489 1.296 9.389 14.198 7.688 16.582 10.543 3.067 12.169 3.209 11.932 8.856 12.543 4.880 5.903 13.053 4.772 9.170 10.910 12.119 14.857 2.403 0.000 17.796 4.943 20.220 5.837 6.188 7.861 5.064 7.878 11.250 7.969 17.025 19.425 11.432 7.461 1.566 15.925 9.668 13.829 10.963 1.852 6.729 20.307 5.929 18.795 8.254 1.485 18.746 17.771 9.072 5.383 19.256 9.369 16.423 10.064 3.915 10.475 15.503 13.822 16.072 12.271 8.387 5.774 15.366 19.054 15.977 3.218 7.646 17.796 5.864 0.819 7.318 6.194 6.363 6.467 11.028 17.472 4.474 4.124 9.745 6.872 12.590 3.552 7.393 10.829 4.181 10.105 8.207 8.331 13.417 8.817 2.854 16.353 17.580 10.983 17.399 4.602 8.022 15.220 2.895 14.420 12.266 16.086 17.366 10.268 3.049 5.966 9.948 5.519 4.510 5.517 16.990 14.846 7.783 0.660 6.181 20.240 12.000 8.068 13.137 11.293 8.672 14.438 11.775 11.900 9.578 4.936 13.411 13.364 18.146 13.573 13.598 8.714 1.562 11.500 7.655 17.473 0.732 19.387 17.664 15.202 10.925 15.905 6.433 6.170 11.505 12.965 9.958 11.014 13.014 16.652 10.448 13.485 3.675 7.324 15.453 11.013 10.472 9.391 18.924 16.282 15.815 12.056 16.938 10.156 11.447 9.273 16.378 14.535 11.954 17.339 8.241 13.959 15.957 0.899 15.407 5.022 6.361 8.352 6.640 10.079 7.203 1.721 16.112 13.199 5.985 2.211 10.831 11.176 8.686 
26 9.609 13.526 9.268 18.646 8.532 8.378 15.444 15.573 8.195 15.558 5.686 17.973 8.210 11.615 12.828 13.357 12.757 4.743 18.320 12.150 15.970 17.741 14.393 15.436 17.796 0.000 13.343 2.745 17.128 22.626 13.121 16.664 15.721 16.149 13.073 0.799 3.440 11.272 12.783 19.065 16.964 8.130 10.137 8.460 18.752 22.296 2.623 13.443 1.663 17.674 19.269 3.879 5.652 9.176 21.957 2.434 8.872 13.090 13.874 20.663 10.260 2.332 15.945 14.032 14.280 9.995 13.938 2.432 1.797 5.993 17.901 15.388 15.921 16.527 18.382 11.143 15.438 20.130 23.324 10.033 8.229 13.327 15.866 8.059 16.303 12.035 15.157 16.694 7.543 20.875 14.903 10.531 9.703 16.091 10.053 16.787 9.001 2.553 15.758 5.531 16.159 18.822 2.754 20.210 4.297 5.771 16.837 14.732 13.159 15.590 13.381 12.214 22.527 13.295 12.673 7.674 11.316 12.169 17.495 13.147 2.459 9.416 15.234 6.871 9.450 13.471 13.484 16.566 15.129 15.149 21.849 12.279 15.838 8.297 13.835 14.579 9.225 16.401 6.671 12.989 7.533 18.503 1.749 2.349 7.603 6.895 3.368 15.927 12.027 10.905 11.883 11.490 6.936 12.989 1.633 9.029 4.420 19.849 11.599 2.521 8.784 8.362 16.356 2.282 14.283 11.858 16.351 0.898 14.603 6.438 12.143 8.726 6.033 16.090 16.115 13.539 4.727 16.105 16.997 4.675 12.944 11.441 16.594 21.654 15.799 18.106 16.702 1.966 4.601 11.813 18.684 15.400 12.767 9.609 
27 5.525 6.951 7.615 5.472 5.567 9.290 8.535 16.095 5.651 2.223 7.979 4.672 6.989 4.163 11.645 0.105 1.031 8.679 7.995 8.050 7.819 13.235 14.253 2.638 4.943 13.343 0.000 15.921 8.033 10.919 7.266 7.139 8.854 8.179 7.347 12.611 15.421 9.939 3.037 6.467 16.015 5.462 11.852 8.052 6.482 11.186 15.743 1.631 14.171 10.177 6.276 14.897 14.362 5.758 10.127 15.075 5.979 15.171 9.831 8.651 8.438 11.012 13.933 15.169 8.420 5.417 1.923 10.927 14.772 11.041 4.602 4.780 17.208 7.676 5.313 2.394 7.227 10.017 11.323 6.185 14.709 2.049 5.746 5.399 4.801 8.145 1.816 8.994 6.025 8.911 6.673 5.678 4.904 13.651 6.185 3.452 13.885 12.834 11.491 13.983 3.283 10.559 10.653 7.784 9.654 7.623 16.104 16.483 9.676 2.254 1.622 8.892 10.392 2.104 0.671 14.119 13.204 3.128 4.457 1.702 15.733 9.721 8.747 9.952 8.957 4.683 13.576 12.485 8.359 6.314 9.769 8.999 13.512 15.339 12.946 13.242 5.038 4.058 7.687 3.367 14.532 5.670 14.830 13.588 12.380 6.739 11.974 7.756 1.323 9.850 11.668 8.521 6.412 12.134 12.053 5.505 9.279 8.140 5.379 11.183 8.292 7.326 6.746 14.755 15.429 14.252 12.629 12.456 6.594 6.905 8.155 13.831 11.221 8.751 16.893 7.920 9.181 15.754 4.048 10.536 2.974 2.724 9.712 10.874 10.751 9.602 4.656 11.841 8.781 2.416 5.359 11.207 10.353 5.525 
28 11.774 16.248 11.969 21.130 10.849 10.977 17.149 15.854 10.913 18.121 8.054 20.579 10.949 14.353 13.804 15.929 15.388 7.245 20.352 13.787 18.696 18.863 14.945 17.898 20.220 2.745 15.921 0.000 19.039 24.762 14.907 18.662 17.396 18.870 14.844 3.358 2.048 12.533 15.501 21.423 17.445 10.578 10.919 10.216 21.060 24.333 2.183 16.110 3.088 19.311 21.703 3.070 5.345 11.347 24.128 1.213 11.039 13.279 15.266 22.890 11.829 4.999 16.734 14.334 16.963 12.141 16.612 5.026 1.167 8.431 20.507 18.125 15.994 18.438 20.842 13.785 17.334 22.062 25.504 12.772 8.005 15.748 17.988 10.560 19.029 14.704 17.737 18.425 10.239 23.089 17.640 12.593 11.971 16.953 12.060 19.373 9.133 4.781 16.996 5.413 18.820 20.517 5.475 22.519 7.038 8.441 17.283 14.810 14.540 18.152 16.048 13.703 24.744 15.711 15.251 7.621 11.823 14.887 19.959 15.818 1.666 10.721 16.892 8.281 10.932 16.214 14.094 17.700 17.828 17.892 24.067 14.903 16.700 7.845 14.616 15.368 11.536 18.778 8.819 15.715 7.307 20.913 2.277 2.832 8.174 9.304 4.659 17.781 14.617 12.178 12.795 13.034 9.556 13.873 4.349 11.769 6.735 22.042 13.662 4.771 10.455 10.299 19.100 1.516 14.554 12.144 17.437 3.625 17.340 9.037 13.762 8.855 7.103 18.793 16.289 15.236 7.472 16.531 19.451 7.286 15.277 13.865 18.205 23.649 17.171 19.875 19.030 4.111 7.141 14.246 21.227 16.658 14.002 11.774 
29 7.654 14.984 14.968 7.045 8.960 16.392 2.474 11.286 12.048 7.605 11.636 8.944 13.882 12.042 7.870 7.929 8.992 12.727 1.723 5.503 15.655 6.311 9.731 6.080 5.837 17.128 8.033 19.039 0.000 6.154 4.195 0.906 2.482 16.015 4.274 16.331 17.725 7.526 11.067 5.466 10.353 9.736 10.025 8.828 4.701 5.410 19.750 9.625 18.498 2.426 6.579 16.829 15.260 8.075 5.746 17.900 8.359 11.680 5.215 5.085 7.416 15.129 8.321 11.082 16.450 7.257 9.775 14.889 17.914 17.337 8.937 12.404 12.513 0.601 6.568 9.603 1.705 3.024 7.053 13.718 14.150 6.125 2.296 10.028 11.960 16.065 7.888 1.642 11.931 5.146 14.604 6.637 7.791 7.873 7.078 8.206 12.792 17.757 5.450 14.933 9.691 2.527 15.060 5.561 14.930 12.671 10.542 12.292 5.710 7.610 9.627 5.949 6.578 6.091 8.184 13.841 10.581 11.087 6.328 9.732 19.538 8.845 2.890 10.889 8.365 12.704 9.533 6.095 16.344 14.180 5.988 16.921 7.866 14.821 8.563 8.391 8.333 4.940 10.480 11.400 14.366 5.893 18.867 16.232 12.183 10.638 14.386 1.326 8.556 7.756 8.598 6.372 11.527 8.266 16.444 12.502 12.766 4.167 5.595 14.608 8.625 8.780 14.348 17.567 11.244 11.387 6.421 16.408 14.560 11.743 5.565 12.904 12.246 16.645 11.990 4.061 14.557 10.527 6.066 16.274 5.578 7.187 2.616 4.659 4.535 1.573 4.350 15.198 12.941 7.022 8.043 5.391 6.650 7.654 
30 13.024 17.133 18.535 6.434 14.126 20.196 8.583 16.842 16.250 9.248 16.961 8.798 17.825 14.987 13.921 10.839 11.933 17.986 4.537 11.613 16.910 11.103 15.495 8.283 6.188 22.626 10.919 24.762 6.154 0.000 10.252 6.237 8.519 17.234 10.341 21.828 23.606 13.680 13.628 4.638 15.557 14.690 16.179 14.681 4.448 1.360 25.231 12.081 23.847 7.410 5.410 22.763 21.318 13.456 0.805 23.673 13.762 17.619 11.294 2.283 13.468 20.463 13.758 16.899 18.415 12.644 11.955 20.267 23.610 21.741 8.842 13.718 18.041 6.689 6.240 13.177 7.743 3.589 0.952 17.099 20.300 9.801 6.775 14.881 12.825 18.775 9.725 7.472 16.385 2.018 16.205 12.169 12.938 13.273 12.710 8.919 18.946 22.862 11.057 20.979 10.667 6.319 20.291 3.353 19.808 17.553 15.788 18.016 11.838 9.231 12.115 12.100 1.156 9.807 11.399 19.979 16.686 13.914 6.820 12.318 25.079 14.943 8.983 16.830 14.413 14.857 15.444 11.381 17.988 15.657 1.358 19.598 13.338 20.972 14.447 14.146 13.439 6.877 15.981 13.835 20.503 5.561 24.322 22.011 18.298 15.811 20.169 7.472 11.999 13.905 14.709 12.490 16.314 14.282 21.722 16.341 18.205 2.852 11.101 20.140 14.547 14.480 15.325 23.336 17.024 17.444 11.772 21.835 16.278 16.656 11.682 19.057 18.221 17.957 17.459 10.200 19.377 15.950 7.048 20.970 9.856 11.531 8.265 2.080 10.219 6.207 6.338 20.769 18.172 11.219 7.372 11.114 12.765 13.024 
