param n := 24;
param m := 2;
param L := 45;
param Q := 6;
param T := 720;
param t :
    1   2   3   4   5   6   7   8   9  10  11  12  13  14  15  16  17  18  19  20  21  22  23  24  25  26  27  28  29  30  31  32  33  34  35  36  37  38  39  40  41  42  43  44  45  46  47  48  49  50 :=
1 0.000 8.487 10.182 11.178 6.249 7.426 6.352 7.332 7.851 6.592 8.698 9.150 7.324 9.402 4.030 5.290 12.689 5.235 5.588 4.625 12.756 11.328 10.051 8.890 9.147 2.225 3.689 7.639 4.954 4.590 5.902 9.830 0.238 9.224 6.270 9.563 9.537 8.744 4.424 8.449 10.716 7.280 7.003 8.698 9.511 8.556 7.848 7.320 10.990 0.000 
2 8.487 0.000 14.856 13.306 10.764 7.184 7.120 1.875 14.531 15.007 0.427 17.616 15.499 8.671 12.515 6.280 16.307 11.161 12.300 5.932 21.127 2.937 15.529 7.039 13.239 10.287 12.037 5.090 7.111 5.231 10.896 2.085 8.625 16.707 11.052 8.277 7.006 3.993 4.195 16.073 10.500 11.614 11.170 5.613 5.218 7.199 9.908 15.122 14.479 8.487 
3 10.182 14.856 0.000 21.293 4.300 17.300 16.301 12.990 3.940 9.345 14.765 11.016 8.101 19.364 9.748 8.591 22.383 4.950 14.652 14.291 12.129 16.582 1.493 18.541 18.965 11.309 11.062 16.841 14.971 13.918 4.425 16.889 9.958 16.258 16.195 19.423 19.064 12.006 11.472 15.447 7.164 17.213 3.733 17.921 11.589 18.299 18.030 6.682 20.843 10.182 
4 11.178 13.306 21.293 0.000 17.420 6.124 6.398 13.862 18.420 14.577 13.731 15.817 16.052 4.984 12.436 15.210 3.422 16.354 7.461 8.326 19.419 15.680 20.983 6.610 3.095 10.096 10.959 8.262 7.137 9.063 17.079 12.681 11.388 9.920 5.203 5.553 7.033 16.448 12.287 9.991 21.101 4.239 18.168 8.075 17.667 6.291 3.667 16.844 2.172 11.178 
5 6.249 10.764 4.300 17.420 0.000 13.073 12.103 8.933 4.285 7.915 10.719 10.313 7.306 15.149 7.126 4.505 18.856 1.712 11.352 10.055 12.688 12.766 4.770 14.268 15.342 7.810 8.103 12.544 10.812 9.647 0.566 12.746 6.048 13.866 12.486 15.181 14.778 8.412 7.191 13.029 5.922 13.503 0.759 13.623 8.317 14.041 14.009 6.176 17.203 6.249 
6 7.426 7.184 17.300 6.124 13.073 0.000 1.099 7.810 15.276 13.100 7.608 15.189 14.237 2.084 10.459 9.887 9.184 12.467 7.367 3.020 19.001 9.650 17.362 1.655 6.420 7.625 9.251 2.217 2.502 3.528 12.879 6.727 7.664 11.642 5.097 2.142 2.406 10.433 6.695 11.257 15.663 5.201 13.760 2.461 11.677 1.214 2.866 14.540 7.393 7.426 
7 6.352 7.120 16.301 6.398 12.103 1.099 0.000 7.482 14.203 12.014 7.533 14.132 13.141 3.070 9.367 9.114 9.208 11.438 6.475 2.118 17.941 9.774 16.327 2.716 6.153 6.532 8.176 2.612 1.408 2.756 11.888 6.985 6.590 10.838 4.393 3.213 3.451 10.052 6.004 10.405 14.955 4.686 12.802 3.214 11.268 2.300 2.817 13.442 7.369 6.352 
8 7.332 1.875 12.990 13.862 8.933 7.810 7.482 0.000 12.794 13.666 1.787 16.315 14.030 9.566 11.291 4.433 16.641 9.421 11.786 5.847 19.715 4.123 13.688 8.038 13.373 9.333 10.996 5.983 7.111 5.076 9.090 3.949 7.431 16.068 10.921 9.262 8.158 2.639 2.909 15.378 8.775 11.616 9.317 6.743 3.901 8.098 10.291 13.550 14.789 7.332 
9 7.851 14.531 3.940 18.420 4.285 15.276 14.203 12.794 0.000 5.431 14.554 7.120 4.163 17.246 6.231 8.504 19.110 3.373 11.341 12.409 8.717 16.795 2.882 16.712 15.834 8.334 7.662 15.296 12.802 12.228 3.901 16.385 7.613 12.448 13.223 17.413 17.332 12.613 10.556 11.654 9.670 14.214 4.389 16.381 12.590 16.394 15.458 2.747 17.698 7.851 
10 6.592 15.007 9.345 14.577 7.915 13.100 12.014 13.666 5.431 0.000 15.181 2.672 1.570 14.746 2.682 10.364 14.562 6.219 7.118 10.829 6.165 17.764 8.287 14.728 11.655 5.495 3.884 13.897 10.669 11.000 7.350 16.421 6.424 7.117 9.527 15.079 15.452 14.512 10.837 6.363 13.833 10.384 8.455 14.885 14.948 14.312 12.318 2.818 13.412 6.592 
11 8.698 0.427 14.765 13.731 10.719 7.608 7.533 1.787 14.554 15.181 0.000 17.803 15.635 9.096 12.717 6.219 16.726 11.181 12.636 6.304 21.284 2.650 15.474 7.463 13.645 10.545 12.281 5.516 7.497 5.592 10.873 2.309 8.827 17.030 11.433 8.700 7.422 3.666 4.346 16.386 10.235 12.008 11.101 6.032 4.870 7.624 10.326 15.221 14.896 8.698 
12 9.150 17.616 11.016 15.817 10.313 15.189 14.132 16.315 7.120 2.672 17.803 0.000 3.052 16.672 5.131 13.025 15.237 8.666 8.495 13.161 3.813 20.401 9.749 16.840 12.761 7.769 5.997 16.197 12.851 13.408 9.759 18.967 8.999 6.954 11.079 17.061 17.582 17.183 13.466 6.402 16.223 11.802 10.776 17.139 17.605 16.402 14.037 4.400 14.362 9.150 
13 7.324 15.499 8.101 16.052 7.306 14.237 13.141 14.030 4.163 1.570 15.635 3.052 0.000 15.969 3.809 10.372 16.120 5.701 8.608 11.789 5.719 18.153 6.936 15.837 13.167 6.621 5.193 14.859 11.762 11.874 6.760 17.048 7.124 8.635 10.947 16.270 16.544 14.598 11.304 7.900 13.195 11.835 7.741 15.881 14.904 15.440 13.655 1.419 14.943 7.324 
14 9.402 8.671 19.364 4.984 15.149 2.084 3.070 9.566 17.246 14.746 9.096 16.672 15.969 0.000 12.163 11.941 8.337 14.508 8.451 5.101 20.478 10.814 19.396 1.672 6.276 9.357 10.863 3.607 4.449 5.603 14.946 7.785 9.640 12.401 5.911 0.604 2.054 12.205 8.724 12.141 17.675 5.645 15.839 3.159 13.466 1.478 2.958 16.370 6.719 9.402 
15 4.030 12.515 9.748 12.436 7.126 10.459 9.367 11.291 6.231 2.682 12.717 5.131 3.809 12.163 0.000 8.459 12.891 5.469 5.141 8.147 8.810 15.336 9.036 12.075 9.691 2.835 1.480 11.215 8.007 8.330 6.583 13.836 3.891 6.748 7.258 12.471 12.793 12.415 8.405 5.912 12.803 8.197 7.810 12.204 13.000 11.667 9.868 4.412 11.532 4.030 
16 5.290 6.280 8.591 15.210 4.505 9.887 9.114 4.433 8.504 10.364 6.219 13.025 10.372 11.941 8.459 0.000 17.342 5.171 10.818 7.007 16.080 8.304 9.256 10.756 13.811 7.502 8.709 8.816 8.096 6.375 4.694 8.298 5.241 14.474 10.979 11.834 11.133 4.239 3.251 13.681 5.891 11.907 4.891 9.833 4.585 10.633 11.564 9.641 15.534 5.290 
17 12.689 16.307 22.383 3.422 18.856 9.184 9.208 16.641 19.110 14.562 16.726 15.237 16.120 8.337 12.891 17.342 0.000 17.568 7.772 10.859 18.529 18.833 21.855 9.911 3.553 11.106 11.448 11.390 9.595 11.631 18.442 15.882 12.864 8.561 6.436 8.923 10.391 19.141 14.707 8.909 23.175 5.455 19.615 11.339 20.312 9.551 6.401 17.137 1.854 12.689 
18 5.235 11.161 4.950 16.354 1.712 12.467 11.438 9.421 3.373 6.219 11.181 8.666 5.701 14.508 5.469 5.171 17.568 0.000 9.933 9.492 11.227 13.436 4.899 13.791 14.100 6.462 6.536 12.223 10.080 9.202 1.147 13.033 5.009 12.217 11.291 14.604 14.362 9.352 7.235 11.381 7.615 12.311 2.346 13.313 9.451 13.516 13.082 4.684 15.974 5.235 
19 5.588 12.300 14.652 7.461 11.352 7.367 6.475 11.786 11.341 7.118 12.636 8.495 8.608 8.451 5.141 10.818 7.772 9.933 0.000 6.491 12.228 15.223 14.086 8.983 4.573 3.566 3.681 8.989 5.580 7.104 10.890 12.889 5.693 4.464 2.611 8.920 9.737 13.776 9.094 3.948 16.288 3.316 12.104 9.689 14.725 8.510 5.632 9.482 6.395 5.588 
20 4.625 5.932 14.291 8.326 10.055 3.020 2.118 5.847 12.409 10.829 6.304 13.161 11.789 5.101 8.147 7.007 10.859 9.492 6.491 0.000 16.925 8.806 14.391 4.311 7.529 5.393 7.178 3.073 1.269 0.776 9.868 6.402 4.857 10.952 5.136 5.132 4.925 8.286 3.963 10.386 12.866 5.776 10.740 4.097 9.454 4.024 4.660 11.917 9.005 4.625 
21 12.756 21.127 12.129 19.419 12.688 19.001 17.941 19.715 8.717 6.165 21.284 3.813 5.719 20.478 8.810 16.080 18.529 11.227 12.228 16.925 0.000 23.833 10.671 20.651 16.333 11.537 9.789 19.975 16.652 17.137 12.183 22.582 12.584 9.994 14.830 20.872 21.392 20.311 16.939 9.628 18.371 15.509 12.979 20.930 20.586 20.214 17.814 6.544 17.834 12.756 
22 11.328 2.937 16.582 15.680 12.766 9.650 9.774 4.123 16.795 17.764 2.650 20.401 18.153 10.814 15.336 8.304 18.833 13.436 15.223 8.806 23.833 0.000 17.438 9.142 15.926 13.195 14.927 7.444 9.938 8.133 12.994 3.036 11.449 19.640 13.883 10.331 8.908 4.648 6.936 19.009 11.157 14.384 13.047 7.654 5.461 9.406 12.479 17.663 17.039 11.328 
23 10.051 15.529 1.493 20.983 4.770 17.362 16.327 13.688 2.882 8.287 15.474 9.749 6.936 19.396 9.036 9.256 21.855 4.899 14.086 14.391 10.671 17.438 0.000 18.689 18.513 10.902 10.428 17.092 14.958 14.091 4.715 17.516 9.817 15.329 15.818 19.501 19.254 12.945 11.905 14.536 8.539 16.826 4.393 18.180 12.638 18.415 17.855 5.524 20.386 10.051 
24 8.890 7.039 18.541 6.610 14.268 1.655 2.716 8.038 16.712 14.728 7.463 16.840 15.837 1.672 12.075 10.756 9.911 13.791 8.983 4.311 20.651 9.142 18.689 0.000 7.558 9.241 10.891 2.061 4.075 4.623 14.118 6.114 9.126 13.193 6.626 1.239 0.755 10.670 7.506 12.841 16.363 6.596 14.925 1.487 11.936 0.478 4.015 16.095 8.227 8.890 
25 9.147 13.239 18.965 3.095 15.342 6.420 6.153 13.373 15.834 11.655 13.645 12.761 13.167 6.276 9.691 13.811 3.553 14.100 4.573 7.529 16.333 15.926 18.513 7.558 0.000 7.657 8.216 8.609 6.262 8.304 14.942 13.099 9.327 6.876 2.884 6.875 8.191 15.797 11.266 6.907 19.629 1.906 16.101 8.815 16.933 7.118 3.576 14.054 1.878 9.147 
26 2.225 10.287 11.309 10.096 7.810 7.625 6.532 9.333 8.334 5.495 10.545 7.769 6.621 9.357 2.835 7.502 11.106 6.462 3.566 5.393 11.537 13.195 10.902 9.241 7.657 0.000 1.807 8.438 5.175 5.665 7.366 11.382 2.261 7.000 4.916 9.649 9.960 10.919 6.441 6.230 12.769 5.926 8.566 9.404 11.722 8.833 7.203 7.048 9.534 2.225 
27 3.689 12.037 11.062 10.959 8.103 9.251 8.176 10.996 7.662 3.884 12.281 5.997 5.193 10.863 1.480 8.709 11.448 6.536 3.681 7.178 9.789 14.927 10.428 10.891 8.216 1.807 0.000 10.202 6.866 7.470 7.590 13.179 3.633 5.889 5.791 11.203 11.625 12.409 8.088 5.064 13.536 6.721 8.826 11.143 13.120 10.465 8.465 5.885 10.062 3.689 
28 7.639 5.090 16.841 8.262 12.544 2.217 2.612 5.983 15.296 13.897 5.516 16.197 14.859 3.607 11.215 8.816 11.390 12.223 8.989 3.073 19.975 7.444 17.092 2.061 8.609 8.438 10.202 0.000 3.465 3.075 12.442 4.510 7.864 13.402 7.004 3.280 2.320 8.619 5.572 12.936 14.338 7.269 13.168 1.089 9.884 2.129 5.077 14.956 9.607 7.639 
29 4.954 7.111 14.971 7.137 10.812 2.502 1.408 7.111 12.802 10.669 7.497 12.851 11.762 4.449 8.007 8.096 9.595 10.080 5.580 1.269 16.652 9.938 14.958 4.075 6.262 5.175 6.866 3.465 0.000 2.045 10.572 7.383 5.192 10.033 3.947 4.619 4.786 9.554 5.167 9.524 13.982 4.528 11.524 4.310 10.717 3.685 3.474 12.040 7.741 4.954 
30 4.590 5.231 13.918 9.063 9.647 3.528 2.756 5.076 12.228 11.000 5.592 13.408 11.874 5.603 8.330 6.375 11.631 9.202 7.104 0.776 17.137 8.133 14.091 4.623 8.304 5.665 7.470 3.075 2.045 0.000 9.497 5.856 4.810 11.548 5.880 5.565 5.163 7.512 3.251 10.953 12.200 6.542 10.309 4.155 8.683 4.401 5.404 11.909 9.777 4.590 
31 5.902 10.896 4.425 17.079 0.566 12.879 11.888 9.090 3.901 7.350 10.873 9.759 6.760 14.946 6.583 4.694 18.442 1.147 10.890 9.868 12.183 12.994 4.715 14.118 14.942 7.366 7.590 12.442 10.572 9.497 0.000 12.846 5.692 13.327 12.098 15.000 14.649 8.722 7.190 12.491 6.485 13.117 1.236 13.526 8.693 13.875 13.711 5.656 16.808 5.902 
32 9.830 2.085 16.889 12.681 12.746 6.727 6.985 3.949 16.385 16.421 2.309 18.967 17.048 7.785 13.836 8.298 15.882 13.033 12.889 6.402 22.582 3.036 17.516 6.114 13.099 11.382 13.179 4.510 7.383 5.856 12.846 0.000 9.998 17.352 11.266 7.296 5.874 5.947 5.861 16.786 12.543 11.663 13.184 4.628 7.111 6.394 9.586 16.784 14.112 9.830 
33 0.238 8.625 9.958 11.388 6.048 7.664 6.590 7.431 7.613 6.424 8.827 8.999 7.124 9.640 3.891 5.241 12.864 5.009 5.693 4.857 12.584 11.449 9.817 9.126 9.327 2.261 3.633 7.864 5.192 4.810 5.692 9.998 0.000 9.245 6.453 9.801 9.771 8.779 4.529 8.462 10.597 7.466 6.804 8.926 9.520 8.793 8.073 7.099 11.174 0.238 
34 9.224 16.707 16.258 9.920 13.866 11.642 10.838 16.068 12.448 7.117 17.030 6.954 8.635 12.401 6.748 14.474 8.561 12.217 4.464 10.952 9.994 19.640 15.329 13.193 6.876 7.000 5.889 13.402 10.033 11.548 13.327 17.352 9.245 0.000 6.568 12.934 13.933 17.868 13.267 0.837 19.421 6.771 14.557 14.039 18.712 12.715 9.448 9.934 8.068 9.224 
35 6.270 11.052 16.195 5.203 12.486 5.097 4.393 10.921 13.223 9.527 11.433 11.079 10.947 5.911 7.258 10.979 6.436 11.291 2.611 5.136 14.830 13.883 15.818 6.626 2.884 4.916 5.791 7.004 3.947 5.880 12.098 11.266 6.453 6.568 0.000 6.413 7.365 13.221 8.591 6.246 16.767 1.020 13.244 7.531 14.307 6.148 3.031 11.671 4.721 6.270 
36 9.563 8.277 19.423 5.553 15.181 2.142 3.213 9.262 17.413 15.079 8.700 17.061 16.270 0.604 12.471 11.834 8.923 14.604 8.920 5.132 20.872 10.331 19.501 1.239 6.875 9.649 11.203 3.280 4.619 5.565 15.000 7.296 9.801 12.934 6.413 0.000 1.483 11.898 8.595 12.655 17.508 6.195 15.858 2.696 13.163 1.208 3.510 16.625 7.317 9.563 
37 9.537 7.006 19.064 7.033 14.778 2.406 3.451 8.158 17.332 15.452 7.422 17.582 16.544 2.054 12.793 11.133 10.391 14.362 9.737 4.925 21.392 8.908 19.254 0.755 8.191 9.960 11.625 2.320 4.786 5.163 14.649 5.874 9.771 13.933 7.365 1.483 0.000 10.768 7.886 13.588 16.642 7.305 15.420 1.416 12.035 1.227 4.687 16.776 8.756 9.537 
38 8.744 3.993 12.006 16.448 8.412 10.433 10.052 2.639 12.613 14.512 3.666 17.183 14.598 12.205 12.415 4.239 19.141 9.352 13.776 8.286 20.311 4.648 12.945 10.670 15.797 10.919 12.409 8.619 9.554 7.512 8.722 5.947 8.779 17.868 13.221 11.898 10.768 0.000 4.693 17.127 6.657 13.986 8.591 9.352 1.267 10.736 12.843 13.879 17.287 8.744 
39 4.424 4.195 11.472 12.287 7.191 6.695 6.004 2.909 10.556 10.837 4.346 13.466 11.304 8.724 8.405 3.251 14.707 7.235 9.094 3.963 16.939 6.936 11.905 7.506 11.266 6.441 8.088 5.572 5.167 3.251 7.190 5.861 4.529 13.267 8.591 8.595 7.886 4.693 0.000 12.553 8.970 9.409 7.746 6.603 5.723 7.391 8.620 10.952 12.862 4.424 
40 8.449 16.073 15.447 9.991 13.029 11.257 10.405 15.378 11.654 6.363 16.386 6.402 7.900 12.141 5.912 13.681 8.909 11.381 3.948 10.386 9.628 19.009 14.536 12.841 6.907 6.230 5.064 12.936 9.524 10.953 12.491 16.786 8.462 0.837 6.246 12.655 13.588 17.127 12.553 0.000 18.591 6.569 13.720 13.618 17.951 12.364 9.207 9.173 8.251 8.449 
41 10.716 10.500 7.164 21.101 5.922 15.663 14.955 8.775 9.670 13.833 10.235 16.223 13.195 17.675 12.803 5.891 23.175 7.615 16.288 12.866 18.371 11.157 8.539 16.363 19.629 12.769 13.536 14.338 13.982 12.200 6.485 12.543 10.597 19.421 16.767 17.508 16.642 6.657 8.970 18.591 0.000 17.724 5.457 15.266 5.696 16.300 17.453 11.987 21.385 10.716 
42 7.280 11.614 17.213 4.239 13.503 5.201 4.686 11.616 14.214 10.384 12.008 11.802 11.835 5.645 8.197 11.907 5.455 12.311 3.316 5.776 15.509 14.384 16.826 6.596 1.906 5.926 6.721 7.269 4.528 6.542 13.117 11.663 7.466 6.771 1.020 6.195 7.305 13.986 9.409 6.569 17.724 0.000 14.260 7.662 15.101 6.125 2.687 12.606 3.712 7.280 
43 7.003 11.170 3.733 18.168 0.759 13.760 12.802 9.317 4.389 8.455 11.101 10.776 7.741 15.839 7.810 4.891 19.615 2.346 12.104 10.740 12.979 13.047 4.393 14.925 16.101 8.566 8.826 13.168 11.524 10.309 1.236 13.184 6.804 14.557 13.244 15.858 15.420 8.591 7.746 13.720 5.457 14.260 0.000 14.241 8.384 14.709 14.745 6.535 17.961 7.003 
44 8.698 5.613 17.921 8.075 13.623 2.461 3.214 6.743 16.381 14.885 6.032 17.139 15.881 3.159 12.204 9.833 11.339 13.313 9.689 4.097 20.930 7.654 18.180 1.487 8.815 9.404 11.143 1.089 4.310 4.155 13.526 4.628 8.926 14.039 7.531 2.696 1.416 9.352 6.603 13.618 15.266 7.662 14.241 0.000 10.619 1.789 5.239 16.008 9.618 8.698 
45 9.511 5.218 11.589 17.667 8.317 11.677 11.268 3.901 12.590 14.948 4.870 17.605 14.904 13.466 13.000 4.585 20.312 9.451 14.725 9.454 20.586 5.461 12.638 11.936 16.933 11.722 13.120 9.884 10.717 8.683 8.693 7.111 9.520 18.712 14.307 13.163 12.035 1.267 5.723 17.951 5.696 15.101 8.384 10.619 0.000 11.999 14.046 14.083 18.458 9.511 
46 8.556 7.199 18.299 6.291 14.041 1.214 2.300 8.098 16.394 14.312 7.624 16.402 15.440 1.478 11.667 10.633 9.551 13.516 8.510 4.024 20.214 9.406 18.415 0.478 7.118 8.833 10.465 2.129 3.685 4.401 13.875 6.394 8.793 12.715 6.148 1.208 1.227 10.736 7.391 12.364 16.300 6.125 14.709 1.789 11.999 0.000 3.562 15.723 7.842 8.556 
47 7.848 9.908 18.030 3.667 14.009 2.866 2.817 10.291 15.458 12.318 10.326 14.037 13.655 2.958 9.868 11.564 6.401 13.082 5.632 4.660 17.814 12.479 17.855 4.015 3.576 7.203 8.465 5.077 3.474 5.404 13.711 9.586 8.073 9.448 3.031 3.510 4.687 12.843 8.620 9.207 17.453 2.687 14.745 5.239 14.046 3.562 0.000 14.227 4.574 7.848 
48 7.320 15.122 6.682 16.844 6.176 14.540 13.442 13.550 2.747 2.818 15.221 4.400 1.419 16.370 4.412 9.641 17.137 4.684 9.482 11.917 6.544 17.663 5.524 16.095 14.054 7.048 5.885 14.956 12.040 11.909 5.656 16.784 7.099 9.934 11.671 16.625 16.776 13.879 10.952 9.173 11.987 12.606 6.535 16.008 14.083 15.723 14.227 0.000 15.871 7.320 
49 10.990 14.479 20.843 2.172 17.203 7.393 7.369 14.789 17.698 13.412 14.896 14.362 14.943 6.719 11.532 15.534 1.854 15.974 6.395 9.005 17.834 17.039 20.386 8.227 1.878 9.534 10.062 9.607 7.741 9.777 16.808 14.112 11.174 8.068 4.721 7.317 8.756 17.287 12.862 8.251 21.385 3.712 17.961 9.618 18.458 7.842 4.574 15.871 0.000 10.990 
50 0.000 8.487 10.182 11.178 6.249 7.426 6.352 7.332 7.851 6.592 8.698 9.150 7.324 9.402 4.030 5.290 12.689 5.235 5.588 4.625 12.756 11.328 10.051 8.890 9.147 2.225 3.689 7.639 4.954 4.590 5.902 9.830 0.238 9.224 6.270 9.563 9.537 8.744 4.424 8.449 10.716 7.280 7.003 8.698 9.511 8.556 7.848 7.320 10.990 0.000 ;
param d := 
1 0
2 3
3 1
4 3
5 1
6 2
7 6
8 5
9 4
10 2
11 6
12 2
13 4
14 4
15 5
16 2
17 1
18 5
19 5
20 5
21 4
22 2
23 6
24 3
25 6
26 3
27 1
28 3
29 1
30 2
31 6
32 5
33 4
34 2
35 6
36 2
37 4
38 4
39 5
40 2
41 1
42 5
43 5
44 5
45 4
46 2
47 6
48 3
49 6
50 0;
param q := 
1 0
2 3
3 1
4 3
5 1
6 2
7 6
8 5
9 4
10 2
11 6
12 2
13 4
14 4
15 5
16 2
17 1
18 5
19 5
20 5
21 4
22 2
23 6
24 3
25 6
26 -3
27 -1
28 -3
29 -1
30 -2
31 -6
32 -5
33 -4
34 -2
35 -6
36 -2
37 -4
38 -4
39 -5
40 -2
41 -1
42 -5
43 -5
44 -5
45 -4
46 -2
47 -6
48 -3
49 -6
50 0;
param e := 
1 0
2 0
3 0
4 0
5 0
6 0
7 0
8 0
9 0
10 0
11 0
12 0
13 0
14 439
15 554
16 361
17 207
18 211
19 640
20 37
21 111
22 165
23 499
24 518
25 629
26 317
27 276
28 183
29 479
30 422
31 483
32 378
33 196
34 599
35 343
36 476
37 395
38 0
39 0
40 0
41 0
42 0
43 0
44 0
45 0
46 0
47 0
48 0
49 0
50 0;
param l := 
1 720
2 1440
3 1440
4 1440
5 1440
6 1440
7 1440
8 1440
9 1440
10 1440
11 1440
12 1440
13 1440
14 454
15 569
16 376
17 222
18 226
19 655
20 52
21 126
22 180
23 514
24 533
25 644
26 332
27 291
28 198
29 494
30 437
31 498
32 393
33 211
34 614
35 358
36 491
37 410
38 1440
39 1440
40 1440
41 1440
42 1440
43 1440
44 1440
45 1440
46 1440
47 1440
48 1440
49 1440
50 720;

