param n := 24;
param m := 2;
param L := 30;
param Q := 3;
param T := 720;
param t :
    1   2   3   4   5   6   7   8   9  10  11  12  13  14  15  16  17  18  19  20  21  22  23  24  25  26  27  28  29  30  31  32  33  34  35  36  37  38  39  40  41  42  43  44  45  46  47  48  49  50 :=
1 0.000 6.408 6.036 12.432 7.674 10.547 12.913 9.182 7.544 3.041 4.756 6.223 10.650 5.984 2.075 6.986 8.118 5.670 8.816 4.933 6.287 4.981 12.870 5.622 10.206 3.337 11.728 8.164 6.175 8.164 5.920 1.034 11.118 7.734 7.831 4.947 7.867 12.914 0.757 13.654 4.242 8.362 8.162 9.632 9.257 8.810 8.603 6.083 7.424 0.000 
2 6.408 0.000 4.211 14.519 2.902 10.694 13.956 12.589 11.668 4.498 2.271 0.509 4.310 7.754 4.969 2.923 14.136 3.634 13.922 8.644 11.397 1.823 6.531 4.272 12.716 3.105 5.329 11.550 11.670 5.823 12.224 6.064 17.514 5.720 14.031 4.994 12.893 19.287 5.671 16.057 6.525 14.094 1.998 3.674 8.432 14.423 14.863 11.663 5.322 6.408 
3 6.036 4.211 0.000 10.353 2.682 14.059 17.099 8.792 13.201 2.995 2.505 3.702 6.592 10.238 5.973 1.913 14.070 0.635 10.873 10.245 8.586 4.832 8.508 0.442 8.659 4.373 7.843 7.817 9.120 2.241 11.686 5.134 16.029 9.471 13.667 7.777 13.831 18.314 5.372 11.910 8.568 14.388 4.398 7.622 12.012 14.845 14.352 12.116 9.059 6.036 
4 12.432 14.519 10.353 0.000 12.683 22.877 25.344 3.829 19.391 11.023 12.454 14.015 16.397 18.385 13.963 12.086 17.145 10.893 7.435 17.261 7.867 14.682 17.811 10.248 2.254 13.480 17.597 4.536 8.723 9.573 14.628 11.542 15.199 19.130 16.245 16.750 18.878 18.228 12.362 1.596 16.603 18.093 14.618 17.964 21.281 18.683 16.397 16.779 18.736 12.432 
5 7.674 2.902 2.682 12.683 0.000 13.590 16.835 11.428 14.045 4.874 2.969 2.521 3.917 10.432 6.889 0.804 15.775 2.490 13.535 11.000 11.200 4.424 5.844 3.025 11.160 4.944 5.168 10.474 11.681 3.283 13.573 6.977 18.333 8.618 15.503 7.711 15.023 20.443 6.927 14.269 9.012 15.922 1.974 5.441 11.334 16.319 16.261 13.540 8.222 7.674 
6 10.547 10.694 14.059 22.877 13.590 0.000 3.368 19.729 6.742 12.072 11.564 11.076 13.480 4.592 8.921 13.477 12.079 13.431 18.896 6.411 16.560 9.328 15.110 13.867 20.688 9.800 13.702 18.708 16.201 16.154 12.213 11.356 17.821 5.087 12.755 6.327 8.852 17.892 10.524 24.165 6.307 11.147 12.319 10.245 2.388 11.001 13.609 9.627 5.444 10.547 
7 12.913 13.956 17.099 25.344 16.835 3.368 0.000 21.981 7.158 14.866 14.639 14.314 16.848 7.039 11.584 16.670 12.372 16.483 20.641 8.181 18.496 12.491 18.466 16.869 23.112 12.753 17.062 21.005 18.007 19.253 13.190 13.831 18.292 8.437 13.228 9.325 8.998 17.794 13.039 26.537 8.834 11.256 15.642 13.608 5.756 10.944 13.974 10.403 8.781 12.913 
8 9.182 12.589 8.792 3.829 11.428 19.729 21.981 0.000 15.748 8.462 10.349 12.119 15.338 15.159 10.952 10.696 13.317 9.182 3.954 13.816 4.041 12.323 17.099 8.539 1.846 10.881 16.587 1.068 4.894 8.874 10.808 8.419 11.652 16.449 12.416 13.860 15.121 14.639 9.264 4.641 13.424 14.272 13.181 16.230 18.344 14.863 12.581 13.024 16.078 9.182 
9 7.544 11.668 13.201 19.391 14.045 6.742 7.158 15.748 0.000 10.342 11.188 11.793 15.719 4.422 7.263 13.565 5.376 12.700 13.826 3.046 11.937 9.849 17.817 12.841 17.140 9.125 16.432 14.878 11.314 15.430 6.057 8.578 11.235 8.400 6.139 6.897 2.118 11.150 8.010 20.389 5.151 4.406 13.662 13.261 7.425 4.280 6.946 3.255 8.451 7.544 
10 3.041 4.498 2.995 11.023 4.874 12.072 14.866 8.462 10.342 0.000 2.301 4.128 8.313 7.842 3.319 4.119 11.105 2.656 9.432 7.474 6.899 3.872 10.469 2.583 8.960 2.463 9.497 7.396 7.189 5.147 8.779 2.167 13.476 8.112 10.743 5.791 10.862 15.575 2.391 12.442 6.069 11.396 5.807 8.140 10.303 11.850 11.461 9.122 7.723 3.041 
11 4.756 2.271 2.505 12.454 2.969 11.564 14.639 10.349 11.188 2.301 0.000 1.852 6.049 7.875 3.956 2.388 12.823 1.872 11.674 8.159 9.169 2.345 8.233 2.377 10.564 2.074 7.213 9.302 9.485 4.614 10.676 4.166 15.660 6.985 12.582 5.316 12.078 17.629 4.001 13.962 6.294 12.954 3.533 5.945 9.507 13.350 13.360 10.571 6.574 4.756 
12 6.223 0.509 3.702 14.015 2.521 11.076 14.314 12.119 11.793 4.128 1.852 0.000 4.429 7.986 4.922 2.459 14.070 3.126 13.526 8.755 11.016 1.973 6.652 3.767 12.222 2.993 5.516 11.084 11.315 5.338 12.091 5.807 17.295 6.147 13.929 5.238 12.946 19.131 5.475 15.555 6.674 14.072 1.981 4.120 8.841 14.418 14.747 11.648 5.744 6.223 
13 10.650 4.310 6.592 16.397 3.917 13.480 16.848 15.338 15.719 8.313 6.049 4.429 0.000 11.531 9.277 4.682 18.444 6.324 17.390 12.757 14.993 6.055 2.225 6.910 15.001 7.401 1.251 14.390 15.410 6.825 16.516 10.187 21.691 8.452 18.338 8.841 17.089 23.560 9.900 17.992 10.586 18.380 2.516 3.354 11.092 18.693 19.165 15.948 8.151 10.650 
14 5.984 7.754 10.238 18.385 10.432 4.592 7.039 15.159 4.422 7.842 7.875 7.986 11.531 0.000 4.546 10.107 8.825 9.647 14.346 2.249 11.978 6.020 13.553 9.967 16.173 5.867 12.147 14.146 11.646 12.449 8.242 6.843 14.080 4.017 9.248 2.761 6.250 14.717 6.030 19.634 1.797 8.211 9.688 8.887 3.830 8.289 10.157 6.094 4.038 5.984 
15 2.075 4.969 5.973 13.963 6.889 8.921 11.584 10.952 7.263 3.319 3.956 4.922 9.277 4.546 0.000 6.344 9.168 5.448 10.868 4.274 8.320 3.282 11.495 5.641 11.790 1.966 10.252 9.903 8.244 8.214 7.336 2.547 12.880 5.684 9.085 2.939 8.133 14.425 1.709 15.279 2.758 9.152 6.901 7.822 7.393 9.506 9.933 6.730 5.363 2.075 
16 6.986 2.923 1.913 12.086 0.804 13.477 16.670 10.696 13.565 4.119 2.388 2.459 4.682 10.107 6.344 0.000 15.102 1.686 12.740 10.530 10.396 4.181 6.644 2.233 10.493 4.441 5.932 9.728 10.877 2.924 12.860 6.248 17.554 8.599 14.803 7.435 14.461 19.694 6.248 13.663 8.608 15.285 2.539 5.912 11.276 15.696 15.548 12.922 8.194 6.986 
17 8.118 14.136 14.070 17.145 15.775 12.079 12.372 13.317 5.376 11.105 12.823 14.070 18.444 8.825 9.168 15.102 0.000 13.760 10.348 6.631 9.280 12.416 20.661 13.639 15.020 11.079 19.399 12.708 8.427 16.075 2.621 8.942 5.921 12.714 1.026 10.413 3.376 5.908 8.854 17.792 8.540 1.218 16.052 16.704 12.435 1.749 1.604 2.752 12.634 8.118 
18 5.670 3.634 0.635 10.893 2.490 13.431 16.483 9.182 12.700 2.656 1.872 3.126 6.324 9.647 5.448 1.686 13.760 0.000 11.070 9.721 8.712 4.197 8.326 0.654 9.143 3.781 7.569 8.183 9.193 2.804 11.426 4.823 15.943 8.836 13.395 7.159 13.396 18.153 4.975 12.440 7.997 14.032 4.014 7.122 11.378 14.474 14.105 11.727 8.424 5.670 
19 8.816 13.922 10.873 7.435 13.535 18.896 20.641 3.954 13.826 9.432 11.674 13.526 17.390 14.346 10.868 12.740 10.348 11.070 0.000 12.564 2.579 13.145 19.377 10.510 5.775 11.492 18.629 4.071 2.701 11.642 8.124 8.439 7.771 16.548 9.359 13.761 12.750 10.794 9.208 7.693 12.809 11.445 14.995 17.571 17.945 12.032 9.324 10.741 16.231 8.816 
20 4.933 8.644 10.245 17.261 11.000 6.411 8.181 13.816 3.046 7.474 8.159 8.755 12.757 2.249 4.274 10.530 6.631 9.721 12.564 0.000 10.335 6.822 14.890 9.903 15.014 6.090 13.527 12.857 9.891 12.484 6.011 5.936 11.835 6.090 7.010 4.041 4.390 12.499 5.252 18.400 2.180 6.113 10.641 10.480 6.046 6.263 7.922 3.882 6.030 4.933 
21 6.287 11.397 8.586 7.867 11.200 16.560 18.496 4.041 11.937 6.899 9.169 11.016 14.993 11.978 8.320 10.396 9.280 8.712 2.579 10.335 0.000 10.573 17.037 8.195 5.753 8.916 16.222 3.471 0.912 9.641 6.769 5.866 8.333 14.004 8.393 11.232 11.152 11.151 6.645 8.603 10.374 10.232 12.557 15.030 15.490 10.823 8.606 9.065 13.680 6.287 
22 4.981 1.823 4.832 14.682 4.424 9.328 12.491 12.323 9.849 3.872 2.345 1.973 6.055 6.020 3.282 4.181 12.416 4.197 13.145 6.822 10.573 0.000 8.257 4.722 12.714 1.696 6.984 11.259 10.718 6.838 10.613 4.866 16.072 4.641 12.363 3.287 11.077 17.700 4.301 16.159 4.713 12.326 3.821 4.654 7.200 12.639 13.214 9.893 4.230 4.981 
23 12.870 6.531 8.508 17.811 5.844 15.110 18.466 17.099 17.817 10.469 8.233 6.652 2.225 13.553 11.495 6.644 20.661 8.326 19.377 14.890 17.037 8.257 0.000 8.868 16.597 9.626 1.425 16.195 17.494 8.324 18.741 12.388 23.890 10.218 20.562 10.920 19.245 25.782 12.118 19.403 12.712 20.581 4.716 4.880 12.734 20.885 21.390 18.148 9.961 12.870 
24 5.622 4.272 0.442 10.248 3.025 13.867 16.869 8.539 12.841 2.583 2.377 3.767 6.910 9.967 5.641 2.233 13.639 0.654 10.510 9.903 8.195 4.722 8.868 0.000 8.489 4.119 8.159 7.547 8.713 2.590 11.248 4.707 15.593 9.361 13.230 7.562 13.437 17.872 4.969 11.792 8.275 13.967 4.645 7.776 11.860 14.427 13.913 11.704 8.951 5.622 
25 10.206 12.716 8.659 2.254 11.160 20.688 23.112 1.846 17.140 8.960 10.564 12.222 15.001 16.173 11.790 10.493 15.020 9.143 5.775 15.014 5.753 12.714 16.597 8.489 0.000 11.423 16.232 2.324 6.639 8.274 12.470 9.336 13.496 17.069 14.145 14.619 16.655 16.485 10.164 3.495 14.398 15.935 13.029 16.265 19.145 16.522 14.349 14.556 16.681 10.206 
26 3.337 3.105 4.373 13.480 4.944 9.800 12.753 10.881 9.125 2.463 2.074 2.993 7.401 5.867 1.966 4.441 11.079 3.781 11.492 6.090 8.916 1.696 9.626 4.119 11.423 0.000 8.433 9.813 9.034 6.584 9.119 3.170 14.454 5.651 10.940 3.474 10.088 16.182 2.628 14.905 4.234 11.105 4.973 6.336 7.912 11.467 11.764 8.689 5.260 3.337 
27 11.728 5.329 7.843 17.597 5.168 13.702 17.062 16.587 16.432 9.497 7.213 5.516 1.251 12.147 10.252 5.932 19.399 7.569 18.629 13.527 16.222 6.984 1.425 8.159 16.232 8.433 0.000 15.641 16.624 8.025 17.548 11.316 22.811 8.794 19.336 9.535 17.895 24.615 10.985 19.192 11.346 19.282 3.691 3.462 11.323 19.571 20.177 16.851 8.536 11.728 
28 8.164 11.550 7.817 4.536 10.474 18.708 21.005 1.068 14.878 7.396 9.302 11.084 14.390 14.146 9.903 9.728 12.708 8.183 4.071 12.857 3.471 11.259 16.195 7.547 2.324 9.813 15.641 0.000 4.373 8.050 10.150 7.378 11.509 15.384 11.844 12.804 14.342 14.439 8.221 5.546 12.401 13.613 12.192 15.200 17.295 14.200 12.076 12.243 15.012 8.164 
29 6.175 11.670 9.120 8.723 11.681 16.201 18.007 4.894 11.314 7.189 9.485 11.315 15.410 11.646 8.244 10.877 8.427 9.193 2.701 9.891 0.912 10.718 17.494 8.713 6.639 9.034 16.624 4.373 0.000 10.315 5.955 5.901 7.478 13.906 7.522 11.106 10.423 10.263 6.624 9.395 10.110 9.406 12.941 15.258 15.248 9.999 7.711 8.353 13.599 6.175 
30 8.164 5.823 2.241 9.573 3.283 16.154 19.253 8.874 15.430 5.147 4.614 5.338 6.825 12.449 8.214 2.924 16.075 2.804 11.642 12.484 9.641 6.838 8.324 2.590 8.274 6.584 8.025 8.050 10.315 0.000 13.613 7.209 17.555 11.410 15.605 9.930 16.009 20.006 7.538 11.168 10.799 16.463 5.254 8.724 14.033 16.939 16.241 14.242 11.001 8.164 
31 5.920 12.224 11.686 14.628 13.573 12.213 13.190 10.808 6.057 8.779 10.676 12.091 16.516 8.242 7.336 12.860 2.621 11.426 8.124 6.011 6.769 10.613 18.741 11.248 12.470 9.119 17.548 10.150 5.955 13.613 0.000 6.618 5.869 11.769 1.992 9.171 4.660 7.088 6.677 15.350 7.442 3.466 14.054 15.122 12.057 4.055 2.688 2.804 11.610 5.920 
32 1.034 6.064 5.134 11.542 6.977 11.356 13.831 8.419 8.578 2.167 4.166 5.807 10.187 6.843 2.547 6.248 8.942 4.823 8.439 5.936 5.866 4.866 12.388 4.707 9.336 3.170 11.316 7.378 5.901 7.209 6.618 0.000 11.504 8.189 8.577 5.484 8.869 13.480 0.845 12.809 5.063 9.263 7.674 9.490 9.929 9.732 9.304 7.038 7.848 1.034 
33 11.118 17.514 16.029 15.199 18.333 17.821 18.292 11.652 11.235 13.476 15.660 17.295 21.691 14.080 12.880 17.554 5.921 15.943 7.771 11.835 8.333 16.072 23.890 15.593 13.496 14.454 22.811 11.509 7.478 17.555 5.869 11.504 0.000 17.630 5.096 14.990 9.295 3.044 11.844 15.325 13.302 7.072 19.178 20.693 17.871 7.470 4.318 8.197 17.461 11.118 
34 7.734 5.720 9.471 19.130 8.618 5.087 8.437 16.449 8.400 8.112 6.985 6.147 8.452 4.017 5.684 8.599 12.714 8.836 16.548 6.090 14.004 4.641 10.218 9.361 17.069 5.651 8.794 15.384 13.906 11.410 11.769 8.189 17.630 0.000 13.033 2.815 10.267 18.550 7.373 20.554 4.328 12.184 7.244 5.349 2.739 12.290 13.946 9.962 0.412 7.734 
35 7.831 14.031 13.667 16.245 15.503 12.755 13.228 12.416 6.139 10.743 12.582 13.929 18.338 9.248 9.085 14.803 1.026 13.395 9.359 7.010 8.393 12.363 20.562 13.230 14.145 10.940 19.336 11.844 7.522 15.605 1.992 8.577 5.096 13.033 0.000 10.602 4.248 5.522 8.583 16.852 8.770 2.231 15.904 16.769 12.954 2.774 0.914 3.184 12.922 7.831 
36 4.947 4.994 7.777 16.750 7.711 6.327 9.325 13.860 6.897 5.791 5.316 5.238 8.841 2.761 2.939 7.435 10.413 7.159 13.761 4.041 11.232 3.287 10.920 7.562 14.619 3.474 9.535 12.804 11.106 9.930 9.171 5.484 14.990 2.815 10.602 0.000 8.431 16.115 4.648 18.113 1.897 10.057 6.930 6.439 4.530 10.261 11.507 7.695 2.549 4.947 
37 7.867 12.893 13.831 18.878 15.023 8.852 8.998 15.121 2.118 10.862 12.078 12.946 17.089 6.250 8.133 14.461 3.376 13.396 12.750 4.390 11.152 11.077 19.245 13.437 16.655 10.088 17.895 14.342 10.423 16.009 4.660 8.869 9.295 10.267 4.248 8.431 0.000 9.045 8.471 19.741 6.562 2.313 14.886 14.869 9.502 2.162 4.977 2.099 10.272 7.867 
38 12.914 19.287 18.314 18.228 20.443 17.892 17.794 14.639 11.150 15.575 17.629 19.131 23.560 14.717 14.425 19.694 5.908 18.153 10.794 12.499 11.151 17.700 25.782 17.872 16.485 16.182 24.615 14.439 10.263 20.006 7.088 13.480 3.044 18.550 5.522 16.115 9.045 0.000 13.668 18.369 14.291 6.745 21.076 22.202 18.342 6.923 4.611 8.624 18.443 12.914 
39 0.757 5.671 5.372 12.362 6.927 10.524 13.039 9.264 8.010 2.391 4.001 5.475 9.900 6.030 1.709 6.248 8.854 4.975 9.208 5.252 6.645 4.301 12.118 4.969 10.164 2.628 10.985 8.221 6.624 7.538 6.677 0.845 11.844 7.373 8.583 4.648 8.471 13.668 0.000 13.642 4.242 9.065 7.408 8.954 9.084 9.501 9.359 6.752 7.041 0.757 
40 13.654 16.057 11.910 1.596 14.269 24.165 26.537 4.641 20.389 12.442 13.962 15.555 17.992 19.634 15.279 13.663 17.792 12.440 7.693 18.400 8.603 16.159 19.403 11.792 3.495 14.905 19.192 5.546 9.395 11.168 15.350 12.809 15.325 20.554 16.852 18.113 19.741 18.369 13.642 0.000 17.867 18.799 16.198 19.529 22.639 19.391 16.924 17.647 20.164 13.654 
41 4.242 6.525 8.568 16.603 9.012 6.307 8.834 13.424 5.151 6.069 6.294 6.674 10.586 1.797 2.758 8.608 8.540 7.997 12.809 2.180 10.374 4.713 12.712 8.275 14.398 4.234 11.346 12.401 10.110 10.799 7.442 5.063 13.302 4.328 8.770 1.897 6.562 14.291 4.242 17.867 0.000 8.162 8.516 8.323 5.140 8.365 9.680 5.809 4.173 4.242 
42 8.362 14.094 14.388 18.093 15.922 11.147 11.256 14.272 4.406 11.396 12.954 14.072 18.380 8.211 9.152 15.285 1.218 14.032 11.445 6.113 10.232 12.326 20.581 13.967 15.935 11.105 19.282 13.613 9.406 16.463 3.466 9.263 7.072 12.184 2.231 10.057 2.313 6.745 9.065 18.799 8.162 0.000 16.049 16.447 11.677 0.593 2.782 2.433 12.140 8.362 
43 8.162 1.998 4.398 14.618 1.974 12.319 15.642 13.181 13.662 5.807 3.533 1.981 2.516 9.688 6.901 2.539 16.052 4.014 14.995 10.641 12.557 3.821 4.716 4.645 13.029 4.973 3.691 12.192 12.941 5.254 14.054 7.674 19.178 7.244 15.904 6.930 14.886 21.076 7.408 16.198 8.516 16.049 0.000 3.476 9.983 16.390 16.717 13.623 6.876 8.162 
44 9.632 3.674 7.622 17.964 5.441 10.245 13.608 16.230 13.261 8.140 5.945 4.120 3.354 8.887 7.822 5.912 16.704 7.122 17.571 10.480 15.030 4.654 4.880 7.776 16.265 6.336 3.462 15.200 15.258 8.724 15.122 9.490 20.693 5.349 16.769 6.439 14.869 22.202 8.954 19.529 8.323 16.447 3.476 0.000 7.863 16.678 17.649 14.045 5.111 9.632 
45 9.257 8.432 12.012 21.281 11.334 2.388 5.756 18.344 7.425 10.303 9.507 8.841 11.092 3.830 7.393 11.276 12.435 11.378 17.945 6.046 15.490 7.200 12.734 11.860 19.145 7.912 11.323 17.295 15.248 14.033 12.057 9.929 17.871 2.739 12.954 4.530 9.502 18.342 9.084 22.639 5.140 11.677 9.983 7.863 0.000 11.650 13.852 9.771 3.119 9.257 
46 8.810 14.423 14.845 18.683 16.319 11.001 10.944 14.863 4.280 11.850 13.350 14.418 18.693 8.289 9.506 15.696 1.749 14.474 12.032 6.263 10.823 12.639 20.885 14.427 16.522 11.467 19.571 14.200 9.999 16.939 4.055 9.732 7.470 12.290 2.774 10.261 2.162 6.923 9.501 19.391 8.365 0.593 16.390 16.678 11.650 0.000 3.238 2.781 12.266 8.810 
47 8.603 14.863 14.352 16.397 16.261 13.609 13.974 12.581 6.946 11.461 13.360 14.747 19.165 10.157 9.933 15.548 1.604 14.105 9.324 7.922 8.606 13.214 21.390 13.913 14.349 11.764 20.177 12.076 7.711 16.241 2.688 9.304 4.318 13.946 0.914 11.507 4.977 4.611 9.359 16.924 9.680 2.782 16.717 17.649 13.852 3.238 0.000 4.082 13.835 8.603 
48 6.083 11.663 12.116 16.779 13.540 9.627 10.403 13.024 3.255 9.122 10.571 11.648 15.948 6.094 6.730 12.922 2.752 11.727 10.741 3.882 9.065 9.893 18.148 11.704 14.556 8.689 16.851 12.243 8.353 14.242 2.804 7.038 8.197 9.962 3.184 7.695 2.099 8.624 6.752 17.647 5.809 2.433 13.623 14.045 9.771 2.781 4.082 0.000 9.883 6.083 
49 7.424 5.322 9.059 18.736 8.222 5.444 8.781 16.078 8.451 7.723 6.574 5.744 8.151 4.038 5.363 8.194 12.634 8.424 16.231 6.030 13.680 4.230 9.961 8.951 16.681 5.260 8.536 15.012 13.599 11.001 11.610 7.848 17.461 0.412 12.922 2.549 10.272 18.443 7.041 20.164 4.173 12.140 6.876 5.111 3.119 12.266 13.835 9.883 0.000 7.424 
50 0.000 6.408 6.036 12.432 7.674 10.547 12.913 9.182 7.544 3.041 4.756 6.223 10.650 5.984 2.075 6.986 8.118 5.670 8.816 4.933 6.287 4.981 12.870 5.622 10.206 3.337 11.728 8.164 6.175 8.164 5.920 1.034 11.118 7.734 7.831 4.947 7.867 12.914 0.757 13.654 4.242 8.362 8.162 9.632 9.257 8.810 8.603 6.083 7.424 0.000 ;
param d := 
1 0
2 3
3 3
4 3
5 3
6 3
7 3
8 3
9 3
10 3
11 3
12 3
13 3
14 3
15 3
16 3
17 3
18 3
19 3
20 3
21 3
22 3
23 3
24 3
25 3
26 3
27 3
28 3
29 3
30 3
31 3
32 3
33 3
34 3
35 3
36 3
37 3
38 3
39 3
40 3
41 3
42 3
43 3
44 3
45 3
46 3
47 3
48 3
49 3
50 0;
param q := 
1 0
2 1
3 1
4 1
5 1
6 1
7 1
8 1
9 1
10 1
11 1
12 1
13 1
14 1
15 1
16 1
17 1
18 1
19 1
20 1
21 1
22 1
23 1
24 1
25 1
26 -1
27 -1
28 -1
29 -1
30 -1
31 -1
32 -1
33 -1
34 -1
35 -1
36 -1
37 -1
38 -1
39 -1
40 -1
41 -1
42 -1
43 -1
44 -1
45 -1
46 -1
47 -1
48 -1
49 -1
50 0;
param e := 
1 0
2 0
3 0
4 0
5 0
6 0
7 0
8 0
9 0
10 0
11 0
12 0
13 0
14 343
15 451
16 275
17 334
18 49
19 205
20 75
21 404
22 396
23 90
24 441
25 603
26 464
27 262
28 511
29 424
30 307
31 325
32 107
33 595
34 627
35 219
36 152
37 567
38 0
39 0
40 0
41 0
42 0
43 0
44 0
45 0
46 0
47 0
48 0
49 0
50 0;
param l := 
1 720
2 1440
3 1440
4 1440
5 1440
6 1440
7 1440
8 1440
9 1440
10 1440
11 1440
12 1440
13 1440
14 358
15 466
16 290
17 349
18 64
19 220
20 90
21 419
22 411
23 105
24 456
25 618
26 479
27 277
28 526
29 439
30 322
31 340
32 122
33 610
34 642
35 234
36 167
37 582
38 1440
39 1440
40 1440
41 1440
42 1440
43 1440
44 1440
45 1440
46 1440
47 1440
48 1440
49 1440
50 720;

