param n := 24;
param m := 3;
param L := 30;
param Q := 3;
param T := 480;
param t :
    1   2   3   4   5   6   7   8   9  10  11  12  13  14  15  16  17  18  19  20  21  22  23  24  25  26  27  28  29  30  31  32  33  34  35  36  37  38  39  40  41  42  43  44  45  46  47  48  49  50 :=
1 0.000 6.215 11.560 8.747 7.439 1.908 7.043 7.101 3.241 3.656 8.349 2.134 4.833 8.611 5.671 5.793 4.967 9.271 12.074 3.819 10.240 7.787 4.492 7.570 0.705 7.488 11.958 9.908 9.371 4.787 3.011 7.954 3.596 4.131 8.818 10.081 4.453 7.219 10.127 3.252 10.380 4.464 5.893 10.026 7.763 7.024 10.354 10.652 6.061 0.000 
2 6.215 0.000 15.178 14.560 10.039 6.509 12.181 6.112 9.391 4.029 12.524 4.606 10.674 9.221 7.621 11.989 10.374 3.326 8.987 3.098 8.783 13.273 6.070 11.546 5.519 3.662 10.486 4.759 15.458 10.674 9.038 13.338 8.858 8.859 8.439 9.566 10.656 13.336 8.534 4.194 8.044 1.785 1.766 16.009 13.710 2.395 6.309 14.519 0.410 6.215 
3 11.560 15.178 0.000 7.299 5.193 13.324 15.687 10.062 11.467 14.886 3.284 11.375 8.160 7.268 7.577 9.989 7.200 16.468 13.144 14.592 21.752 6.036 16.052 3.990 11.762 18.110 23.496 19.908 9.251 8.317 11.986 15.723 13.674 14.554 20.378 8.692 10.147 12.520 10.383 11.185 21.742 14.194 16.018 8.587 7.986 13.961 21.088 1.025 15.325 11.560 
4 8.747 14.560 7.299 0.000 8.022 9.756 9.554 12.085 6.658 12.355 5.171 9.955 3.930 10.928 8.961 3.904 4.258 17.091 16.820 12.561 18.275 1.775 12.532 5.636 9.328 16.233 19.814 18.638 1.998 3.963 7.274 9.212 8.859 9.717 16.575 12.864 4.885 5.755 14.043 10.518 18.721 12.970 14.581 1.723 1.170 14.499 19.061 6.365 14.509 8.747 
5 7.439 10.039 5.193 8.022 0.000 9.342 13.248 4.993 8.610 10.264 3.355 6.639 6.172 2.924 2.420 8.547 4.980 11.297 8.985 9.806 17.196 6.247 11.779 2.503 7.416 13.142 18.977 14.792 9.863 6.323 8.946 13.687 10.415 11.195 16.009 4.845 7.997 11.199 6.145 6.215 17.016 9.195 11.004 9.736 7.966 8.770 16.093 4.686 10.212 7.439 
6 1.908 6.509 13.324 9.756 9.342 0.000 5.800 8.724 3.327 2.906 10.072 3.577 6.016 10.468 7.556 6.289 6.438 9.790 13.524 3.540 8.673 9.067 2.844 9.350 2.136 6.775 10.332 9.369 10.027 5.928 2.804 6.884 2.362 2.559 7.128 11.865 5.002 7.003 11.779 4.690 8.990 4.745 5.664 10.819 8.671 7.880 9.413 12.388 6.248 1.908 
7 7.043 12.181 15.687 9.554 13.248 5.800 0.000 14.112 4.644 8.230 12.530 9.138 7.571 15.181 12.194 5.829 8.666 15.501 19.116 9.096 10.804 9.934 6.681 12.201 7.612 11.475 11.884 14.094 8.633 7.408 4.395 1.275 3.492 3.323 8.964 16.858 5.557 4.020 17.099 10.273 11.778 10.470 11.041 9.686 8.426 13.680 13.393 14.663 11.877 7.043 
8 7.101 6.112 10.062 12.085 4.993 8.724 14.112 0.000 9.808 8.114 8.225 5.148 8.978 3.204 3.142 11.157 8.060 6.483 5.131 7.293 14.543 10.397 10.172 7.264 6.625 9.701 16.312 10.726 13.626 9.072 9.834 14.937 10.696 11.196 13.801 3.539 10.110 13.444 3.057 4.063 14.002 6.059 7.577 13.784 11.660 4.190 12.420 9.657 6.416 7.101 
9 3.241 9.391 11.467 6.658 8.610 3.327 4.644 9.808 0.000 6.195 8.207 5.297 3.382 10.577 7.611 2.982 4.270 12.505 14.918 6.690 11.621 6.304 5.937 7.741 3.943 10.095 13.158 12.669 6.727 3.242 0.617 5.222 2.296 3.191 9.918 12.308 1.775 3.978 12.692 6.347 12.116 7.613 8.837 7.563 5.519 10.255 12.729 10.460 9.201 3.241 
10 3.656 4.029 14.886 12.355 10.264 2.906 8.230 8.114 6.195 0.000 11.783 3.627 8.469 10.593 8.051 9.107 8.612 7.347 12.271 0.980 6.934 11.443 2.178 10.924 3.216 3.918 8.713 6.474 12.814 8.412 5.701 9.427 5.080 4.927 5.828 11.591 7.786 9.899 11.075 4.297 6.859 2.517 2.834 13.548 11.329 5.941 6.709 14.039 3.688 3.656 
11 8.349 12.524 3.284 5.171 3.355 10.072 12.530 8.225 8.207 11.783 0.000 8.390 4.960 6.208 5.245 6.988 3.937 14.261 12.317 11.574 18.580 3.500 12.831 0.995 8.605 15.188 20.306 17.161 7.148 5.122 8.715 12.660 10.396 11.274 17.159 8.054 6.973 9.624 9.470 8.379 18.637 11.348 13.162 6.796 5.475 11.655 18.170 2.317 12.618 8.349 
12 2.134 4.606 11.375 9.955 6.639 3.577 9.138 5.148 5.297 3.627 8.390 0.000 6.072 7.135 4.444 7.544 5.793 7.376 9.998 3.217 10.558 8.703 5.327 7.474 1.527 6.801 12.339 8.898 10.889 6.078 5.128 10.080 5.657 6.080 9.419 8.372 6.247 9.251 8.205 1.137 10.408 3.074 4.829 11.411 9.111 4.986 9.781 10.576 4.562 2.134 
13 4.833 10.674 8.160 3.930 6.172 6.016 7.571 8.978 3.382 8.469 4.960 6.072 0.000 8.707 6.081 2.383 1.198 13.337 14.016 8.637 14.671 3.054 8.852 4.670 5.399 12.321 16.291 14.709 4.874 0.164 3.956 7.758 5.667 6.563 13.057 10.615 2.016 5.028 11.428 6.734 15.000 9.053 10.651 5.339 3.039 10.795 15.178 7.141 10.605 4.833 
14 8.611 9.221 7.268 10.928 2.924 10.468 15.181 3.204 10.577 10.593 6.208 7.135 8.707 0.000 2.995 11.079 7.567 9.631 6.120 9.908 17.336 9.154 12.456 5.416 8.351 12.716 19.123 13.899 12.733 8.842 10.786 15.790 12.021 12.689 16.412 1.947 10.329 13.651 3.271 6.297 16.919 8.894 10.559 12.646 10.807 7.394 15.521 7.064 9.493 8.611 
15 5.671 7.621 7.577 8.961 2.420 7.556 12.194 3.142 7.611 8.051 5.245 4.444 6.081 2.995 0.000 8.386 5.055 9.034 7.968 7.510 14.953 7.260 9.737 4.256 5.479 10.750 16.740 12.371 10.558 6.196 7.799 12.832 9.029 9.709 13.861 4.707 7.502 10.858 5.348 3.862 14.701 6.803 8.602 10.668 8.590 6.452 13.689 6.984 7.791 5.671 
16 5.793 11.989 9.989 3.904 8.547 6.289 5.829 11.157 2.982 9.107 6.988 7.544 2.383 11.079 8.386 0.000 3.567 14.920 16.253 9.512 14.528 4.108 8.909 6.879 6.475 13.023 16.012 15.564 3.746 2.240 3.568 5.739 5.023 5.854 12.785 12.977 1.342 2.681 13.730 8.415 15.074 10.254 11.640 4.601 2.734 12.491 15.701 8.966 11.850 5.793 
17 4.967 10.374 7.200 4.258 4.980 6.438 8.666 8.060 4.270 8.612 3.937 5.793 1.198 7.567 5.055 3.567 0.000 12.834 13.022 8.644 15.100 2.912 9.274 3.535 5.421 12.354 16.770 14.631 5.583 1.355 4.786 8.915 6.480 7.366 13.561 9.489 3.151 6.225 10.375 6.275 15.324 8.855 10.549 5.859 3.631 10.241 15.275 6.199 10.351 4.967 
18 9.271 3.326 16.468 17.091 11.297 9.790 15.501 6.483 12.505 7.347 14.261 7.376 13.337 9.631 9.034 14.920 12.834 0.000 7.179 6.424 11.011 15.636 9.330 13.266 8.566 5.851 12.535 5.317 18.204 13.365 12.206 16.648 12.149 12.179 11.091 9.290 13.615 16.480 7.804 6.603 9.969 5.046 4.777 18.647 16.358 2.630 7.490 15.975 3.660 9.271 
19 12.074 8.987 13.144 16.820 8.985 13.524 19.116 5.131 14.918 12.271 12.317 9.998 14.016 6.120 7.968 16.253 13.022 7.179 0.000 11.322 17.727 15.068 14.444 11.486 11.523 12.510 19.380 12.480 18.501 14.121 14.914 19.996 15.651 16.065 17.414 4.453 15.234 18.574 2.849 8.862 16.862 9.828 10.747 18.542 16.537 6.600 14.602 13.088 9.391 12.074 
20 3.819 3.098 14.592 12.561 9.806 3.540 9.096 7.293 6.690 0.980 11.574 3.217 8.637 9.908 7.510 9.512 8.644 6.424 11.322 0.000 7.458 11.528 3.148 10.675 3.244 3.710 9.248 6.090 13.162 8.598 6.250 10.268 5.836 5.775 6.528 10.803 8.174 10.520 10.208 3.666 7.210 1.538 2.148 13.841 11.583 4.962 6.651 13.784 2.781 3.819 
21 10.240 8.783 21.752 18.275 17.196 8.673 10.804 14.543 11.621 6.934 18.580 10.558 14.671 17.336 14.953 14.528 15.100 11.011 17.727 7.458 0.000 17.724 5.829 17.768 9.990 5.231 1.790 6.324 18.210 14.573 11.007 12.021 9.525 8.762 1.843 18.082 13.396 14.196 17.244 11.123 1.418 8.489 7.073 19.123 17.140 11.174 4.294 20.871 8.394 10.240 
22 7.787 13.273 6.036 1.775 6.247 9.067 9.934 10.397 6.304 11.443 3.500 8.703 3.054 9.154 7.260 4.108 2.912 15.636 15.068 11.528 17.724 0.000 11.905 3.878 8.290 15.236 19.340 17.539 3.678 3.153 6.908 9.814 8.596 9.488 16.104 11.089 4.645 6.509 12.281 9.138 18.046 11.768 13.457 3.493 2.000 13.020 18.136 5.037 13.258 7.787 
23 4.492 6.070 16.052 12.532 11.779 2.844 6.681 10.172 5.937 2.178 12.831 5.327 8.852 12.456 9.737 8.909 9.274 9.330 14.444 3.148 5.829 11.905 0.000 12.063 4.372 4.797 7.501 7.428 12.649 8.759 5.342 7.940 4.130 3.625 4.328 13.589 7.694 9.098 13.174 6.207 6.190 4.683 4.596 13.500 11.420 8.103 6.984 15.140 5.696 4.492 
24 7.570 11.546 3.990 5.636 2.503 9.350 12.201 7.264 7.741 10.924 0.995 7.474 4.670 5.416 4.256 6.879 3.535 13.266 11.486 10.675 17.768 3.878 12.063 0.000 7.778 14.262 19.508 16.199 7.552 4.834 8.208 12.428 9.853 10.714 16.388 7.312 6.674 9.555 8.647 7.417 17.783 10.399 12.218 7.324 5.746 10.660 17.245 3.115 11.646 7.570 
25 0.705 5.519 11.762 9.328 7.416 2.136 7.612 6.625 3.943 3.216 8.605 1.527 5.399 8.351 5.479 6.475 5.421 8.566 11.523 3.244 9.990 8.290 4.372 7.778 0.000 6.946 11.736 9.311 10.020 5.366 3.694 8.566 4.130 4.574 8.657 9.729 5.139 7.921 9.672 2.664 10.041 3.780 5.265 10.649 8.373 6.333 9.854 10.884 5.375 0.705 
26 7.488 3.662 18.110 16.233 13.142 6.775 11.475 9.701 10.095 3.918 15.188 6.801 12.321 12.716 10.750 13.023 12.354 5.851 12.510 3.710 5.231 15.236 4.797 14.262 6.946 0.000 6.873 2.645 16.732 12.275 9.579 12.736 8.740 8.373 5.262 13.198 11.704 13.683 12.197 6.942 4.389 3.948 2.166 17.459 15.227 6.010 2.983 17.349 3.309 7.488 
27 11.958 10.486 23.496 19.814 18.977 10.332 11.884 16.312 13.158 8.713 20.306 12.339 16.291 19.123 16.740 16.012 16.770 12.535 19.380 9.248 1.790 19.340 7.501 19.508 11.736 6.873 0.000 7.573 19.645 16.187 12.541 13.046 10.989 10.179 3.241 19.850 14.929 15.482 18.983 12.913 2.569 10.265 8.804 20.587 18.666 12.866 5.374 22.605 10.106 11.958 
28 9.908 4.759 19.908 18.638 14.792 9.369 14.094 10.726 12.669 6.474 17.161 8.898 14.709 13.899 12.371 15.564 14.631 5.317 12.480 6.090 6.324 17.539 7.428 16.199 9.311 2.645 7.573 0.000 19.243 14.676 12.172 15.360 11.381 11.017 7.030 14.031 14.233 16.314 12.767 8.783 5.047 5.839 4.083 19.931 17.672 6.601 2.246 19.220 4.584 9.908 
29 9.371 15.458 9.251 1.998 9.863 10.027 8.633 13.626 6.727 12.814 7.148 10.889 4.874 12.733 10.558 3.746 5.583 18.204 18.501 13.162 18.210 3.678 12.649 7.552 10.020 16.732 19.645 19.243 0.000 4.840 7.309 8.061 8.685 9.467 16.440 14.678 5.032 4.627 15.772 11.603 18.799 13.778 15.263 1.064 1.968 15.668 19.440 8.338 15.359 9.371 
30 4.787 10.674 8.317 3.963 6.323 5.928 7.408 9.072 3.242 8.412 5.122 6.078 0.164 8.842 6.196 2.240 1.355 13.365 14.121 8.598 14.573 3.153 8.759 4.834 5.366 12.275 16.187 14.676 4.840 0.000 3.822 7.595 5.531 6.428 12.952 10.746 1.853 4.876 11.544 6.763 14.916 9.041 10.624 5.335 3.037 10.832 15.122 7.298 10.600 4.787 
31 3.011 9.038 11.986 7.274 8.946 2.804 4.395 9.834 0.617 5.701 8.715 5.128 3.956 10.786 7.799 3.568 4.786 12.206 14.914 6.250 11.007 6.908 5.342 8.208 3.694 9.579 12.541 12.172 7.309 3.822 0.000 5.108 1.711 2.608 9.302 12.469 2.390 4.299 12.770 6.217 11.513 7.254 8.397 8.161 6.133 10.027 12.174 10.985 8.829 3.011 
32 7.954 13.338 15.723 9.212 13.687 6.884 1.275 14.937 5.222 9.427 12.660 10.080 7.758 15.790 12.832 5.739 8.915 16.648 19.996 10.268 12.021 9.814 7.940 12.428 8.566 12.736 13.046 15.360 8.061 7.595 5.108 0.000 4.529 4.500 10.185 17.530 5.764 3.473 17.877 11.206 13.023 11.605 12.251 9.125 8.138 14.749 14.667 14.699 13.045 7.954 
33 3.596 8.858 13.674 8.859 10.415 2.362 3.492 10.696 2.296 5.080 10.396 5.657 5.667 12.021 9.029 5.023 6.480 12.149 15.651 5.836 9.525 8.596 4.130 9.853 4.130 8.740 10.989 11.381 8.685 5.531 1.711 4.529 0.000 0.897 7.766 13.595 4.001 4.975 13.715 6.794 10.148 7.103 7.907 9.604 7.699 10.221 11.109 12.678 8.585 3.596 
34 4.131 8.859 14.554 9.717 11.195 2.559 3.323 11.196 3.191 4.927 11.274 6.080 6.563 12.689 9.709 5.854 7.366 12.179 16.065 5.775 8.762 9.488 3.625 10.714 4.574 8.373 10.179 11.017 9.467 6.428 2.608 4.500 0.897 0.000 6.975 14.207 4.879 5.539 14.239 7.210 9.454 7.151 7.754 10.409 8.553 10.399 10.588 13.561 8.556 4.131 
35 8.818 8.439 20.378 16.575 16.009 7.128 8.964 13.801 9.918 5.828 17.159 9.419 13.057 16.412 13.861 12.785 13.561 11.091 17.414 6.528 1.843 16.104 4.328 16.388 8.657 5.262 3.241 7.030 16.440 12.952 9.302 10.185 7.766 6.975 0.000 17.324 11.690 12.370 16.644 10.122 2.935 7.783 6.674 17.370 15.429 10.815 5.355 19.467 8.032 8.818 
36 10.081 9.566 8.692 12.864 4.845 11.865 16.858 3.539 12.308 11.591 8.054 8.372 10.615 1.947 4.707 12.977 9.489 9.290 4.453 10.803 18.082 11.089 13.589 7.312 9.729 13.198 19.850 14.031 14.678 10.746 12.469 17.530 13.595 14.207 17.324 0.000 12.177 15.518 1.762 7.389 17.525 9.597 11.096 14.579 12.754 7.432 15.841 8.648 9.894 10.081 
37 4.453 10.656 10.147 4.885 7.997 5.002 5.557 10.110 1.775 7.786 6.973 6.247 2.016 10.329 7.502 1.342 3.151 13.615 15.234 8.174 13.396 4.645 7.694 6.674 5.139 11.704 14.929 14.233 5.032 1.853 2.390 5.764 4.001 4.879 11.690 12.177 0.000 3.360 12.801 7.157 13.880 8.916 10.299 5.820 3.744 11.216 14.411 9.125 10.512 4.453 
38 7.219 13.336 12.520 5.755 11.199 7.003 4.020 13.444 3.978 9.899 9.624 9.251 5.028 13.651 10.858 2.681 6.225 16.480 18.574 10.520 14.196 6.509 9.098 9.555 7.921 13.683 15.482 16.314 4.627 4.876 4.299 3.473 4.975 5.539 12.370 15.518 3.360 0.000 16.160 10.264 14.971 11.552 12.659 5.687 4.716 14.225 16.081 11.506 13.128 7.219 
39 10.127 8.534 10.383 14.043 6.145 11.779 17.099 3.057 12.692 11.075 9.470 8.205 11.428 3.271 5.348 13.730 10.375 7.804 2.849 10.208 17.244 12.281 13.174 8.647 9.672 12.197 18.983 12.767 15.772 11.544 12.770 17.877 13.715 14.239 16.644 1.762 12.801 16.160 0.000 7.119 16.575 8.861 10.178 15.767 13.816 6.243 14.689 10.275 8.896 10.127 
40 3.252 4.194 11.185 10.518 6.215 4.690 10.273 4.063 6.347 4.297 8.379 1.137 6.734 6.297 3.862 8.415 6.275 6.603 8.862 3.666 11.123 9.138 6.207 7.417 2.664 6.942 12.913 8.783 11.603 6.763 6.217 11.206 6.794 7.210 10.122 7.389 7.157 10.264 7.119 0.000 10.840 3.009 4.833 12.049 9.757 4.086 9.910 10.457 4.251 3.252 
41 10.380 8.044 21.742 18.721 17.016 8.990 11.778 14.002 12.116 6.859 18.637 10.408 15.000 16.919 14.701 15.074 15.324 9.969 16.862 7.210 1.418 18.046 6.190 17.783 10.041 4.389 2.569 5.047 18.799 14.916 11.513 13.023 10.148 9.454 2.935 17.525 13.880 14.971 16.575 10.840 0.000 8.025 6.429 19.673 17.610 10.398 2.924 20.898 7.679 10.380 
42 4.464 1.785 14.194 12.970 9.195 4.745 10.470 6.059 7.613 2.517 11.348 3.074 9.053 8.894 6.803 10.254 8.855 5.046 9.828 1.538 8.489 11.768 4.683 10.399 3.780 3.948 10.265 5.839 13.778 9.041 7.254 11.605 7.103 7.151 7.783 9.597 8.916 11.552 8.861 3.009 8.025 0.000 1.824 14.368 12.075 3.425 6.905 13.458 1.597 4.464 
43 5.893 1.766 16.018 14.581 11.004 5.664 11.041 7.577 8.837 2.834 13.162 4.829 10.651 10.559 8.602 11.640 10.549 4.777 10.747 2.148 7.073 13.457 4.596 12.218 5.265 2.166 8.804 4.083 15.263 10.624 8.397 12.251 7.907 7.754 6.674 11.096 10.299 12.659 10.178 4.833 6.429 1.824 0.000 15.912 13.637 4.148 5.089 15.281 1.358 5.893 
44 10.026 16.009 8.587 1.723 9.736 10.819 9.686 13.784 7.563 13.548 6.796 11.411 5.339 12.646 10.668 4.601 5.859 18.647 18.542 13.841 19.123 3.493 13.500 7.324 10.649 17.459 20.587 19.931 1.064 5.335 8.161 9.125 9.604 10.409 17.370 14.579 5.820 5.687 15.767 12.049 19.673 14.368 15.912 0.000 2.300 16.075 20.215 7.725 15.932 10.026 
45 7.763 13.710 7.986 1.170 7.966 8.671 8.426 11.660 5.519 11.329 5.475 9.111 3.039 10.807 8.590 2.734 3.631 16.358 16.537 11.583 17.140 2.000 11.420 5.746 8.373 15.227 18.666 17.672 1.968 3.037 6.133 8.138 7.699 8.553 15.429 12.754 3.744 4.716 13.816 9.757 17.610 12.075 13.637 2.300 0.000 13.796 18.022 7.004 13.636 7.763 
46 7.024 2.395 13.961 14.499 8.770 7.880 13.680 4.190 10.255 5.941 11.655 4.986 10.795 7.394 6.452 12.491 10.241 2.630 6.600 4.962 11.174 13.020 8.103 10.660 6.333 6.010 12.866 6.601 15.668 10.832 10.027 14.749 10.221 10.399 10.815 7.432 11.216 14.225 6.243 4.086 10.398 3.425 4.148 16.075 13.796 0.000 8.450 13.424 2.794 7.024 
47 10.354 6.309 21.088 19.061 16.093 9.413 13.393 12.420 12.729 6.709 18.170 9.781 15.178 15.521 13.689 15.701 15.275 7.490 14.602 6.651 4.294 18.136 6.984 17.245 9.854 2.983 5.374 2.246 19.440 15.122 12.174 14.667 11.109 10.588 5.355 15.841 14.411 16.081 14.689 9.910 2.924 6.905 5.089 20.215 18.022 8.450 0.000 20.330 6.028 10.354 
48 10.652 14.519 1.025 6.365 4.686 12.388 14.663 9.657 10.460 14.039 2.317 10.576 7.141 7.064 6.984 8.966 6.199 15.975 13.088 13.784 20.871 5.037 15.140 3.115 10.884 17.349 22.605 19.220 8.338 7.298 10.985 14.699 12.678 13.561 19.467 8.648 9.125 11.506 10.275 10.457 20.898 13.458 15.281 7.725 7.004 13.424 20.330 0.000 14.646 10.652 
49 6.061 0.410 15.325 14.509 10.212 6.248 11.877 6.416 9.201 3.688 12.618 4.562 10.605 9.493 7.791 11.850 10.351 3.660 9.391 2.781 8.394 13.258 5.696 11.646 5.375 3.309 10.106 4.584 15.359 10.600 8.829 13.045 8.585 8.556 8.032 9.894 10.512 13.128 8.896 4.251 7.679 1.597 1.358 15.932 13.636 2.794 6.028 14.646 0.000 6.061 
50 0.000 6.215 11.560 8.747 7.439 1.908 7.043 7.101 3.241 3.656 8.349 2.134 4.833 8.611 5.671 5.793 4.967 9.271 12.074 3.819 10.240 7.787 4.492 7.570 0.705 7.488 11.958 9.908 9.371 4.787 3.011 7.954 3.596 4.131 8.818 10.081 4.453 7.219 10.127 3.252 10.380 4.464 5.893 10.026 7.763 7.024 10.354 10.652 6.061 0.000 ;
param d := 
1 0
2 3
3 3
4 3
5 3
6 3
7 3
8 3
9 3
10 3
11 3
12 3
13 3
14 3
15 3
16 3
17 3
18 3
19 3
20 3
21 3
22 3
23 3
24 3
25 3
26 3
27 3
28 3
29 3
30 3
31 3
32 3
33 3
34 3
35 3
36 3
37 3
38 3
39 3
40 3
41 3
42 3
43 3
44 3
45 3
46 3
47 3
48 3
49 3
50 0;
param q := 
1 0
2 1
3 1
4 1
5 1
6 1
7 1
8 1
9 1
10 1
11 1
12 1
13 1
14 1
15 1
16 1
17 1
18 1
19 1
20 1
21 1
22 1
23 1
24 1
25 1
26 -1
27 -1
28 -1
29 -1
30 -1
31 -1
32 -1
33 -1
34 -1
35 -1
36 -1
37 -1
38 -1
39 -1
40 -1
41 -1
42 -1
43 -1
44 -1
45 -1
46 -1
47 -1
48 -1
49 -1
50 0;
param e := 
1 0
2 0
3 0
4 0
5 0
6 0
7 0
8 0
9 0
10 0
11 0
12 0
13 0
14 156
15 26
16 385
17 0
18 297
19 119
20 160
21 34
22 180
23 43
24 301
25 107
26 270
27 135
28 403
29 355
30 341
31 450
32 292
33 224
34 383
35 168
36 138
37 338
38 0
39 0
40 0
41 0
42 0
43 0
44 0
45 0
46 0
47 0
48 0
49 0
50 0;
param l := 
1 480
2 1440
3 1440
4 1440
5 1440
6 1440
7 1440
8 1440
9 1440
10 1440
11 1440
12 1440
13 1440
14 171
15 41
16 400
17 15
18 312
19 134
20 175
21 49
22 195
23 58
24 316
25 122
26 285
27 150
28 418
29 370
30 356
31 465
32 307
33 239
34 398
35 183
36 153
37 353
38 1440
39 1440
40 1440
41 1440
42 1440
43 1440
44 1440
45 1440
46 1440
47 1440
48 1440
49 1440
50 480;

