param n := 36;
param m := 3;
param L := 30;
param Q := 3;
param T := 720;
param t :
    1   2   3   4   5   6   7   8   9  10  11  12  13  14  15  16  17  18  19  20  21  22  23  24  25  26  27  28  29  30  31  32  33  34  35  36  37  38  39  40  41  42  43  44  45  46  47  48  49  50  51  52  53  54  55  56  57  58  59  60  61  62  63  64  65  66  67  68  69  70  71  72  73  74 :=
1 0.000 6.644 2.115 10.788 12.434 5.877 11.400 11.005 6.825 5.805 13.185 7.400 10.460 4.396 2.852 6.519 2.585 9.750 9.528 11.028 9.572 8.768 12.215 5.384 12.858 6.099 9.230 11.601 13.482 6.058 9.795 10.383 5.966 9.773 8.348 7.295 10.632 8.599 5.739 9.492 3.731 5.024 5.719 12.287 5.486 3.804 9.699 9.863 8.417 9.690 9.969 13.065 8.951 3.762 7.728 2.532 6.407 11.740 4.912 11.391 6.058 4.653 4.470 8.172 11.042 6.737 9.203 2.191 6.260 4.322 4.223 6.044 11.540 0.000 
2 6.644 0.000 8.717 16.584 9.231 4.124 10.186 5.631 10.753 4.913 18.916 11.854 16.015 6.998 6.246 3.202 4.164 15.882 12.909 16.664 7.583 8.351 8.598 9.678 18.190 11.368 11.638 16.784 18.626 9.969 13.238 5.321 12.180 16.178 4.744 13.472 5.687 7.544 12.244 14.529 8.308 4.156 6.765 17.336 12.116 10.267 5.011 5.487 8.558 14.487 7.472 18.329 11.927 5.604 14.357 8.224 7.437 9.786 4.312 9.998 10.547 9.636 2.174 6.983 7.234 12.734 14.908 6.205 12.884 8.442 2.438 0.970 17.546 6.644 
3 2.115 8.717 0.000 8.897 14.244 7.395 12.880 12.755 7.043 7.130 11.939 6.318 9.417 4.922 3.764 8.229 4.581 7.742 9.708 9.909 10.637 9.472 13.520 5.658 11.866 4.703 9.827 9.945 11.799 6.407 8.972 12.091 4.653 7.678 10.344 5.305 12.687 10.213 4.057 8.829 3.394 6.990 6.467 10.668 3.548 1.749 11.366 11.458 9.784 9.153 11.132 11.343 9.352 5.477 5.640 1.871 7.779 13.356 6.400 12.910 6.091 3.706 6.546 9.845 12.974 5.578 7.384 3.249 4.167 4.055 6.316 8.149 10.147 2.115 
4 10.788 16.584 8.897 0.000 23.141 13.569 21.650 18.773 14.694 12.869 14.562 5.488 13.550 9.961 10.346 14.766 12.611 1.733 16.907 13.613 14.544 12.551 17.692 13.628 15.549 5.253 17.702 2.311 3.483 14.338 6.654 18.019 10.091 3.208 19.132 3.669 21.353 19.078 8.776 14.305 8.298 15.811 11.029 2.970 7.704 7.177 17.227 17.041 18.514 14.885 15.247 2.910 16.973 14.374 5.857 8.505 16.556 22.206 12.790 21.705 13.656 6.973 14.598 18.729 21.827 10.900 1.680 10.400 6.270 8.282 14.487 16.301 12.606 10.788 
5 12.434 9.231 14.244 23.141 0.000 13.227 3.417 13.603 10.706 13.947 19.097 19.596 16.413 15.239 13.926 12.426 11.341 21.933 10.930 17.073 16.790 17.543 17.312 10.807 17.680 18.500 9.005 24.033 25.915 10.422 21.590 13.664 14.980 21.618 4.609 19.530 4.145 4.320 15.823 14.404 15.759 7.489 15.544 24.711 16.380 15.975 13.683 14.242 5.539 13.984 16.619 25.498 9.899 8.767 18.937 14.912 6.987 2.188 13.130 3.112 11.360 16.930 9.930 4.515 2.058 14.904 21.603 13.525 17.683 16.167 9.810 8.689 18.607 12.434 
6 5.877 4.124 7.395 13.569 13.227 0.000 13.716 5.478 12.076 0.822 19.062 8.369 16.326 3.610 3.761 1.228 3.699 13.200 14.628 16.902 4.133 4.339 6.377 10.727 18.706 8.350 13.801 13.372 15.138 11.256 9.330 4.769 11.816 13.830 8.637 10.974 9.810 10.868 11.430 15.251 5.466 6.784 2.811 13.839 10.918 8.446 4.009 4.063 11.512 15.382 4.334 14.912 13.821 7.264 12.673 6.096 9.898 13.517 0.995 13.576 11.529 6.703 3.586 10.305 11.283 12.613 11.903 4.160 11.245 5.321 3.858 4.538 17.395 5.877 
7 11.400 10.186 12.880 21.650 3.417 13.716 0.000 15.336 7.992 14.318 15.964 18.795 13.398 14.957 13.471 13.178 11.026 20.281 7.730 14.037 17.651 18.026 18.736 8.437 14.470 17.455 5.822 22.825 24.676 7.900 21.080 15.241 12.644 19.751 5.585 17.982 6.558 2.916 13.658 11.371 15.036 7.090 15.597 23.546 14.390 14.517 15.092 15.610 3.141 10.897 17.616 24.211 6.765 7.658 16.897 13.929 5.105 1.233 13.373 0.312 8.811 16.052 10.152 3.451 4.516 12.395 20.224 12.952 15.784 15.546 9.925 9.397 15.650 11.400 
8 11.005 5.631 12.755 18.773 13.603 5.478 15.336 0.000 16.254 6.016 24.035 13.367 21.196 8.960 9.230 4.526 8.484 18.558 18.509 21.814 5.164 7.056 3.934 15.080 23.478 13.660 17.269 18.274 19.918 15.451 13.624 0.755 16.950 19.269 9.755 16.404 9.485 12.949 16.717 19.873 10.906 9.782 7.744 18.637 16.302 13.909 1.545 1.822 14.102 19.895 4.562 19.775 17.544 11.091 18.142 11.566 13.068 14.708 6.442 15.105 15.941 12.089 7.144 12.408 11.557 17.654 17.141 9.579 16.705 10.688 7.500 6.598 22.495 11.005 
9 6.825 10.753 7.043 14.694 10.706 12.076 7.992 16.254 0.000 12.252 8.759 13.326 5.891 11.220 9.671 12.287 8.382 13.126 2.711 6.572 16.103 15.532 18.386 1.443 7.676 11.612 3.008 16.293 18.019 0.821 16.012 15.803 4.857 12.306 8.935 11.117 11.379 6.515 6.051 4.026 10.256 6.731 12.512 17.058 7.013 8.168 15.283 15.607 5.168 3.830 16.394 17.492 2.344 5.167 9.315 8.763 4.161 8.961 11.249 8.170 1.040 10.748 9.144 6.553 10.442 4.445 13.523 9.010 8.462 10.907 8.786 9.802 7.967 6.825 
10 5.805 4.913 7.130 12.869 13.947 0.822 14.318 6.016 12.252 0.000 18.942 7.609 16.257 2.951 3.390 2.027 3.901 12.563 14.854 16.814 3.851 3.710 6.428 10.870 18.662 7.683 14.122 12.608 14.360 11.437 8.510 5.281 11.659 13.253 9.345 10.388 10.596 11.444 11.186 15.273 4.894 7.308 2.000 13.061 10.601 8.041 4.497 4.458 12.010 15.438 4.180 14.144 14.089 7.610 12.236 5.685 10.323 14.165 1.026 14.188 11.646 6.078 4.166 10.886 12.024 12.494 11.212 3.886 10.833 4.679 4.400 5.270 17.226 5.805 
11 13.185 18.916 11.939 14.562 19.097 19.062 15.964 24.035 8.759 18.942 0.000 16.407 2.923 16.846 15.666 19.651 15.579 12.866 8.238 2.257 22.567 21.378 25.369 9.400 1.772 14.606 10.144 16.809 17.940 9.355 19.076 23.466 7.299 11.358 17.689 12.301 20.137 15.142 8.023 4.759 15.107 15.222 18.403 17.519 8.973 11.705 22.824 23.024 13.665 5.118 23.040 17.360 9.214 13.424 9.103 13.705 12.919 17.110 18.091 16.212 8.559 14.802 16.978 15.252 19.108 6.451 14.314 15.089 9.653 15.717 16.636 18.031 2.014 13.185 
12 7.400 11.854 6.318 5.488 19.596 8.369 18.795 13.367 13.326 7.609 16.407 0.000 14.487 4.880 5.772 9.594 8.337 5.715 15.946 14.801 9.061 7.088 12.220 11.967 16.857 1.846 16.145 5.003 6.795 12.718 2.770 12.611 9.904 6.928 15.200 4.443 17.128 15.966 8.730 14.477 3.837 12.111 5.670 5.498 7.605 5.281 11.825 11.605 15.811 14.920 9.763 6.546 15.653 11.140 7.534 4.886 13.796 19.090 7.719 18.779 12.342 2.748 10.121 15.514 17.996 10.898 3.973 6.087 6.754 3.483 10.104 11.772 14.408 7.400 
13 10.460 16.015 9.417 13.550 16.413 16.326 13.398 21.196 5.891 16.257 2.923 14.487 0.000 14.336 13.061 16.858 12.776 11.817 5.793 0.682 19.959 18.888 22.675 6.477 2.451 12.646 7.608 15.664 17.024 6.452 17.232 20.643 4.795 10.464 14.797 10.744 17.263 12.352 5.787 2.027 12.717 12.299 15.866 16.413 6.884 9.462 20.018 20.240 10.916 2.550 20.398 16.445 6.646 10.505 7.738 11.250 10.048 14.499 15.371 13.626 5.640 12.583 14.106 12.429 16.306 3.839 12.987 12.456 7.876 13.354 13.760 15.123 2.295 10.460 
14 4.396 6.998 4.922 9.961 15.239 3.610 14.957 8.960 11.220 2.951 16.846 4.880 14.336 0.000 1.590 4.806 3.951 9.612 13.925 14.831 5.816 4.552 8.857 9.778 16.783 4.742 13.566 9.863 11.675 10.454 6.381 8.220 9.574 10.319 10.694 7.451 12.420 12.045 8.874 13.645 2.013 7.922 1.574 10.378 8.118 5.408 7.431 7.346 12.240 13.911 6.377 11.410 13.333 7.488 9.477 3.157 10.323 15.045 2.857 14.886 10.430 3.129 5.418 11.531 13.490 10.499 8.294 2.234 8.134 1.728 5.469 6.995 15.018 4.396 
15 2.852 6.246 3.764 10.346 13.926 3.761 13.471 9.230 9.671 3.390 15.666 5.772 13.061 1.590 0.000 4.767 2.591 9.733 12.369 13.587 6.905 5.936 9.756 8.232 15.494 5.122 11.979 10.586 12.448 8.895 7.679 8.528 8.368 10.206 9.456 7.392 11.358 10.569 7.818 12.248 2.063 6.506 2.878 11.172 7.211 4.686 7.770 7.801 10.698 12.482 7.377 12.125 11.758 5.932 8.913 2.336 8.761 13.613 2.788 13.413 8.909 3.390 4.367 10.069 12.258 9.247 8.668 0.661 7.485 2.289 4.333 6.046 13.903 2.852 
16 6.519 3.202 8.229 14.766 12.426 1.228 13.178 4.526 12.287 2.027 19.651 9.594 16.858 4.806 4.767 0.000 4.083 14.356 14.746 17.456 4.473 5.157 6.125 10.998 19.196 9.533 13.771 14.597 16.366 11.466 10.530 3.872 12.484 14.937 7.893 12.094 8.838 10.400 12.203 15.664 6.597 6.477 4.027 15.066 11.776 9.414 3.181 3.384 11.191 15.748 4.479 16.138 13.877 7.272 13.651 7.091 9.725 12.880 2.013 13.015 11.832 7.864 3.309 9.833 10.436 13.227 13.096 5.069 12.204 6.497 3.642 3.807 18.052 6.519 
17 2.585 4.164 4.581 12.611 11.341 3.699 11.026 8.484 8.382 3.901 15.579 8.337 12.776 3.951 2.591 4.083 0.000 11.796 10.959 13.377 7.742 7.420 10.054 7.028 15.115 7.509 10.237 13.053 14.930 7.562 10.252 7.893 8.470 12.027 6.869 9.362 8.837 8.110 8.319 11.601 4.535 3.971 4.647 13.669 8.057 6.103 7.246 7.466 8.407 11.708 8.013 14.579 10.188 3.779 10.216 4.130 6.580 11.094 2.882 10.947 7.833 5.812 2.027 7.589 9.669 9.173 10.953 2.274 8.742 4.863 1.878 3.715 14.012 2.585 
18 9.750 15.882 7.742 1.733 21.933 13.200 20.281 18.558 13.126 12.563 12.866 5.715 11.817 9.612 9.733 14.356 11.796 0.000 15.269 11.882 14.663 12.752 17.843 12.120 13.825 4.905 16.132 3.945 5.212 12.813 7.493 17.812 8.443 1.581 18.078 2.456 20.380 17.791 7.141 12.590 7.765 14.729 10.856 4.655 6.112 5.993 17.020 16.889 17.139 13.176 15.348 4.636 15.377 13.186 4.135 7.670 15.216 20.893 12.347 20.352 12.094 6.497 13.816 17.472 20.715 9.221 1.887 9.682 4.664 7.886 13.669 15.511 10.898 9.750 
19 9.528 12.909 9.708 16.907 10.930 14.628 7.730 18.509 2.711 14.854 8.238 15.946 5.793 13.925 12.369 14.746 10.959 15.269 0.000 6.394 18.701 18.202 20.869 4.153 6.754 14.197 1.926 18.647 20.310 3.474 18.657 18.111 6.826 14.283 10.288 13.439 12.522 7.259 8.133 3.796 12.958 8.764 15.196 19.417 9.217 10.722 17.642 18.002 5.706 3.244 18.961 19.765 1.098 7.489 11.264 11.459 5.646 8.891 13.840 7.983 3.617 13.413 11.512 7.501 11.174 6.115 15.858 11.708 10.638 13.612 11.158 11.940 8.086 9.528 
20 11.028 16.664 9.909 13.613 17.073 16.902 14.037 21.814 6.572 16.814 2.257 14.801 0.682 14.831 13.587 17.456 13.377 11.882 6.394 0.000 20.491 19.380 23.238 7.152 2.056 12.967 8.235 15.768 17.073 7.133 17.529 21.255 5.261 10.482 15.479 10.942 17.945 13.027 6.163 2.672 13.171 12.970 16.371 16.509 7.219 9.860 20.622 20.836 11.585 3.155 20.942 16.493 7.277 11.168 7.861 11.723 10.730 15.147 15.940 14.270 6.317 12.982 14.738 13.107 16.983 4.341 13.131 12.991 8.120 13.800 14.395 15.776 1.760 11.028 
21 9.572 7.583 10.637 14.544 16.790 4.133 17.651 5.164 16.103 3.851 22.567 9.061 19.959 5.816 6.905 4.473 7.742 14.663 18.701 20.491 0.000 2.057 3.181 14.719 22.385 9.850 17.926 13.681 15.187 15.288 8.742 4.503 15.269 15.652 12.323 12.837 13.004 14.864 14.657 19.064 7.767 10.865 4.245 13.945 13.933 11.220 3.907 3.413 15.598 19.250 0.714 15.114 17.922 11.392 15.209 8.959 14.026 17.341 4.861 17.488 15.489 8.609 7.655 14.297 14.764 16.151 13.020 7.503 13.913 7.300 7.953 8.271 20.782 9.572 
22 8.768 8.351 9.472 12.551 17.543 4.339 18.026 7.056 15.532 3.710 21.378 7.088 18.888 4.552 5.936 5.157 7.420 12.752 18.202 19.380 2.057 0.000 5.143 14.107 21.335 8.027 17.628 11.632 13.130 14.736 6.689 6.348 14.121 13.812 12.966 11.043 13.992 15.154 13.377 18.170 6.313 11.013 3.059 11.889 12.552 9.793 5.661 5.245 15.698 18.416 2.770 13.060 17.515 11.196 13.595 7.672 13.966 17.852 4.688 17.894 14.817 6.954 7.874 14.596 15.575 15.050 11.060 6.588 12.373 5.758 8.110 8.860 19.525 8.768 
23 12.215 8.598 13.520 17.692 17.312 6.377 18.736 3.934 18.386 6.428 25.369 12.220 22.675 8.857 9.756 6.125 10.054 17.843 20.869 23.238 3.181 5.143 0.000 17.068 25.069 13.030 19.879 16.739 18.170 17.565 11.690 3.678 18.085 18.831 13.182 16.010 13.257 16.143 17.574 21.629 10.850 12.487 7.316 16.956 16.920 14.254 3.655 3.126 17.111 21.756 2.518 18.135 20.001 13.396 18.317 11.943 15.783 18.230 7.309 18.531 17.884 11.757 9.406 15.581 15.255 18.921 16.186 10.298 16.990 10.421 9.749 9.481 23.646 12.215 
24 5.384 9.678 5.658 13.628 10.807 10.727 8.437 15.080 1.443 10.870 9.400 11.967 6.477 9.778 8.232 10.998 7.028 12.120 4.153 7.152 14.719 14.107 17.068 0.000 8.530 10.285 4.203 15.123 16.886 0.752 14.630 14.597 4.218 11.424 8.428 9.999 10.941 6.499 5.236 4.855 8.826 5.827 11.079 15.882 6.057 6.884 14.047 14.348 5.385 4.819 15.028 16.372 3.696 4.085 8.499 7.343 3.887 9.271 9.876 8.569 0.869 9.354 7.938 6.412 10.267 4.103 12.377 7.571 7.493 9.476 7.582 8.751 8.328 5.384 
25 12.858 18.190 11.866 15.549 17.680 18.706 14.470 23.478 7.676 18.662 1.772 16.857 2.451 16.783 15.494 19.196 15.115 13.825 6.754 2.056 22.385 21.335 25.069 8.530 0.000 15.023 8.678 17.736 18.988 8.359 19.585 22.947 7.245 12.383 16.579 12.975 18.973 13.855 8.203 3.683 15.167 14.332 18.309 18.470 9.272 11.893 22.340 22.581 12.341 3.864 22.815 18.407 7.786 12.613 9.862 13.701 11.787 15.642 17.761 14.729 7.663 15.016 16.353 14.013 17.817 6.289 15.133 14.883 10.172 15.803 16.002 17.274 3.070 12.858 
26 6.099 11.368 4.703 5.253 18.500 8.350 17.455 13.660 11.612 7.683 14.606 1.846 12.646 4.742 5.122 9.533 7.509 4.905 14.197 12.967 9.850 8.027 13.030 10.285 15.023 0.000 14.483 5.565 7.449 11.038 4.612 12.912 8.061 5.802 14.249 3.021 16.338 14.689 6.884 12.637 3.061 11.027 5.951 6.218 5.762 3.484 12.120 11.984 14.406 13.086 10.519 7.077 13.950 9.856 5.871 3.589 12.389 17.835 7.545 17.461 10.611 1.732 9.443 14.270 17.014 9.054 3.574 5.247 4.967 3.037 9.364 11.140 12.615 6.099 
27 9.230 11.638 9.827 17.702 9.005 13.801 5.822 17.269 3.008 14.122 10.144 16.145 7.608 13.566 11.979 13.771 10.237 16.132 1.926 8.235 17.926 17.628 19.879 4.203 8.678 14.483 0.000 19.283 21.020 3.452 18.777 16.927 7.805 15.289 8.593 14.119 10.728 5.428 9.037 5.584 12.862 7.493 14.705 20.046 10.020 11.086 16.517 16.916 3.868 5.084 18.122 20.495 0.967 6.537 12.284 11.429 4.207 6.971 13.096 6.069 4.046 13.495 10.474 5.722 9.294 7.272 16.519 11.333 11.468 13.494 10.132 10.671 9.884 9.230 
28 11.601 16.784 9.945 2.311 24.033 13.372 22.825 18.274 16.293 12.608 16.809 5.003 15.664 9.863 10.586 14.597 13.053 3.945 18.647 15.768 13.681 11.632 16.739 15.123 17.736 5.565 19.283 0.000 1.885 15.858 5.164 17.521 11.908 5.491 19.814 5.209 21.890 20.132 10.585 16.282 8.538 16.578 10.650 0.771 9.451 8.347 16.742 16.485 19.722 16.841 14.395 1.548 18.615 15.326 7.926 9.133 17.723 23.280 12.714 22.853 15.254 7.241 14.948 19.738 22.575 12.782 2.791 10.781 8.083 8.342 14.891 16.632 14.836 11.601 
29 13.482 18.626 11.799 3.483 25.915 15.138 24.676 19.918 18.019 14.360 17.940 6.795 17.024 11.675 12.448 16.366 14.930 5.212 20.310 17.073 15.187 13.130 18.170 16.886 18.988 7.449 21.020 1.885 0.000 17.614 6.481 19.167 13.518 6.606 21.699 6.902 23.767 21.999 12.197 17.783 10.408 18.462 12.382 1.300 11.093 10.174 18.397 18.113 21.566 18.360 15.900 0.581 20.326 17.200 9.339 11.018 19.572 25.146 14.514 24.708 16.979 9.118 16.814 21.609 24.460 14.352 4.509 12.657 9.683 10.191 16.762 18.493 16.012 13.482 
30 6.058 9.969 6.407 14.338 10.422 11.256 7.900 15.451 0.821 11.437 9.355 12.718 6.452 10.454 8.895 11.466 7.562 12.813 3.474 7.133 15.288 14.736 17.565 0.752 8.359 11.038 3.452 15.858 17.614 0.000 15.376 14.993 4.758 12.079 8.348 10.721 10.829 6.153 5.852 4.681 9.551 5.988 11.724 16.618 6.726 7.634 14.469 14.790 4.924 4.549 15.575 17.097 2.953 4.372 9.127 8.077 3.646 8.791 10.432 8.051 0.938 10.099 8.332 6.127 10.014 4.513 13.106 8.235 8.170 10.198 7.974 9.023 8.431 6.058 
31 9.795 13.238 8.972 6.654 21.590 9.330 21.080 13.624 16.012 8.510 19.076 2.770 17.232 6.381 7.679 10.530 10.252 7.493 18.657 17.529 8.742 6.689 11.690 14.630 19.585 4.612 18.777 5.164 6.481 15.376 0.000 12.886 12.673 8.940 17.070 6.880 18.777 18.200 11.490 17.247 6.071 14.183 6.527 5.287 10.356 8.041 12.140 11.804 18.185 17.689 9.451 6.470 18.324 13.439 10.078 7.376 16.188 21.276 8.931 21.039 15.044 5.282 11.796 17.716 19.868 13.666 5.605 8.143 9.437 5.534 11.850 13.338 17.068 9.795 
32 10.383 5.321 12.091 18.019 13.664 4.769 15.241 0.755 15.803 5.281 23.466 12.611 20.643 8.220 8.528 3.872 7.893 17.812 18.111 21.255 4.503 6.348 3.678 14.597 22.947 12.912 16.927 17.521 19.167 14.993 12.886 0.000 16.341 18.534 9.658 15.667 9.587 12.769 16.076 19.362 10.174 9.435 6.991 17.886 15.635 13.212 0.792 1.104 13.863 19.402 3.938 19.022 17.166 10.655 17.441 10.864 12.740 14.667 5.744 15.021 15.453 11.348 6.663 12.219 11.609 17.065 16.388 8.896 16.010 9.946 7.021 6.274 21.900 10.383 
33 5.966 12.180 4.653 10.091 14.980 11.816 12.644 16.950 4.857 11.659 7.299 9.904 4.795 9.574 8.368 12.484 8.470 8.443 6.826 5.261 15.269 14.121 18.085 4.218 7.245 8.061 7.805 11.908 13.518 4.758 12.673 16.341 0.000 7.496 12.162 6.714 14.693 10.661 1.324 4.581 7.923 9.086 11.120 12.679 2.472 4.721 15.664 15.827 9.602 5.058 15.742 12.966 6.988 7.190 4.482 6.463 8.000 13.488 10.835 12.783 3.889 7.825 10.093 10.518 14.290 0.998 9.121 7.794 3.836 8.559 9.778 11.391 5.579 5.966 
34 9.773 16.178 7.678 3.208 21.618 13.830 19.751 19.269 12.306 13.253 11.358 6.928 10.464 10.319 10.206 14.937 12.027 1.581 14.283 10.482 15.652 13.812 18.831 11.424 12.383 5.802 15.289 5.491 6.606 12.079 8.940 18.534 7.496 0.000 17.974 2.868 20.355 17.392 6.255 11.385 8.367 14.620 11.678 6.176 5.373 5.974 17.747 17.662 16.618 11.989 16.319 6.024 14.484 12.962 3.020 7.984 14.762 20.441 12.926 19.845 11.295 7.200 14.052 17.115 20.524 8.174 3.379 10.055 3.969 8.601 13.869 15.720 9.412 9.773 
35 8.348 4.744 10.344 19.132 4.609 8.637 5.585 9.755 8.935 9.345 17.689 15.200 14.797 10.694 9.456 7.893 6.869 18.078 10.288 15.479 12.323 12.966 13.182 8.428 16.579 14.249 8.593 19.814 21.699 8.348 17.070 9.658 12.162 17.974 0.000 15.629 2.533 3.395 12.720 12.958 11.376 3.356 10.940 20.461 13.029 12.090 9.530 10.058 4.832 12.715 12.213 21.316 9.196 5.095 15.553 10.697 4.793 5.061 8.522 5.363 9.202 12.609 5.333 2.944 2.802 12.363 17.529 9.115 14.177 11.731 5.233 4.107 16.749 8.348 
36 7.295 13.472 5.305 3.669 19.530 10.974 17.982 16.404 11.117 10.388 12.301 4.443 10.744 7.451 7.392 12.094 9.362 2.456 13.439 10.942 12.837 11.043 16.010 9.999 12.975 3.021 14.119 5.209 6.902 10.721 6.880 15.667 6.714 2.868 15.629 0.000 17.924 15.429 5.393 11.164 5.508 12.283 8.818 5.980 4.248 3.560 14.880 14.794 14.846 11.700 13.493 6.377 13.427 10.769 3.216 5.249 12.892 18.550 10.081 18.040 10.078 4.333 11.386 15.092 18.278 7.613 2.419 7.290 2.926 5.733 11.230 13.076 10.287 7.295 
37 10.632 5.687 12.687 21.353 4.145 9.810 6.558 9.485 11.379 10.596 20.137 17.128 17.263 12.420 11.358 8.838 8.837 20.380 12.522 17.945 13.004 13.992 13.257 10.941 18.973 16.338 10.728 21.890 23.767 10.829 18.777 9.587 14.693 20.355 2.533 17.924 0.000 5.309 15.231 15.389 13.366 5.773 12.399 22.505 15.504 14.421 9.667 10.235 6.864 15.115 12.759 23.413 11.424 7.588 18.011 12.857 7.218 5.618 9.931 6.268 11.700 14.649 7.018 5.021 2.166 14.895 19.721 11.110 16.615 13.646 7.025 5.441 19.249 10.632 
38 8.599 7.544 10.213 19.078 4.320 10.868 2.916 12.949 6.515 11.444 15.142 15.966 12.352 12.045 10.569 10.400 8.110 17.791 7.259 13.027 14.864 15.154 16.143 6.499 13.855 14.689 5.428 20.132 21.999 6.153 18.200 12.769 10.661 17.392 3.395 15.429 5.309 0.000 11.514 10.388 12.178 4.179 12.685 20.839 12.105 11.904 12.537 13.028 1.560 10.040 14.869 21.552 6.164 4.837 14.656 11.129 2.672 3.149 10.485 2.844 7.087 13.233 7.287 0.568 3.967 10.601 17.596 10.061 13.436 12.671 7.044 6.686 14.478 8.599 
39 5.739 12.244 4.057 8.776 15.823 11.430 13.658 16.717 6.051 11.186 8.023 8.730 5.787 8.874 7.818 12.203 8.319 7.141 8.133 6.163 14.657 13.377 17.574 5.236 8.203 6.884 9.037 10.585 12.197 5.852 11.490 16.076 1.324 6.255 12.720 5.393 15.231 11.514 0.000 5.832 7.087 9.511 10.443 11.355 1.169 3.702 15.368 15.484 10.564 6.339 15.170 11.645 8.250 7.647 3.275 5.718 8.843 14.441 10.436 13.778 5.044 6.821 10.099 11.321 14.997 2.238 7.798 7.302 2.513 7.694 9.809 11.522 6.148 5.739 
40 9.492 14.529 8.829 14.305 14.404 15.251 11.371 19.873 4.026 15.273 4.759 14.477 2.027 13.645 12.248 15.664 11.601 12.590 3.796 2.672 19.064 18.170 21.629 4.855 3.683 12.637 5.584 16.282 17.783 4.681 17.247 19.362 4.581 11.385 12.958 11.164 15.389 10.388 5.832 0.000 12.219 10.650 15.114 17.048 7.000 9.246 18.778 19.043 8.928 0.636 19.450 17.214 4.620 8.940 8.457 10.700 8.175 12.476 14.333 11.601 3.986 12.297 12.733 10.493 14.352 3.601 13.524 11.610 8.238 12.876 12.379 13.605 4.303 9.492 
41 3.731 8.308 3.394 8.298 15.759 5.466 15.036 10.906 10.256 4.894 15.107 3.837 12.717 2.013 2.063 6.597 4.535 7.765 12.958 13.171 7.767 6.313 10.850 8.826 15.167 3.061 12.862 8.538 10.408 9.551 6.071 10.174 7.923 8.367 11.376 5.508 13.366 12.178 7.087 12.219 0.000 8.275 3.536 9.140 6.239 3.482 9.391 9.333 12.115 12.548 8.355 10.073 12.498 7.382 7.470 1.529 10.117 15.286 4.585 15.007 9.363 1.329 6.411 11.712 14.168 8.888 6.618 2.265 6.147 0.662 6.354 8.100 13.228 3.731 
42 5.024 4.156 6.990 15.811 7.489 6.784 7.090 9.782 6.731 7.308 15.222 12.111 12.299 7.922 6.506 6.477 3.971 14.729 8.764 12.970 10.865 11.013 12.487 5.827 14.332 11.027 7.493 16.578 18.462 5.988 14.183 9.435 9.086 14.620 3.356 12.283 5.773 4.179 9.511 10.650 8.275 0.000 8.507 17.244 9.737 8.738 9.042 9.461 4.733 10.537 10.945 18.061 7.772 1.898 12.238 7.445 3.313 7.123 6.329 6.995 6.683 9.441 3.210 3.640 6.019 9.420 14.225 6.060 10.845 8.704 2.925 3.187 14.052 5.024 
43 5.719 6.765 6.467 11.029 15.544 2.811 15.597 7.744 12.512 2.000 18.403 5.670 15.866 1.574 2.878 4.027 4.647 10.856 15.196 16.371 4.245 3.059 7.316 11.079 18.309 5.951 14.705 10.650 12.382 11.724 6.527 6.991 11.120 11.678 10.940 8.818 12.399 12.685 10.443 15.114 3.536 8.507 0.000 11.085 9.692 6.975 6.199 6.037 13.052 15.357 4.820 12.180 14.543 8.395 11.002 4.729 11.218 15.566 2.467 15.497 11.775 4.496 5.616 12.146 13.689 12.033 9.397 3.533 9.681 3.122 5.762 6.980 16.584 5.719 
44 12.287 17.336 10.668 2.970 24.711 13.839 23.546 18.637 17.058 13.061 17.519 5.498 16.413 10.378 11.172 15.066 13.669 4.655 19.417 16.509 13.945 11.889 16.956 15.882 18.470 6.218 20.046 0.771 1.300 16.618 5.287 17.886 12.679 6.176 20.461 5.980 22.505 20.839 11.355 17.048 9.140 17.244 11.085 0.000 10.222 9.089 17.113 16.836 20.450 17.608 14.658 1.183 19.382 16.024 8.678 9.801 18.447 23.987 13.215 23.571 16.020 7.862 15.539 20.438 23.230 13.551 3.561 11.395 8.853 8.907 15.493 17.214 15.554 12.287 
45 5.486 12.116 3.548 7.704 16.380 10.918 14.390 16.302 7.013 10.601 8.973 7.605 6.884 8.118 7.211 11.776 8.057 6.112 9.217 7.219 13.933 12.552 16.920 6.057 9.272 5.762 10.020 9.451 11.093 6.726 10.356 15.635 2.472 5.373 13.029 4.248 15.504 12.105 1.169 7.000 6.239 9.737 9.692 10.222 0.000 2.766 14.903 14.981 11.265 7.507 14.476 10.549 9.271 7.935 2.558 4.981 9.449 15.110 9.923 14.491 5.983 5.831 9.946 11.866 15.428 3.406 6.661 6.758 1.449 6.812 9.682 11.462 7.036 5.486 
46 3.804 10.267 1.749 7.177 15.975 8.446 14.517 13.909 8.168 8.041 11.705 5.281 9.462 5.408 4.686 9.414 6.103 5.993 10.722 9.860 11.220 9.793 14.254 6.884 11.893 3.484 11.086 8.347 10.174 7.634 8.041 13.212 4.721 5.974 12.090 3.560 14.421 11.904 3.702 9.246 3.482 8.738 6.975 9.089 2.766 0.000 12.455 12.481 11.397 9.665 11.784 9.698 10.511 7.211 4.237 2.357 9.413 15.038 7.468 14.560 7.153 3.123 8.116 11.552 14.722 5.719 5.707 4.350 2.799 4.047 7.916 9.764 9.791 3.804 
47 9.699 5.011 11.366 17.227 13.683 4.009 15.092 1.545 15.283 4.497 22.824 11.825 20.018 7.431 7.770 3.181 7.246 17.020 17.642 20.622 3.907 5.661 3.655 14.047 22.340 12.120 16.517 16.742 18.397 14.469 12.140 0.792 15.664 17.747 9.530 14.880 9.667 12.537 15.368 18.778 9.391 9.042 6.199 17.113 14.903 12.455 0.000 0.574 13.566 18.836 3.409 18.246 16.719 10.162 16.680 10.104 12.354 14.576 4.993 14.883 14.896 10.559 6.144 11.980 11.625 16.406 15.596 8.154 15.254 9.157 6.501 5.932 21.232 9.699 
48 9.863 5.487 11.458 17.041 14.242 4.063 15.610 1.822 15.607 4.458 23.024 11.605 20.240 7.346 7.801 3.384 7.466 16.889 18.002 20.836 3.413 5.245 3.126 14.348 22.581 11.984 16.916 16.485 18.113 14.790 11.804 1.104 15.827 17.662 10.058 14.794 10.235 13.028 15.484 19.043 9.333 9.461 6.037 16.836 14.981 12.481 0.574 0.000 14.029 19.118 2.878 17.978 17.094 10.514 16.689 10.124 12.772 15.110 5.058 15.405 15.189 10.463 6.491 12.468 12.184 16.591 15.424 8.223 15.278 9.061 6.845 6.390 21.403 9.863 
49 8.417 8.558 9.784 18.514 5.539 11.512 3.141 14.102 5.168 12.010 13.665 15.811 10.916 12.240 10.698 11.191 8.407 17.139 5.706 11.585 15.598 15.698 17.111 5.385 12.341 14.406 3.868 19.722 21.566 4.924 18.185 13.863 9.602 16.618 4.832 14.846 6.864 1.560 10.564 8.928 12.115 4.733 13.052 20.450 11.265 11.397 13.566 14.029 0.000 8.551 15.667 21.095 4.614 4.770 13.784 10.927 2.018 3.886 11.011 3.227 5.859 13.063 7.943 1.895 5.482 9.435 17.101 10.132 12.650 12.660 7.655 7.639 13.084 8.417 
50 9.690 14.487 9.153 14.885 13.984 15.382 10.897 19.895 3.830 15.438 5.118 14.920 2.550 13.911 12.482 15.748 11.708 13.176 3.244 3.155 19.250 18.416 21.756 4.819 3.864 13.086 5.084 16.841 18.360 4.549 17.689 19.402 5.058 11.989 12.715 11.700 15.115 10.040 6.339 0.636 12.548 10.537 15.357 17.608 7.507 9.665 18.836 19.118 8.551 0.000 19.617 17.793 4.132 8.885 9.045 11.022 7.923 12.021 14.481 11.134 3.955 12.682 12.751 10.173 14.007 4.101 14.074 11.836 8.778 13.208 12.395 13.552 4.845 9.690 
51 9.969 7.472 11.132 15.247 16.619 4.334 17.616 4.562 16.394 4.180 23.040 9.763 20.398 6.377 7.377 4.479 8.013 15.348 18.961 20.942 0.714 2.770 2.518 15.028 22.815 10.519 18.122 14.395 15.900 15.575 9.451 3.938 15.742 16.319 12.213 13.493 12.759 14.869 15.170 19.450 8.355 10.945 4.820 14.658 14.476 11.784 3.409 2.878 15.667 19.617 0.000 15.828 18.155 11.585 15.815 9.496 14.157 17.257 5.153 17.442 15.815 9.241 7.748 14.302 14.580 16.607 13.716 7.953 14.501 7.911 8.062 8.219 21.278 9.969 
52 13.065 18.329 11.343 2.910 25.498 14.912 24.211 19.775 17.492 14.144 17.360 6.546 16.445 11.410 12.125 16.138 14.579 4.636 19.765 16.493 15.114 13.060 18.135 16.372 18.407 7.077 20.495 1.548 0.581 17.097 6.470 19.022 12.966 6.024 21.316 6.377 23.413 21.552 11.645 17.214 10.073 18.061 12.180 1.183 10.549 9.698 18.246 17.978 21.095 17.793 15.828 0.000 19.793 16.766 8.766 10.623 19.106 24.698 14.260 24.248 16.452 8.769 16.485 21.170 24.068 13.793 4.007 12.309 9.133 9.887 16.423 18.171 15.431 13.065 
53 8.951 11.927 9.352 16.973 9.899 13.821 6.765 17.544 2.344 14.089 9.214 15.653 6.646 13.333 11.758 13.877 10.188 15.377 1.098 7.277 17.922 17.515 20.001 3.696 7.786 13.950 0.967 18.615 20.326 2.953 18.324 17.166 6.988 14.484 9.196 13.427 11.424 6.164 8.250 4.620 12.498 7.772 14.543 19.382 9.271 10.511 16.719 17.094 4.614 4.132 18.155 19.793 0.000 6.606 11.469 11.029 4.593 7.898 13.067 7.005 3.371 13.050 10.612 6.403 10.089 6.401 15.838 11.102 10.715 13.142 10.262 10.957 8.919 8.951 
54 3.762 5.604 5.477 14.374 8.767 7.264 7.658 11.091 5.167 7.610 13.424 11.140 10.505 7.488 5.932 7.272 3.779 13.186 7.489 11.168 11.392 11.196 13.396 4.085 12.613 9.856 6.537 15.326 17.200 4.372 13.439 10.655 7.190 12.962 5.095 10.769 7.588 4.837 7.647 8.940 7.382 1.898 8.395 16.024 7.935 7.211 10.162 10.514 4.770 8.885 11.585 16.766 6.606 0.000 10.466 6.293 2.837 7.979 6.585 7.639 4.954 8.401 4.023 4.416 7.562 7.528 12.844 5.362 9.108 7.907 3.669 4.668 12.194 3.762 
55 7.728 14.357 5.640 5.857 18.937 12.673 16.897 18.142 9.315 12.236 9.103 7.534 7.738 9.477 8.913 13.651 10.216 4.135 11.264 7.861 15.209 13.595 18.317 8.499 9.862 5.871 12.284 7.926 9.339 9.127 10.078 17.441 4.482 3.020 15.553 3.216 18.011 14.656 3.275 8.457 7.470 12.238 11.002 8.678 2.558 4.237 16.680 16.689 13.784 9.045 15.815 8.766 11.469 10.466 0.000 6.577 11.996 17.643 11.700 17.007 8.316 6.641 12.185 14.422 17.980 5.158 5.272 8.586 1.474 7.909 11.949 13.771 7.091 7.728 
56 2.532 8.224 1.871 8.505 14.912 6.096 13.929 11.566 8.763 5.685 13.705 4.886 11.250 3.157 2.336 7.091 4.130 7.670 11.459 11.723 8.959 7.672 11.943 7.343 13.701 3.589 11.429 9.133 11.018 8.077 7.376 10.864 6.463 7.984 10.697 5.249 12.857 11.129 5.718 10.700 1.529 7.445 4.729 9.801 4.981 2.357 10.104 10.124 10.927 11.022 9.496 10.623 11.029 6.293 6.577 0.000 8.911 14.269 5.124 13.923 7.854 2.139 6.147 10.698 13.445 7.413 6.864 2.075 5.154 2.192 6.007 7.844 11.864 2.532 
57 6.407 7.437 7.779 16.556 6.987 9.898 5.105 13.068 4.161 10.323 12.919 13.796 10.048 10.323 8.761 9.725 6.580 15.216 5.646 10.730 14.026 13.966 15.783 3.887 11.787 12.389 4.207 17.723 19.572 3.646 16.188 12.740 8.000 14.762 4.793 12.892 7.218 2.672 8.843 8.175 10.117 3.313 11.218 18.447 9.449 9.413 12.354 12.772 2.018 7.923 14.157 19.106 4.593 2.837 11.996 8.911 0.000 5.683 9.306 5.150 4.554 11.048 6.419 2.528 6.386 7.983 15.120 8.177 10.798 10.671 6.096 6.473 12.073 6.407 
58 11.740 9.786 13.356 22.206 2.188 13.517 1.233 14.708 8.961 14.165 17.110 19.090 14.499 15.045 13.613 12.880 11.094 20.893 8.891 15.147 17.341 17.852 18.230 9.271 15.642 17.835 6.971 23.280 25.146 8.791 21.276 14.667 13.488 20.441 5.061 18.550 5.618 3.149 14.441 12.476 15.286 7.123 15.566 23.987 15.110 15.038 14.576 15.110 3.886 12.021 17.257 24.698 7.898 7.979 17.643 14.269 5.683 0.000 13.259 0.935 9.719 16.364 10.013 3.576 3.491 13.304 20.735 13.133 16.474 15.761 9.821 9.073 16.733 11.740 
59 4.912 4.312 6.400 12.790 13.130 0.995 13.373 6.442 11.249 1.026 18.091 7.719 15.371 2.857 2.788 2.013 2.882 12.347 13.840 15.940 4.861 4.688 7.309 9.876 17.761 7.545 13.096 12.714 14.514 10.432 8.931 5.744 10.835 12.926 8.522 10.081 9.931 10.485 10.436 14.333 4.585 6.329 2.467 13.215 9.923 7.468 4.993 5.058 11.011 14.481 5.153 14.260 13.067 6.585 11.700 5.124 9.306 13.259 0.000 13.252 10.662 5.861 3.247 9.931 11.247 11.640 11.115 3.166 10.266 4.509 3.449 4.518 16.412 4.912 
60 11.391 9.998 12.910 21.705 3.112 13.576 0.312 15.105 8.170 14.188 16.212 18.779 13.626 14.886 13.413 13.015 10.947 20.352 7.983 14.270 17.488 17.894 18.531 8.569 14.729 17.461 6.069 22.853 24.708 8.051 21.039 15.021 12.783 19.845 5.363 18.040 6.268 2.844 13.778 11.601 15.007 6.995 15.497 23.571 14.491 14.560 14.883 15.405 3.227 11.134 17.442 24.248 7.005 7.639 17.007 13.923 5.150 0.935 13.252 0.000 8.968 16.039 10.022 3.358 4.213 12.555 20.267 12.903 15.877 15.508 9.803 9.225 15.872 11.391 
61 6.058 10.547 6.091 13.656 11.360 11.529 8.811 15.941 1.040 11.646 8.559 12.342 5.640 10.430 8.909 11.832 7.833 12.094 3.617 6.317 15.489 14.817 17.884 0.869 7.663 10.611 4.046 15.254 16.979 0.938 15.044 15.453 3.889 11.295 9.202 10.078 11.700 7.087 5.044 3.986 9.363 6.683 11.775 16.020 5.983 7.153 14.896 15.189 5.859 3.955 15.815 16.452 3.371 4.954 8.316 7.854 4.554 9.719 10.662 8.968 0.000 9.796 8.797 7.051 10.934 3.587 12.483 8.249 7.432 10.021 8.441 9.620 7.549 6.058 
62 4.653 9.636 3.706 6.973 16.930 6.703 16.052 12.089 10.748 6.078 14.802 2.748 12.583 3.129 3.390 7.864 5.812 6.497 13.413 12.982 8.609 6.954 11.757 9.354 15.016 1.732 13.495 7.241 9.118 10.099 5.282 11.348 7.825 7.200 12.609 4.333 14.649 13.233 6.821 12.297 1.329 9.441 4.496 7.862 5.831 3.123 10.559 10.463 13.063 12.682 9.241 8.769 13.050 8.401 6.641 2.139 11.048 16.364 5.861 16.039 9.796 0.000 7.723 12.789 15.389 8.819 5.293 3.540 5.447 1.403 7.654 9.417 12.864 4.653 
63 4.470 2.174 6.546 14.598 9.930 3.586 10.152 7.144 9.144 4.166 16.978 10.121 14.106 5.418 4.367 3.309 2.027 13.816 11.512 14.738 7.655 7.874 9.406 7.938 16.353 9.443 10.474 14.948 16.814 8.332 11.796 6.663 10.093 14.052 5.333 11.386 7.018 7.287 10.099 12.733 6.411 3.210 5.616 15.539 9.946 8.116 6.144 6.491 7.943 12.751 7.748 16.485 10.612 4.023 12.185 6.147 6.419 10.013 3.247 10.022 8.797 7.723 0.000 6.726 8.106 10.696 12.933 4.203 10.713 6.645 0.358 1.703 15.533 4.470 
64 8.172 6.983 9.845 18.729 4.515 10.305 3.451 12.408 6.553 10.886 15.252 15.514 12.429 11.531 10.069 9.833 7.589 17.472 7.501 13.107 14.297 14.596 15.581 6.412 14.013 14.270 5.722 19.738 21.609 6.127 17.716 12.219 10.518 17.115 2.944 15.092 5.021 0.568 11.321 10.493 11.712 3.640 12.146 20.438 11.866 11.552 11.980 12.468 1.895 10.173 14.302 21.170 6.403 4.416 14.422 10.698 2.528 3.576 9.931 3.358 7.051 12.789 6.726 0.000 3.891 10.511 17.228 9.573 13.173 12.194 6.487 6.120 14.517 8.172 
65 11.042 7.234 12.974 21.827 2.058 11.283 4.516 11.557 10.442 12.024 19.108 17.996 16.306 13.490 12.258 10.436 9.669 20.715 11.174 16.983 14.764 15.575 15.255 10.267 17.817 17.014 9.294 22.575 24.460 10.014 19.868 11.609 14.290 20.524 2.802 18.278 2.166 3.967 14.997 14.352 14.168 6.019 13.689 23.230 15.428 14.722 11.625 12.184 5.482 14.007 14.580 24.068 10.089 7.562 17.980 13.445 6.386 3.491 11.247 4.213 10.934 15.389 8.106 3.891 0.000 14.349 20.244 11.909 16.654 14.531 8.023 6.755 18.407 11.042 
66 6.737 12.734 5.578 10.900 14.904 12.613 12.395 17.654 4.445 12.494 6.451 10.898 3.839 10.499 9.247 13.227 9.173 9.221 6.115 4.341 16.151 15.050 18.921 4.103 6.289 9.054 7.272 12.782 14.352 4.513 13.666 17.065 0.998 8.174 12.363 7.613 14.895 10.601 2.238 3.601 8.888 9.420 12.033 13.551 3.406 5.719 16.406 16.591 9.435 4.101 16.607 13.793 6.401 7.528 5.158 7.413 7.983 13.304 11.640 12.555 3.587 8.819 10.696 10.511 14.349 0.000 10.003 8.655 4.700 9.529 10.368 11.907 4.845 6.737 
67 9.203 14.908 7.384 1.680 21.603 11.903 20.224 17.141 13.523 11.212 14.314 3.973 12.987 8.294 8.668 13.096 10.953 1.887 15.858 13.131 13.020 11.060 16.186 12.377 15.133 3.574 16.519 2.791 4.509 13.106 5.605 16.388 9.121 3.379 17.529 2.419 19.721 17.596 7.798 13.524 6.618 14.225 9.397 3.561 6.661 5.707 15.596 15.424 17.101 14.074 13.716 4.007 15.838 12.844 5.272 6.864 15.120 20.735 11.115 20.267 12.483 5.293 12.933 17.228 20.244 10.003 0.000 8.731 5.303 6.607 12.827 14.635 12.314 9.203 
68 2.191 6.205 3.249 10.400 13.525 4.160 12.952 9.579 9.010 3.886 15.089 6.087 12.456 2.234 0.661 5.069 2.274 9.682 11.708 12.991 7.503 6.588 10.298 7.571 14.883 5.247 11.333 10.781 12.657 8.235 8.143 8.896 7.794 10.055 9.115 7.290 11.110 10.061 7.302 11.610 2.265 6.060 3.533 11.395 6.758 4.350 8.154 8.223 10.132 11.836 7.953 12.309 11.102 5.362 8.586 2.075 8.177 13.133 3.166 12.903 8.249 3.540 4.203 9.573 11.909 8.655 8.731 0.000 7.135 2.644 4.117 5.905 13.349 2.191 
69 6.260 12.884 4.167 6.270 17.683 11.245 15.784 16.705 8.462 10.833 9.653 6.754 7.876 8.134 7.485 12.204 8.742 4.664 10.638 8.120 13.913 12.373 16.990 7.493 10.172 4.967 11.468 8.083 9.683 8.170 9.437 16.010 3.836 3.969 14.177 2.926 16.615 13.436 2.513 8.238 6.147 10.845 9.681 8.853 1.449 2.799 15.254 15.278 12.650 8.778 14.501 9.133 10.715 9.108 1.474 5.154 10.798 16.474 10.266 15.877 7.432 5.447 10.713 13.173 16.654 4.700 5.303 7.135 0.000 6.632 10.479 12.304 7.654 6.260 
70 4.322 8.442 4.055 8.282 16.167 5.321 15.546 10.688 10.907 4.679 15.717 3.483 13.354 1.728 2.289 6.497 4.863 7.886 13.612 13.800 7.300 5.758 10.421 9.476 15.803 3.037 13.494 8.342 10.191 10.198 5.534 9.946 8.559 8.601 11.731 5.733 13.646 12.671 7.694 12.876 0.662 8.704 3.122 8.907 6.812 4.047 9.157 9.061 12.660 13.208 7.911 9.887 13.142 7.907 7.909 2.192 10.671 15.761 4.509 15.508 10.021 1.403 6.645 12.194 14.531 9.529 6.607 2.644 6.632 0.000 6.621 8.309 13.824 4.322 
71 4.223 2.438 6.316 14.487 9.810 3.858 9.925 7.500 8.786 4.400 16.636 10.104 13.760 5.469 4.333 3.642 1.878 13.669 11.158 14.395 7.953 8.110 9.749 7.582 16.002 9.364 10.132 14.891 16.762 7.974 11.850 7.021 9.778 13.869 5.233 11.230 7.025 7.044 9.809 12.379 6.354 2.925 5.762 15.493 9.682 7.916 6.501 6.845 7.655 12.395 8.062 16.423 10.262 3.669 11.949 6.007 6.096 9.821 3.449 9.803 8.441 7.654 0.358 6.487 8.023 10.368 12.827 4.117 10.479 6.621 0.000 1.851 15.202 4.223 
72 6.044 0.970 8.149 16.301 8.689 4.538 9.397 6.598 9.802 5.270 18.031 11.772 15.123 6.995 6.046 3.807 3.715 15.511 11.940 15.776 8.271 8.860 9.481 8.751 17.274 11.140 10.671 16.632 18.493 9.023 13.338 6.274 11.391 15.720 4.107 13.076 5.441 6.686 11.522 13.605 8.100 3.187 6.980 17.214 11.462 9.764 5.932 6.390 7.639 13.552 8.219 18.171 10.957 4.668 13.771 7.844 6.473 9.073 4.518 9.225 9.620 9.417 1.703 6.120 6.755 11.907 14.635 5.905 12.304 8.309 1.851 0.000 16.698 6.044 
73 11.540 17.546 10.147 12.606 18.607 17.395 15.650 22.495 7.967 17.226 2.014 14.408 2.295 15.018 13.903 18.052 14.012 10.898 8.086 1.760 20.782 19.525 23.646 8.328 3.070 12.615 9.884 14.836 16.012 8.431 17.068 21.900 5.579 9.412 16.749 10.287 19.249 14.478 6.148 4.303 13.228 14.052 16.584 15.554 7.036 9.791 21.232 21.403 13.084 4.845 21.278 15.431 8.919 12.194 7.091 11.864 12.073 16.733 16.412 15.872 7.549 12.864 15.533 14.517 18.407 4.845 12.314 13.349 7.654 13.824 15.202 16.698 0.000 11.540 
74 0.000 6.644 2.115 10.788 12.434 5.877 11.400 11.005 6.825 5.805 13.185 7.400 10.460 4.396 2.852 6.519 2.585 9.750 9.528 11.028 9.572 8.768 12.215 5.384 12.858 6.099 9.230 11.601 13.482 6.058 9.795 10.383 5.966 9.773 8.348 7.295 10.632 8.599 5.739 9.492 3.731 5.024 5.719 12.287 5.486 3.804 9.699 9.863 8.417 9.690 9.969 13.065 8.951 3.762 7.728 2.532 6.407 11.740 4.912 11.391 6.058 4.653 4.470 8.172 11.042 6.737 9.203 2.191 6.260 4.322 4.223 6.044 11.540 0.000 ;
param d := 
1 0
2 3
3 3
4 3
5 3
6 3
7 3
8 3
9 3
10 3
11 3
12 3
13 3
14 3
15 3
16 3
17 3
18 3
19 3
20 3
21 3
22 3
23 3
24 3
25 3
26 3
27 3
28 3
29 3
30 3
31 3
32 3
33 3
34 3
35 3
36 3
37 3
38 3
39 3
40 3
41 3
42 3
43 3
44 3
45 3
46 3
47 3
48 3
49 3
50 3
51 3
52 3
53 3
54 3
55 3
56 3
57 3
58 3
59 3
60 3
61 3
62 3
63 3
64 3
65 3
66 3
67 3
68 3
69 3
70 3
71 3
72 3
73 3
74 0;
param q := 
1 0
2 1
3 1
4 1
5 1
6 1
7 1
8 1
9 1
10 1
11 1
12 1
13 1
14 1
15 1
16 1
17 1
18 1
19 1
20 1
21 1
22 1
23 1
24 1
25 1
26 1
27 1
28 1
29 1
30 1
31 1
32 1
33 1
34 1
35 1
36 1
37 1
38 -1
39 -1
40 -1
41 -1
42 -1
43 -1
44 -1
45 -1
46 -1
47 -1
48 -1
49 -1
50 -1
51 -1
52 -1
53 -1
54 -1
55 -1
56 -1
57 -1
58 -1
59 -1
60 -1
61 -1
62 -1
63 -1
64 -1
65 -1
66 -1
67 -1
68 -1
69 -1
70 -1
71 -1
72 -1
73 -1
74 0;
param e := 
1 0
2 0
3 0
4 0
5 0
6 0
7 0
8 0
9 0
10 0
11 0
12 0
13 0
14 0
15 0
16 0
17 0
18 0
19 0
20 223
21 272
22 22
23 134
24 273
25 64
26 180
27 582
28 212
29 340
30 304
31 235
32 148
33 518
34 626
35 363
36 161
37 21
38 141
39 150
40 535
41 592
42 330
43 613
44 159
45 187
46 251
47 259
48 101
49 394
50 52
51 487
52 447
53 143
54 345
55 581
56 0
57 0
58 0
59 0
60 0
61 0
62 0
63 0
64 0
65 0
66 0
67 0
68 0
69 0
70 0
71 0
72 0
73 0
74 0;
param l := 
1 720
2 1440
3 1440
4 1440
5 1440
6 1440
7 1440
8 1440
9 1440
10 1440
11 1440
12 1440
13 1440
14 1440
15 1440
16 1440
17 1440
18 1440
19 1440
20 238
21 287
22 37
23 149
24 288
25 79
26 195
27 597
28 227
29 355
30 319
31 250
32 163
33 533
34 641
35 378
36 176
37 36
38 156
39 165
40 550
41 607
42 345
43 628
44 174
45 202
46 266
47 274
48 116
49 409
50 67
51 502
52 462
53 158
54 360
55 596
56 1440
57 1440
58 1440
59 1440
60 1440
61 1440
62 1440
63 1440
64 1440
65 1440
66 1440
67 1440
68 1440
69 1440
70 1440
71 1440
72 1440
73 1440
74 720;

