param n := 40;
param m := 4;
param L := 30;
param Q := 3;
param T := 600;
param t :
    1   2   3   4   5   6   7   8   9  10  11  12  13  14  15  16  17  18  19  20  21  22  23  24  25  26  27  28  29  30  31  32  33  34  35  36  37  38  39  40  41  42  43  44  45  46  47  48  49  50  51  52  53  54  55  56  57  58  59  60  61  62  63  64  65  66  67  68  69  70  71  72  73  74  75  76  77  78  79  80  81  82 :=
1 0.000 7.780 7.391 11.366 12.004 4.396 5.417 4.145 5.518 8.052 6.509 13.287 9.626 9.852 6.732 8.647 3.605 4.050 12.205 9.393 13.020 6.885 9.874 7.091 9.929 3.069 9.907 10.446 6.749 11.429 6.640 8.305 9.478 12.111 8.895 11.289 8.399 12.065 6.972 9.440 2.012 8.668 8.964 13.242 6.246 4.903 8.993 7.018 5.648 8.123 9.334 8.878 9.149 10.681 6.336 5.254 5.760 1.849 11.822 9.555 10.780 10.259 10.021 2.138 1.781 5.346 6.810 8.289 6.610 2.025 9.669 3.536 10.077 9.338 6.399 8.824 7.707 8.461 7.111 10.830 11.977 0.000 
2 7.780 0.000 1.305 6.049 19.686 8.693 10.720 8.376 6.311 4.623 11.943 13.641 12.400 8.128 9.049 4.020 4.217 4.530 5.206 2.769 16.407 5.342 14.557 12.073 16.490 9.700 6.399 14.229 12.905 13.870 13.372 6.656 6.553 19.756 6.743 19.055 10.117 19.755 13.651 15.090 9.402 14.837 8.020 13.583 10.499 4.382 14.573 8.323 11.885 13.339 4.185 16.582 5.947 3.048 6.502 6.306 3.472 9.554 5.913 7.205 16.110 8.954 16.574 7.093 7.669 12.728 7.640 15.678 8.184 9.242 2.843 6.270 7.739 11.025 11.540 8.282 12.033 16.216 10.713 12.526 4.649 7.780 
3 7.391 1.305 0.000 5.153 19.391 8.975 9.743 7.401 5.140 5.733 12.195 14.647 11.159 9.221 7.851 2.832 3.796 3.714 4.943 4.069 15.163 4.054 15.000 11.018 16.593 8.959 5.193 14.808 11.979 12.599 12.533 7.672 5.299 19.489 7.827 18.665 10.866 19.453 12.796 14.055 9.174 15.009 6.716 14.590 9.414 4.850 14.858 9.038 11.985 13.665 5.460 16.015 7.111 4.053 7.239 5.163 4.126 9.222 5.187 8.331 15.025 10.030 16.680 7.069 6.999 12.560 8.376 15.530 6.964 8.632 2.379 5.364 8.883 9.750 10.517 6.978 10.913 15.702 9.563 11.239 4.604 7.391 
4 11.366 6.049 5.153 0.000 23.070 13.893 11.461 9.487 6.672 10.657 17.027 19.690 10.633 14.156 8.345 2.749 8.191 7.328 2.961 8.176 14.244 4.855 20.000 12.131 21.157 11.791 2.382 19.905 13.727 11.461 14.648 12.705 3.045 23.238 12.780 22.100 16.019 23.114 14.824 15.035 13.350 19.699 5.241 19.633 10.540 9.965 19.698 14.190 16.621 18.563 9.942 18.984 11.927 6.829 12.391 6.887 9.279 13.182 0.933 13.213 15.603 14.989 21.248 11.698 10.307 16.711 13.529 19.639 7.461 11.927 3.369 8.201 13.728 8.876 11.884 5.685 11.588 18.856 10.177 9.888 3.728 11.366 
5 12.004 19.686 19.391 23.070 0.000 12.191 12.675 13.879 16.532 18.556 9.868 18.311 16.808 18.470 16.043 20.454 15.597 15.952 24.190 20.824 17.787 18.273 10.740 13.196 6.274 11.396 21.240 12.412 11.181 18.118 9.922 17.651 20.682 0.442 18.274 1.598 14.776 0.117 9.987 12.411 10.287 7.672 19.403 18.300 14.037 15.958 8.954 14.932 8.914 9.819 20.193 5.109 19.072 22.420 15.740 16.288 17.004 10.169 23.639 18.765 13.440 18.349 6.279 12.717 12.773 7.074 15.312 4.411 16.551 11.143 21.668 14.869 19.052 17.758 12.905 19.085 14.228 4.746 14.950 18.576 23.980 12.004 
6 4.396 8.693 8.975 13.893 12.191 0.000 9.744 8.507 9.320 6.409 3.250 9.004 14.017 6.617 11.014 11.187 5.822 7.041 13.845 9.003 17.388 10.222 6.130 11.396 7.897 7.270 13.017 6.311 10.745 15.821 10.324 5.522 12.742 12.138 6.158 12.042 4.117 12.284 10.660 13.468 3.573 6.176 12.757 8.962 10.640 4.344 5.891 3.154 3.427 4.691 8.092 10.849 6.888 10.860 3.551 9.077 5.364 4.316 14.097 6.709 14.858 6.749 7.976 2.563 6.142 5.280 3.296 7.812 10.760 6.126 11.327 7.427 7.084 13.646 10.707 12.705 12.073 10.188 11.506 15.172 13.341 4.396 
7 5.417 10.720 9.743 11.461 12.675 9.744 0.000 2.345 4.952 12.734 11.199 18.699 4.722 15.069 3.438 9.337 7.049 6.223 13.448 13.119 7.656 6.735 14.538 1.679 13.222 2.525 9.256 15.412 2.303 6.441 3.207 13.437 8.615 12.953 13.978 11.400 13.806 12.688 3.365 4.426 6.478 12.528 6.930 18.654 1.387 9.647 13.257 12.425 9.987 12.706 13.647 7.918 14.019 13.746 11.592 4.809 10.197 5.754 12.234 14.646 5.607 15.552 13.311 7.535 3.922 8.337 12.181 10.519 4.123 3.660 11.345 4.462 15.202 5.190 0.991 6.560 2.367 8.009 2.371 6.308 13.600 5.417 
8 4.145 8.376 7.401 9.487 13.879 8.507 2.345 0.000 2.820 10.607 10.550 17.221 5.534 13.176 2.655 7.172 4.835 3.899 11.260 10.808 9.164 4.646 13.934 3.777 13.367 2.511 7.439 14.580 4.590 7.334 5.277 11.500 6.845 14.101 12.004 12.767 12.385 13.909 5.503 6.732 5.784 12.379 5.575 17.173 2.397 7.613 12.896 10.842 9.529 12.143 11.415 9.518 11.943 11.401 9.784 2.626 8.051 5.204 10.196 12.669 7.833 13.725 13.459 6.049 2.369 8.457 10.506 11.062 2.797 3.169 9.068 2.139 13.240 5.208 3.188 5.304 4.007 9.444 3.076 6.686 11.355 4.145 
9 5.518 6.311 5.140 6.672 16.532 9.320 4.952 2.820 0.000 9.548 11.945 17.309 6.166 12.606 2.748 4.389 4.040 2.649 8.497 8.989 10.162 1.826 15.254 5.990 15.390 5.157 4.708 15.625 7.255 7.764 8.058 10.899 4.163 16.730 11.295 15.489 12.708 16.569 8.263 9.036 7.493 14.184 3.469 17.256 4.353 7.021 14.493 10.971 11.163 13.562 9.966 12.315 10.973 9.187 9.549 0.266 7.084 7.110 7.376 11.927 9.926 13.278 15.483 6.764 4.002 10.615 10.488 13.412 1.946 5.462 6.438 1.984 12.514 5.016 5.569 3.386 5.790 12.206 4.424 6.606 8.658 5.518 
10 8.052 4.623 5.733 10.657 18.556 6.409 12.734 10.607 9.548 0.000 9.358 9.051 15.634 3.505 12.183 8.564 5.794 7.000 9.364 3.138 19.563 9.249 11.205 14.337 14.120 10.899 10.922 10.500 14.557 17.296 14.634 2.129 10.988 18.522 2.123 18.291 6.092 18.644 14.958 17.112 8.810 12.321 12.113 8.993 12.992 3.164 11.707 4.556 9.823 10.408 1.716 16.591 1.438 5.202 2.994 9.431 2.557 9.301 10.446 2.598 18.341 4.333 14.191 6.285 8.920 11.528 3.892 14.206 11.483 10.023 7.354 8.572 3.155 14.562 13.693 12.288 14.605 16.039 13.505 16.146 8.590 8.052 
11 6.509 11.943 12.195 17.027 9.868 3.250 11.199 10.550 11.945 9.358 0.000 9.027 15.814 8.651 13.192 14.295 8.859 9.945 17.086 12.148 18.762 13.084 3.384 12.716 4.762 8.693 15.992 4.268 11.582 17.591 10.836 8.034 15.660 9.727 8.624 10.073 4.923 9.974 11.146 14.199 4.792 2.975 15.414 9.001 12.337 7.589 2.672 5.184 1.415 1.618 11.072 9.838 9.552 14.057 6.369 11.686 8.598 5.466 17.276 9.042 15.610 8.487 4.834 5.372 8.255 4.020 5.674 5.507 13.117 7.607 14.558 9.970 9.270 15.752 12.064 15.301 13.559 9.069 13.297 17.182 16.590 6.509 
12 13.287 13.641 14.647 19.690 18.311 9.004 18.699 17.221 17.309 9.051 9.027 0.000 22.745 5.614 19.507 17.453 13.283 14.686 18.338 11.925 26.298 17.594 7.656 20.365 12.161 16.259 19.744 6.001 19.741 24.536 19.258 6.987 19.707 18.072 6.937 18.826 4.897 18.426 19.590 22.461 12.531 10.640 20.436 0.058 19.492 10.389 9.365 6.395 10.395 8.549 10.106 18.864 7.910 13.883 7.786 17.113 10.685 13.287 19.497 6.598 23.856 4.767 12.180 11.206 14.927 13.018 6.825 14.248 19.058 15.120 16.404 15.710 6.180 22.119 19.674 20.511 20.990 18.096 20.290 23.702 17.513 13.287 
13 9.626 12.400 11.159 10.633 16.808 14.017 4.722 5.534 6.166 15.634 15.814 22.745 0.000 18.501 3.453 9.520 9.907 8.635 13.304 15.124 4.008 7.173 19.180 3.646 17.926 7.140 8.261 19.965 5.629 1.804 6.888 16.800 7.615 17.135 17.254 15.386 17.918 16.802 6.828 5.238 11.032 17.248 5.397 22.696 3.478 12.871 17.956 16.357 14.654 17.356 16.129 11.765 17.040 15.120 15.210 6.240 13.112 10.349 11.551 17.906 5.289 19.105 18.014 11.583 7.880 13.057 15.994 15.136 4.232 8.207 11.899 7.178 18.489 1.775 4.083 4.956 2.606 12.063 2.527 1.779 13.764 9.626 
14 9.852 8.128 9.221 14.156 18.470 6.617 15.069 13.176 12.606 3.505 8.651 5.614 18.501 0.000 15.094 12.052 8.619 9.968 12.724 6.314 22.318 12.550 9.441 16.735 13.178 12.907 14.398 8.323 16.600 20.230 16.440 1.708 14.434 18.354 1.395 18.508 4.046 18.572 16.776 19.277 9.924 11.367 15.426 5.556 15.565 5.632 10.443 3.560 9.572 9.199 4.505 17.464 2.297 8.296 3.516 12.452 5.565 10.581 13.920 0.988 20.593 0.847 13.233 7.757 11.147 11.833 3.325 14.065 14.490 11.871 10.834 11.324 0.732 17.597 16.058 15.565 17.159 16.805 16.209 19.194 11.901 9.852 
15 6.732 9.049 7.851 8.345 16.043 11.014 3.438 2.655 2.748 12.183 13.192 19.507 3.453 15.094 0.000 6.621 6.480 5.185 10.659 11.737 7.427 4.053 16.573 3.790 15.974 4.981 6.028 17.177 5.524 5.137 6.598 13.389 5.364 16.303 13.829 14.809 14.750 16.061 6.710 6.713 8.437 15.025 3.509 19.457 2.253 9.464 15.551 13.114 12.184 14.789 12.688 11.355 13.592 11.876 11.867 2.798 9.667 7.858 9.188 14.477 7.418 15.720 16.066 8.489 4.954 11.050 12.706 13.550 0.940 5.795 8.895 3.811 15.061 2.635 3.610 3.126 3.290 11.423 1.861 4.198 10.969 6.732 
16 8.647 4.020 2.832 2.749 20.454 11.187 9.337 7.172 4.389 8.564 14.295 17.453 9.520 12.052 6.621 0.000 5.447 4.599 4.112 6.621 13.422 2.624 17.309 10.266 18.409 9.310 2.380 17.274 11.640 10.713 12.440 10.491 2.588 20.607 10.658 19.540 13.524 20.503 12.650 13.283 10.618 16.951 4.423 17.396 8.626 7.402 16.964 11.684 13.873 15.842 8.192 16.539 9.935 5.913 9.923 4.554 6.831 10.475 3.189 11.162 14.040 12.859 18.499 8.954 7.684 13.992 11.046 16.933 5.682 9.332 2.397 5.624 11.712 7.899 9.908 4.783 9.903 16.357 8.476 9.226 4.349 8.647 
17 3.605 4.217 3.796 8.191 15.597 5.822 7.049 4.835 4.040 5.794 8.859 13.283 9.907 8.619 6.480 5.447 0.000 1.403 8.674 6.184 13.793 4.485 11.948 8.599 13.000 5.603 7.196 12.062 9.052 11.617 9.355 6.912 6.938 15.693 7.350 14.893 8.771 15.660 9.654 11.471 5.391 11.510 7.215 13.230 7.205 2.996 11.524 6.990 8.436 10.422 6.598 12.365 7.164 7.200 5.511 3.862 3.239 5.428 8.512 8.000 12.639 9.264 13.089 3.507 3.536 8.787 6.474 11.757 5.879 5.043 6.116 2.778 8.583 8.985 7.977 7.252 8.818 12.002 7.715 10.582 8.395 3.605 
18 4.050 4.530 3.714 7.328 15.952 7.041 6.223 3.899 2.649 7.000 9.945 14.686 8.635 9.968 5.185 4.599 1.403 0.000 8.252 6.910 12.571 3.181 13.130 7.660 13.858 5.245 6.050 13.333 8.379 10.312 8.853 8.260 5.721 16.085 8.671 15.123 10.156 16.007 9.127 10.630 6.022 12.462 5.833 14.633 6.162 4.372 12.583 8.385 9.382 11.538 7.606 12.343 8.406 7.577 6.912 2.485 4.484 5.886 7.772 9.311 11.719 10.632 13.949 4.582 3.312 9.394 7.876 12.339 4.526 4.969 5.780 1.762 9.896 7.631 7.086 5.857 7.756 12.065 6.559 9.227 8.122 4.050 
19 12.205 5.206 4.943 2.961 24.190 13.845 13.448 11.260 8.497 9.364 17.086 18.338 13.304 12.724 10.659 4.112 8.674 8.252 0.000 6.426 17.046 6.730 19.762 14.358 21.533 13.295 5.122 19.420 15.751 14.272 16.535 11.492 5.725 24.310 11.425 23.375 15.231 24.247 16.751 17.357 14.064 19.933 7.937 18.280 12.722 9.577 19.736 13.473 16.923 18.517 8.259 20.511 10.428 4.630 11.656 8.654 8.676 14.053 2.092 11.741 18.059 13.571 21.619 12.012 11.527 17.461 12.783 20.432 9.728 13.192 2.567 9.574 12.189 11.586 14.015 8.365 13.948 20.280 12.520 12.714 0.933 12.205 
20 9.393 2.769 4.069 8.176 20.824 9.003 13.119 10.808 8.989 3.138 12.148 11.925 15.124 6.314 11.737 6.621 6.184 6.910 6.426 0.000 19.131 8.109 14.254 14.568 16.882 11.780 8.974 13.618 15.209 16.623 15.539 5.224 9.204 20.839 5.063 20.379 9.227 20.904 15.838 17.536 10.660 15.122 10.775 11.868 13.044 4.867 14.623 7.637 12.410 13.332 1.833 18.259 4.018 2.064 5.940 8.958 3.821 10.984 7.792 5.327 18.625 7.160 16.959 8.135 9.712 13.753 6.954 16.596 10.896 11.136 4.812 8.668 5.763 13.782 13.995 11.046 14.614 17.802 13.339 15.292 5.589 9.393 
21 13.020 16.407 15.163 14.244 17.787 17.388 7.656 9.164 10.162 19.563 18.762 26.298 4.008 22.318 7.427 13.422 13.793 12.571 17.046 19.131 0.000 11.158 22.042 6.056 20.126 10.172 11.930 23.010 7.385 2.784 8.460 20.630 11.321 18.171 21.110 16.234 21.418 17.755 8.250 5.392 14.115 19.750 9.121 26.251 6.817 16.712 20.628 19.960 17.483 20.211 20.115 12.708 20.953 19.107 18.947 10.224 17.023 13.376 15.176 21.770 4.407 22.884 20.208 15.093 11.379 15.504 19.654 17.065 8.237 11.314 15.816 11.024 22.347 5.523 6.726 8.707 5.316 13.221 6.109 4.361 17.575 13.020 
22 6.885 5.342 4.054 4.855 18.273 10.222 6.735 4.646 1.826 9.249 13.084 17.594 7.173 12.550 4.053 2.624 4.485 3.181 6.730 8.109 11.158 0.000 16.301 7.644 16.814 6.941 3.035 16.512 9.034 8.555 9.872 10.873 2.597 18.457 11.181 17.265 13.224 18.313 10.070 10.667 8.897 15.506 2.876 17.539 6.003 7.207 15.700 11.417 12.440 14.687 9.353 14.129 10.686 7.949 9.821 2.032 6.999 8.609 5.551 11.772 11.456 13.288 16.906 7.745 5.583 12.150 10.859 15.013 3.116 7.146 4.842 3.459 12.353 5.703 7.285 3.040 7.309 14.004 5.890 7.186 6.958 6.885 
23 9.874 14.557 15.000 20.000 10.740 6.130 14.538 13.934 15.254 11.205 3.384 7.656 19.180 9.441 16.573 17.309 11.948 13.130 19.762 14.254 22.042 16.301 0.000 16.018 4.515 12.047 19.139 1.674 14.771 20.951 13.928 9.429 18.848 10.473 9.899 11.412 5.412 10.856 14.222 17.314 8.173 3.170 18.722 7.651 15.702 10.192 1.855 6.651 4.561 1.833 12.880 12.126 10.984 16.275 8.320 14.999 11.095 8.833 20.167 10.121 18.715 8.983 4.529 8.557 11.630 6.781 7.316 6.979 16.483 10.977 17.304 13.292 10.157 19.136 15.379 18.627 16.889 11.323 16.668 20.563 19.176 9.874 
24 7.091 12.073 11.018 12.131 13.196 11.396 1.679 3.777 5.990 14.337 12.716 20.365 3.646 16.735 3.790 10.266 8.599 7.660 14.358 14.568 6.056 7.644 16.018 0.000 14.408 4.136 9.818 16.957 2.036 5.179 3.285 15.095 9.153 13.514 15.629 11.806 15.470 13.194 3.275 3.048 8.063 13.855 7.208 20.321 1.643 11.278 14.661 14.103 11.457 14.185 15.189 8.204 15.643 15.061 13.265 5.905 11.789 7.322 12.964 16.297 4.059 17.225 14.494 9.213 5.592 9.617 13.860 11.535 4.674 5.282 12.422 5.910 16.856 4.635 0.692 6.788 1.040 8.452 2.045 5.391 14.601 7.091 
25 9.929 16.490 16.593 21.157 6.274 7.897 13.222 13.367 15.390 14.120 4.762 12.161 17.926 13.178 15.974 18.409 13.000 13.858 21.533 16.882 20.126 16.814 4.515 14.408 0.000 11.021 19.830 6.187 12.756 19.576 11.673 12.736 19.408 5.983 13.304 7.114 9.203 6.391 11.904 14.952 7.920 1.821 18.761 12.155 14.557 12.216 2.856 9.855 4.612 3.995 15.834 8.595 14.273 18.757 11.129 15.125 13.252 8.288 21.511 13.673 16.277 12.886 0.092 9.537 11.407 4.929 10.393 3.248 16.144 10.198 18.973 13.433 13.841 18.299 13.869 18.564 15.399 7.813 15.562 19.526 21.105 9.929 
26 3.069 9.700 8.959 11.791 11.396 7.270 2.525 2.511 5.157 10.899 8.693 16.259 7.140 12.907 4.981 9.310 5.603 5.245 13.295 11.780 10.172 6.941 12.047 4.136 11.021 0.000 9.858 12.892 3.699 8.903 3.773 11.334 9.289 11.608 11.910 10.332 11.362 11.429 4.085 6.373 3.954 10.175 8.085 16.215 3.663 7.739 10.826 10.063 7.514 10.220 12.018 7.230 12.086 12.739 9.395 4.923 8.453 3.235 12.438 12.575 7.711 13.327 11.112 5.204 2.069 6.092 9.876 8.583 5.283 1.147 10.935 3.721 13.108 7.293 3.452 7.808 4.891 7.066 4.648 8.601 13.273 3.069 
27 9.907 6.399 5.193 2.382 21.240 13.017 9.256 7.439 4.708 10.922 15.992 19.744 8.261 14.398 6.028 2.380 7.196 6.050 5.122 8.974 11.930 3.035 19.139 9.818 19.830 9.858 0.000 19.237 11.485 9.153 12.462 12.812 0.669 21.436 13.002 20.186 15.671 21.277 12.618 12.683 11.919 18.490 2.864 19.687 8.255 9.537 18.633 13.834 15.415 17.580 10.570 16.951 12.304 8.092 12.117 4.953 9.072 11.643 3.291 13.520 13.227 15.196 19.922 10.622 8.611 15.185 13.220 18.045 5.177 10.148 4.433 6.490 14.075 6.511 9.609 3.307 9.236 16.880 7.835 7.592 5.717 9.907 
28 10.446 14.229 14.808 19.905 12.412 6.311 15.412 14.580 15.625 10.500 4.268 6.001 19.965 8.323 17.177 17.274 12.062 13.333 19.420 13.618 23.010 16.512 1.674 16.957 6.187 12.892 19.237 0.000 15.850 21.755 15.088 8.569 18.999 12.147 8.967 13.060 4.449 12.528 15.395 18.459 8.945 4.803 19.067 5.999 16.501 9.957 3.487 6.000 5.629 3.055 12.113 13.624 10.086 15.671 7.787 15.379 10.763 9.658 19.994 9.096 19.868 7.770 6.200 8.861 12.227 8.076 6.692 8.581 17.000 11.779 17.038 13.710 9.053 19.783 16.297 19.011 17.778 12.825 17.439 21.260 18.775 10.446 
29 6.749 12.905 11.979 13.727 11.181 10.745 2.303 4.590 7.255 14.557 11.582 19.741 5.629 16.600 5.524 11.640 9.052 8.379 15.751 15.209 7.385 9.034 14.771 2.036 12.756 3.699 11.485 15.850 0.000 7.031 1.259 15.034 10.834 11.506 15.610 9.775 14.862 11.176 1.244 2.724 7.219 12.374 9.025 19.700 3.273 11.408 13.287 13.673 10.243 12.952 15.601 6.169 15.770 15.947 13.085 7.111 12.072 6.460 14.515 16.275 4.116 17.003 12.839 8.868 5.640 8.135 13.527 9.757 6.313 4.741 13.638 6.637 16.807 6.667 1.928 8.626 3.052 6.435 3.980 7.395 15.901 6.749 
30 11.429 13.870 12.599 11.461 18.118 15.821 6.441 7.334 7.764 17.296 17.591 24.536 1.804 20.230 5.137 10.713 11.617 10.312 14.272 16.623 2.784 8.555 20.951 5.179 19.576 8.903 9.153 21.755 7.031 0.000 8.268 18.526 8.550 18.464 18.966 16.644 19.717 18.104 8.157 6.013 12.817 18.958 6.363 24.487 5.256 14.599 19.697 18.145 16.413 19.123 17.714 13.024 18.713 16.475 16.972 7.867 14.796 12.125 12.393 19.613 5.630 20.849 19.663 13.384 9.683 14.744 17.773 16.711 5.819 9.986 13.110 8.922 20.197 2.852 5.710 5.958 4.177 13.394 4.325 1.578 14.816 11.429 
31 6.640 13.372 12.533 14.648 9.922 10.324 3.207 5.277 8.058 14.634 10.836 19.258 6.888 16.440 6.598 12.440 9.355 8.853 16.535 15.539 8.460 9.872 13.928 3.285 11.673 3.773 12.462 15.088 1.259 8.268 0.000 14.933 11.822 10.247 15.530 8.520 14.420 9.917 0.338 3.386 6.752 11.398 10.106 19.220 4.380 11.470 12.373 13.356 9.459 12.129 15.788 4.921 15.779 16.420 12.931 7.886 12.217 6.010 15.404 16.187 4.788 16.787 11.754 8.684 5.835 7.198 13.272 8.610 7.326 4.624 14.329 7.172 16.700 7.902 3.090 9.722 4.309 5.176 5.169 8.655 16.628 6.640 
32 8.305 6.656 7.672 12.705 17.651 5.522 13.437 11.500 10.899 2.129 8.034 6.987 16.800 1.708 13.389 10.491 6.912 8.260 11.492 5.224 20.630 10.873 9.429 15.095 12.736 11.334 12.812 8.569 15.034 18.526 14.933 0.000 12.819 17.571 0.639 17.560 4.120 17.748 15.267 17.689 8.573 10.916 13.749 6.929 13.894 3.929 10.149 2.886 8.751 8.858 3.571 16.256 1.561 7.281 2.065 10.745 3.877 9.186 12.534 1.259 18.988 2.415 12.800 6.263 9.519 10.802 2.364 13.245 12.783 10.330 9.440 9.626 1.774 15.889 14.422 13.879 15.493 15.633 14.522 17.486 10.719 8.305 
33 9.478 6.553 5.299 3.045 20.682 12.742 8.615 6.845 4.163 10.988 15.660 19.707 7.615 14.434 5.364 2.588 6.938 5.721 5.725 9.204 11.321 2.597 18.848 9.153 19.408 9.289 0.669 18.999 10.834 8.550 11.822 12.819 0.000 20.885 13.040 19.607 15.535 20.717 11.974 12.014 11.488 18.103 2.221 19.651 7.596 9.419 18.286 13.704 15.036 17.257 10.738 16.345 12.389 8.453 12.020 4.417 9.022 11.182 3.946 13.578 12.559 15.219 19.500 10.304 8.118 14.716 13.106 17.552 4.522 9.623 4.827 6.011 14.142 5.874 8.951 2.659 8.567 16.289 7.167 6.999 6.277 9.478 
34 12.111 19.756 19.489 23.238 0.442 12.138 12.953 14.101 16.730 18.522 9.727 18.072 17.135 18.354 16.303 20.607 15.693 16.085 24.310 20.839 18.171 18.457 10.473 13.514 5.983 11.608 21.436 12.147 11.506 18.464 10.247 17.571 20.885 0.000 18.190 2.024 14.619 0.533 10.322 12.789 10.354 7.440 19.641 18.062 14.321 15.972 8.707 14.827 8.822 9.611 20.171 5.476 19.007 22.461 15.681 16.483 17.022 10.269 23.795 18.670 13.834 18.214 5.983 12.753 12.933 7.089 15.224 4.330 16.793 11.317 21.780 15.039 18.946 18.058 13.207 19.330 14.548 5.075 15.244 18.899 24.084 12.111 
35 8.895 6.743 7.827 12.780 18.274 6.158 13.978 12.004 11.295 2.123 8.624 6.937 17.254 1.395 13.829 10.658 7.350 8.671 11.425 5.063 21.110 11.181 9.899 15.629 13.304 11.910 13.002 8.967 15.610 18.966 15.530 0.639 13.040 18.190 0.000 18.193 4.528 18.371 15.863 18.254 9.203 11.483 14.057 6.880 14.401 4.399 10.685 3.450 9.369 9.400 3.313 16.894 1.131 7.092 2.699 11.150 4.221 9.810 12.563 0.668 19.544 2.211 13.367 6.872 10.068 11.438 2.970 13.866 13.197 10.919 9.472 10.091 1.237 16.300 14.960 14.204 16.005 16.271 15.007 17.895 10.624 8.895 
36 11.289 19.055 18.665 22.100 1.598 12.042 11.400 12.767 15.489 18.291 10.073 18.826 15.386 18.508 14.809 19.540 14.893 15.123 23.375 20.379 16.234 17.265 11.412 11.806 7.114 10.332 20.186 13.060 9.775 16.644 8.520 17.560 19.607 2.024 18.193 0.000 14.989 1.544 8.558 10.871 9.730 8.257 18.225 18.810 12.738 15.539 9.573 14.948 8.957 10.277 19.882 3.624 18.919 21.878 15.582 15.254 16.566 9.503 22.710 18.721 11.871 18.460 7.137 12.245 11.869 6.778 15.266 4.596 15.369 10.211 20.888 13.921 19.050 16.406 11.556 17.890 12.827 3.391 13.622 17.161 23.219 11.289 
37 8.399 10.117 10.866 16.019 14.776 4.117 13.806 12.385 12.708 6.092 4.923 4.897 17.918 4.046 14.750 13.524 8.771 10.156 15.231 9.227 21.418 13.224 5.412 15.470 9.203 11.362 15.671 4.449 14.862 19.717 14.420 4.120 15.535 14.619 4.528 14.989 0.000 14.883 14.755 17.585 7.672 7.414 15.985 4.853 14.623 6.135 6.422 1.840 6.088 5.208 7.673 14.461 5.641 11.289 3.630 12.494 6.740 8.423 16.001 4.711 18.975 3.684 9.253 6.342 10.065 8.614 2.490 10.430 14.365 10.224 12.959 10.993 4.752 17.380 14.779 16.012 16.105 13.732 15.441 18.947 14.531 8.399 
38 12.065 19.755 19.453 23.114 0.117 12.284 12.688 13.909 16.569 18.644 9.974 18.426 16.802 18.572 16.061 20.503 15.660 16.007 24.247 20.904 17.755 18.313 10.856 13.194 6.391 11.429 21.277 12.528 11.176 18.104 9.917 17.748 20.717 0.533 18.371 1.544 14.883 0.000 9.978 12.382 10.357 7.786 19.427 18.415 14.047 16.038 9.070 15.032 9.014 9.932 20.280 5.088 19.166 22.495 15.833 16.326 17.084 10.232 23.687 18.863 13.403 18.454 6.396 12.793 12.820 7.156 15.410 4.510 16.574 11.188 21.727 14.914 19.153 17.762 12.908 19.108 14.224 4.742 14.957 18.572 24.041 12.065 
39 6.972 13.651 12.796 14.824 9.987 10.660 3.365 5.503 8.263 14.958 11.146 19.590 6.828 16.776 6.710 12.650 9.654 9.127 16.751 15.838 8.250 10.070 14.222 3.275 11.904 4.085 12.618 15.395 1.244 8.157 0.338 15.267 11.974 10.322 15.863 8.558 14.755 9.978 0.000 3.101 7.088 11.665 10.219 19.552 4.473 11.794 12.654 13.693 9.766 12.428 16.103 4.942 16.108 16.699 13.267 8.098 12.535 6.346 15.591 16.521 4.494 17.124 11.984 9.020 6.141 7.478 13.610 8.815 7.465 4.954 14.566 7.433 17.035 7.909 3.151 9.827 4.278 5.247 5.217 8.603 16.858 6.972 
40 9.440 15.090 14.055 15.035 12.411 13.468 4.426 6.732 9.036 17.112 14.199 22.461 5.238 19.277 6.713 13.283 11.471 10.630 17.357 17.536 5.392 10.667 17.314 3.048 14.952 6.373 12.683 18.459 2.724 6.013 3.386 17.689 12.014 12.789 18.254 10.871 17.585 12.382 3.101 0.000 9.934 14.762 9.949 22.421 4.684 13.991 15.756 16.393 12.833 15.512 18.067 7.319 18.366 18.092 15.766 8.952 14.592 9.176 15.892 18.921 1.412 19.699 15.029 11.569 8.209 10.579 16.236 11.808 7.634 7.448 15.463 8.869 19.463 6.803 3.550 9.510 3.448 7.831 4.861 6.929 17.625 9.440 
41 2.012 9.402 9.174 13.350 10.287 3.573 6.478 5.784 7.493 8.810 4.792 12.531 11.032 9.924 8.437 10.618 5.391 6.022 14.064 10.660 14.115 8.897 8.173 8.063 7.920 3.954 11.919 8.945 7.219 12.817 6.752 8.573 11.488 10.354 9.203 9.730 7.672 10.357 7.088 9.934 0.000 6.703 10.910 12.491 7.561 5.861 7.123 6.652 3.753 6.367 10.293 7.782 9.684 12.157 6.509 7.227 6.862 0.760 13.780 9.826 11.334 10.174 8.012 2.555 3.572 3.400 6.646 6.369 8.435 2.834 11.507 5.521 10.283 10.971 7.389 10.747 8.845 7.235 8.511 12.390 13.777 2.012 
42 8.668 14.837 15.009 19.699 7.672 6.176 12.528 12.379 14.184 12.321 2.975 10.640 17.248 11.367 15.025 16.951 11.510 12.462 19.933 15.122 19.750 15.506 3.170 13.855 1.821 10.175 18.490 4.803 12.374 18.958 11.398 10.916 18.103 7.440 11.483 8.257 7.414 7.786 11.665 14.762 6.703 0.000 17.613 10.628 13.807 10.517 1.318 8.034 3.082 2.224 14.037 9.060 12.454 17.022 9.329 13.919 11.540 7.188 20.008 11.854 16.135 11.092 1.884 8.009 10.268 4.248 8.576 3.817 15.103 9.237 17.385 12.204 12.027 17.457 13.266 17.448 14.802 8.256 14.805 18.770 19.472 8.668 
43 8.964 8.020 6.716 5.241 19.403 12.757 6.930 5.575 3.469 12.113 15.414 20.436 5.397 15.426 3.509 4.423 7.215 5.833 7.937 10.775 9.121 2.876 18.722 7.208 18.761 8.085 2.864 19.067 9.025 6.363 10.106 13.749 2.221 19.641 14.057 18.225 15.985 19.427 10.219 9.949 10.910 17.613 0.000 20.381 5.753 10.047 17.952 14.201 14.613 17.031 12.136 14.824 13.548 10.311 12.652 3.727 9.873 10.476 6.155 14.646 10.413 16.163 18.854 10.212 7.360 13.916 13.666 16.612 2.856 8.648 6.806 5.446 15.226 3.654 7.103 0.447 6.519 14.853 5.172 4.834 8.455 8.964 
44 13.242 13.583 14.590 19.633 18.300 8.962 18.654 17.173 17.256 8.993 9.001 0.058 22.696 5.556 19.457 17.396 13.230 14.633 18.280 11.868 26.251 17.539 7.651 20.321 12.155 16.215 19.687 5.999 19.700 24.487 19.220 6.929 19.651 18.062 6.880 18.810 4.853 18.415 19.552 22.421 12.491 10.628 20.381 0.000 19.445 10.335 9.355 6.345 10.368 8.534 10.048 18.838 7.853 13.826 7.732 17.061 10.629 13.247 19.440 6.541 23.815 4.710 12.174 11.159 14.880 12.991 6.772 14.231 19.007 15.076 16.347 15.659 6.123 22.068 19.629 20.457 20.944 18.071 20.242 23.651 17.456 13.242 
45 6.246 10.499 9.414 10.540 14.037 10.640 1.387 2.397 4.353 12.992 12.337 19.492 3.478 15.565 2.253 8.626 7.205 6.162 12.722 13.044 6.817 6.003 15.702 1.643 14.557 3.663 8.255 16.501 3.273 5.256 4.380 13.894 7.596 14.321 14.401 12.738 14.623 14.047 4.473 4.684 7.561 13.807 5.753 19.445 0.000 10.011 14.487 13.144 11.177 13.877 13.750 9.218 14.336 13.465 12.153 4.277 10.435 6.872 11.358 15.066 5.613 16.104 14.647 8.286 4.566 9.652 12.839 11.895 3.081 4.731 10.780 4.449 15.636 3.804 1.358 5.356 1.613 9.348 1.005 4.972 12.958 6.246 
46 4.903 4.382 4.850 9.965 15.958 4.344 9.647 7.613 7.021 3.164 7.589 10.389 12.871 5.632 9.464 7.402 2.996 4.372 9.577 4.867 16.712 7.207 10.192 11.278 12.216 7.739 9.537 9.957 11.408 14.599 11.470 3.929 9.419 15.972 4.399 15.539 6.135 16.038 11.794 13.991 5.861 10.517 10.047 10.335 10.011 0.000 10.200 4.297 7.652 8.959 4.465 13.587 4.376 6.581 2.616 6.852 1.058 6.268 10.037 5.061 15.244 6.267 12.297 3.308 5.783 8.885 3.688 11.737 8.875 6.860 7.115 5.698 5.636 11.981 10.620 10.131 11.618 13.078 10.608 13.579 9.027 4.903 
47 8.993 14.573 14.858 19.698 8.954 5.891 13.257 12.896 14.493 11.707 2.672 9.365 17.956 10.443 15.551 16.964 11.524 12.583 19.736 14.623 20.628 15.700 1.855 14.661 2.856 10.826 18.633 3.487 13.287 19.697 12.373 10.149 18.286 8.707 10.685 9.573 6.422 9.070 12.654 15.756 7.123 1.318 17.952 9.355 14.487 10.200 0.000 7.269 3.370 1.299 13.418 10.309 11.705 16.579 8.725 14.231 11.185 7.701 19.948 11.003 17.144 10.102 2.891 8.027 10.682 5.176 7.865 5.125 15.554 9.819 17.215 12.509 11.127 18.050 14.046 17.818 15.575 9.505 15.474 19.418 19.222 8.993 
48 7.018 8.323 9.038 14.190 14.932 3.154 12.425 10.842 10.971 4.556 5.184 6.395 16.357 3.560 13.114 11.684 6.990 8.385 13.473 7.637 19.960 11.417 6.651 14.103 9.855 10.063 13.834 6.000 13.673 18.145 13.356 2.886 13.704 14.827 3.450 14.948 1.840 15.032 13.693 16.393 6.652 8.034 14.201 6.345 13.144 4.297 7.269 0.000 6.022 5.975 6.230 13.977 4.438 9.682 1.821 10.765 4.915 7.365 14.187 3.860 17.758 3.604 9.918 4.890 8.582 8.284 0.694 10.522 12.680 8.952 11.161 9.322 4.121 15.729 13.411 14.241 14.671 13.299 13.916 17.310 12.800 7.018 
49 5.648 11.885 11.985 16.621 8.914 3.427 9.987 9.529 11.163 9.823 1.415 10.395 14.654 9.572 12.184 13.873 8.436 9.382 16.923 12.410 17.483 12.440 4.561 11.457 4.612 7.514 15.415 5.629 10.243 16.413 9.459 8.751 15.036 8.822 9.369 8.957 6.088 9.014 9.766 12.833 3.753 3.082 14.613 10.368 11.177 7.652 3.370 6.022 0.000 2.728 11.514 8.475 10.205 14.225 6.903 10.900 8.701 4.343 16.942 9.851 14.241 9.503 4.698 4.944 7.316 2.625 6.402 4.504 12.186 6.475 14.364 9.179 10.141 14.695 10.819 14.467 12.332 7.718 12.155 16.081 16.494 5.648 
50 8.123 13.339 13.665 18.563 9.819 4.691 12.706 12.143 13.562 10.408 1.618 8.549 17.356 9.199 14.789 15.842 10.422 11.538 18.517 13.332 20.211 14.687 1.833 14.185 3.995 10.220 17.580 3.055 12.952 19.123 12.129 8.858 17.257 9.611 9.400 10.277 5.208 9.932 12.428 15.512 6.367 2.224 17.031 8.534 13.877 8.959 1.299 5.975 2.728 0.000 12.119 10.591 10.413 15.297 7.427 13.304 9.929 7.013 18.785 9.732 16.917 8.891 4.045 6.958 9.861 5.036 6.567 5.704 14.728 9.157 16.011 11.588 9.873 17.338 13.546 16.919 15.056 9.795 14.847 18.752 17.986 8.123 
51 9.334 4.185 5.460 9.942 20.193 8.092 13.647 11.415 9.966 1.716 11.072 10.106 16.129 4.505 12.688 8.192 6.598 7.606 8.259 1.833 20.115 9.353 12.880 15.189 15.834 12.018 10.570 12.113 15.601 17.714 15.788 3.571 10.738 20.171 3.313 19.882 7.673 20.280 16.103 18.067 10.293 14.037 12.136 10.048 13.750 4.465 13.418 6.230 11.514 12.119 0.000 18.047 2.221 3.795 4.709 9.892 3.583 10.729 9.597 3.516 19.236 5.347 15.906 7.741 9.979 13.141 5.581 15.866 11.909 11.233 6.574 9.303 3.934 14.910 14.574 12.367 15.354 17.525 14.161 16.462 7.415 9.334 
52 8.878 16.582 16.015 18.984 5.109 10.849 7.918 9.518 12.315 16.591 9.838 18.864 11.765 17.464 11.355 16.539 12.365 12.343 20.511 18.259 12.708 14.129 12.126 8.204 8.595 7.230 16.951 13.624 6.169 13.024 4.921 16.256 16.345 5.476 16.894 3.624 14.461 5.088 4.942 7.319 7.782 9.060 14.824 18.838 9.218 13.587 10.309 13.977 8.475 10.591 18.047 0.000 17.445 19.540 14.198 12.097 14.542 7.319 19.656 17.490 8.410 17.581 8.653 10.315 9.031 5.865 14.140 5.372 11.979 7.383 18.108 10.940 17.904 12.823 7.989 14.468 9.218 0.804 10.066 13.542 20.452 8.878 
53 9.149 5.947 7.111 11.927 19.072 6.888 14.019 11.943 10.973 1.438 9.552 7.910 17.040 2.297 13.592 9.935 7.164 8.406 10.428 4.018 20.953 10.686 10.984 15.643 14.273 12.086 12.304 10.086 15.770 18.713 15.779 1.561 12.389 19.007 1.131 18.919 5.641 19.166 16.108 18.366 9.684 12.454 13.548 7.853 14.336 4.376 11.705 4.438 10.205 10.413 2.221 17.445 0.000 6.016 3.338 10.852 3.931 10.240 11.657 1.313 19.619 3.144 14.339 7.239 10.157 12.143 3.881 14.677 12.905 11.155 8.583 9.941 1.801 15.989 14.989 13.725 15.948 16.853 14.878 17.575 9.604 9.149 
54 10.681 3.048 4.053 6.829 22.420 10.860 13.746 11.401 9.187 5.202 14.057 13.883 15.120 8.296 11.876 5.913 7.200 7.577 4.630 2.064 19.107 7.949 16.275 15.061 18.757 12.739 8.092 15.671 15.947 16.475 16.420 7.281 8.453 22.461 7.092 21.878 11.289 22.495 16.699 18.092 12.157 17.022 10.311 13.826 13.465 6.581 16.579 9.682 14.225 15.297 3.795 19.540 6.016 0.000 7.955 9.216 5.527 12.391 6.279 7.308 19.076 9.135 18.836 9.709 10.697 15.380 8.995 18.281 10.973 12.243 3.665 9.310 7.703 13.626 14.547 10.644 14.966 19.142 13.611 15.046 3.729 10.681 
55 6.336 6.502 7.239 12.391 15.740 3.551 11.592 9.784 9.549 2.994 6.369 7.786 15.210 3.516 11.867 9.923 5.511 6.912 11.656 5.940 18.947 9.821 8.320 13.265 11.129 9.395 12.117 7.787 13.085 16.972 12.931 2.065 12.020 15.681 2.699 15.582 3.630 15.833 13.267 15.766 6.509 9.329 12.652 7.732 12.153 2.616 8.725 1.821 6.903 7.427 4.709 14.198 3.338 7.955 0.000 9.364 3.113 7.130 12.372 3.317 17.089 3.960 11.200 4.247 7.673 8.808 1.141 11.352 11.348 8.356 9.340 8.057 3.789 14.439 12.583 12.725 13.730 13.581 12.847 16.034 10.992 6.336 
56 5.254 6.306 5.163 6.887 16.288 9.077 4.809 2.626 0.266 9.431 11.686 17.113 6.240 12.452 2.798 4.554 3.862 2.485 8.654 8.958 10.224 2.032 14.999 5.905 15.125 4.923 4.953 15.379 7.111 7.867 7.886 10.745 4.417 16.483 11.150 15.254 12.494 16.326 8.098 8.952 7.227 13.919 3.727 17.061 4.277 6.852 14.231 10.765 10.900 13.304 9.892 12.097 10.852 9.216 9.364 0.000 6.948 6.845 7.577 11.787 9.872 13.116 15.217 6.519 3.738 10.351 10.290 13.151 2.053 5.207 6.549 1.722 12.373 5.150 5.461 3.634 5.750 11.979 4.408 6.745 8.791 5.254 
57 5.760 3.472 4.126 9.279 17.004 5.364 10.197 8.051 7.084 2.557 8.598 10.685 13.112 5.565 9.667 6.831 3.239 4.484 8.676 3.821 17.023 6.999 11.095 11.789 13.252 8.453 9.072 10.763 12.072 14.796 12.217 3.877 9.022 17.022 4.221 16.566 6.740 17.084 12.535 14.592 6.862 11.540 9.873 10.629 10.435 1.058 11.185 4.915 8.701 9.929 3.583 14.542 3.931 5.527 3.113 6.948 0.000 7.230 9.276 4.845 15.804 6.290 13.333 4.322 6.433 9.934 4.250 12.793 9.000 7.650 6.277 6.018 5.432 12.097 11.150 10.003 12.048 14.053 10.953 13.689 8.083 5.760 
58 1.849 9.554 9.222 13.182 10.169 4.316 5.754 5.204 7.110 9.301 5.466 13.287 10.349 10.581 7.858 10.475 5.428 5.886 14.053 10.984 13.376 8.609 8.833 7.322 8.288 3.235 11.643 9.658 6.460 12.125 6.010 9.186 11.182 10.269 9.810 9.503 8.423 10.232 6.346 9.176 0.760 7.188 10.476 13.247 6.872 6.268 7.701 7.365 4.343 7.013 10.729 7.319 10.240 12.391 7.130 6.845 7.230 0.000 13.657 10.444 10.575 10.860 8.380 3.018 3.119 3.545 7.330 6.458 7.916 2.144 11.514 5.174 10.916 10.352 6.652 10.288 8.120 6.824 7.835 11.743 13.816 1.849 
59 11.822 5.913 5.187 0.933 23.639 14.097 12.234 10.196 7.376 10.446 17.276 19.497 11.551 13.920 9.188 3.189 8.512 7.772 2.092 7.792 15.176 5.551 20.167 12.964 21.511 12.438 3.291 19.994 14.515 12.393 15.404 12.534 3.946 23.795 12.563 22.710 16.001 23.687 15.591 15.892 13.780 20.008 6.155 19.440 11.358 10.037 19.948 14.187 16.942 18.785 9.597 19.656 11.657 6.279 12.372 7.577 9.276 13.657 0.000 12.959 16.488 14.761 21.601 12.000 10.867 17.164 13.513 20.111 8.289 12.508 3.094 8.789 13.454 9.798 12.693 6.598 12.449 19.501 11.031 10.821 2.927 11.822 
60 9.555 7.205 8.331 13.213 18.765 6.709 14.646 12.669 11.927 2.598 9.042 6.598 17.906 0.988 14.477 11.162 8.000 9.311 11.741 5.327 21.770 11.772 10.121 16.297 13.673 12.575 13.520 9.096 16.275 19.613 16.187 1.259 13.578 18.670 0.668 18.721 4.711 18.863 16.521 18.921 9.826 11.854 14.646 6.541 15.066 5.061 11.003 3.860 9.851 9.732 3.516 17.490 1.313 7.308 3.317 11.787 4.845 10.444 12.959 0.000 20.212 1.832 13.733 7.521 10.736 11.983 3.457 14.354 13.836 11.580 9.879 10.748 0.586 16.937 15.629 14.802 16.671 16.858 15.668 18.531 10.915 9.555 
61 10.780 16.110 15.025 15.603 13.440 14.858 5.607 7.833 9.926 18.341 15.610 23.856 5.289 20.593 7.418 14.040 12.639 11.719 18.059 18.625 4.407 11.456 18.715 4.059 16.277 7.711 13.227 19.868 4.116 5.630 4.788 18.988 12.559 13.834 19.544 11.871 18.975 13.403 4.494 1.412 11.334 16.135 10.413 23.815 5.613 15.244 17.144 17.758 14.241 16.917 19.236 8.410 19.619 19.076 17.089 9.872 15.804 10.575 16.488 20.212 0.000 21.032 16.353 12.915 9.479 11.970 17.587 13.105 8.357 8.807 16.292 9.969 20.760 7.005 4.662 9.966 4.150 8.983 5.567 6.805 18.387 10.780 
62 10.259 8.954 10.030 14.989 18.349 6.749 15.552 13.725 13.278 4.333 8.487 4.767 19.105 0.847 15.720 12.859 9.264 10.632 13.571 7.160 22.884 13.288 8.983 17.225 12.886 13.327 15.196 7.770 17.003 20.849 16.787 2.415 15.219 18.214 2.211 18.460 3.684 18.454 17.124 19.699 10.174 11.092 16.163 4.710 16.104 6.267 10.102 3.604 9.503 8.891 5.347 17.581 3.144 9.135 3.960 13.116 6.290 10.860 14.761 1.832 21.032 0.000 12.936 8.136 11.633 11.863 3.530 13.961 15.143 12.263 11.673 11.929 1.472 18.248 16.542 16.290 17.686 16.900 16.777 19.846 12.747 10.259 
63 10.021 16.574 16.680 21.248 6.279 7.976 13.311 13.459 15.483 14.191 4.834 12.180 18.014 13.233 16.066 18.499 13.089 13.949 21.619 16.959 20.208 16.906 4.529 14.494 0.092 11.112 19.922 6.200 12.839 19.663 11.754 12.800 19.500 5.983 13.367 7.137 9.253 6.396 11.984 15.029 8.012 1.884 18.854 12.174 14.647 12.297 2.891 9.918 4.698 4.045 15.906 8.653 14.339 18.836 11.200 15.217 13.333 8.380 21.601 13.733 16.353 12.936 0.000 9.625 11.499 5.020 10.459 3.313 16.236 10.290 19.060 13.525 13.898 18.389 13.956 18.657 15.486 7.873 15.651 19.615 21.191 10.021 
64 2.138 7.093 7.069 11.698 12.717 2.563 7.535 6.049 6.764 6.285 5.372 11.206 11.583 7.757 8.489 8.954 3.507 4.582 12.012 8.135 15.093 7.745 8.557 9.213 9.537 5.204 10.622 8.861 8.868 13.384 8.684 6.263 10.304 12.753 6.872 12.245 6.342 12.793 9.020 11.569 2.555 8.009 10.212 11.159 8.286 3.308 8.027 4.890 4.944 6.958 7.741 10.315 7.239 9.709 4.247 6.519 4.322 3.018 12.000 7.521 12.915 8.136 9.625 0.000 3.723 5.673 4.672 8.598 8.204 4.128 9.447 4.864 8.022 11.124 8.522 10.150 9.792 9.785 9.099 12.668 11.627 2.138 
65 1.781 7.669 6.999 10.307 12.773 6.142 3.922 2.369 4.002 8.920 8.255 14.927 7.880 11.147 4.954 7.684 3.536 3.312 11.527 9.712 11.379 5.583 11.630 5.592 11.407 2.069 8.611 12.227 5.640 9.683 5.835 9.519 8.118 12.933 10.068 11.869 10.065 12.820 6.141 8.209 3.572 10.268 7.360 14.880 4.566 5.783 10.682 8.582 7.316 9.861 9.979 9.031 10.157 10.697 7.673 3.738 6.433 3.119 10.867 10.736 9.479 11.633 11.499 3.723 0.000 6.613 8.296 9.435 4.874 1.665 9.085 2.126 11.287 7.556 4.912 7.182 6.093 8.760 5.381 9.052 11.428 1.781 
66 5.346 12.728 12.560 16.711 7.074 5.280 8.337 8.457 10.615 11.528 4.020 13.018 13.057 11.833 11.050 13.992 8.787 9.394 17.461 13.753 15.504 12.150 6.781 9.617 4.929 6.092 15.185 8.076 8.135 14.744 7.198 10.802 14.716 7.089 11.438 6.778 8.614 7.156 7.478 10.579 3.400 4.248 13.916 12.991 9.652 8.885 5.176 8.284 2.625 5.036 13.141 5.865 12.143 15.380 8.808 10.351 9.934 3.545 17.164 11.983 11.970 11.863 5.020 5.673 6.613 0.000 8.543 2.971 11.245 5.293 14.902 8.706 12.339 13.374 9.039 13.698 10.576 5.122 10.656 14.624 17.162 5.346 
67 6.810 7.640 8.376 13.529 15.312 3.296 12.181 10.506 10.488 3.892 5.674 6.825 15.994 3.325 12.706 11.046 6.474 7.876 12.783 6.954 19.654 10.859 7.316 13.860 10.393 9.876 13.220 6.692 13.527 17.773 13.272 2.364 13.106 15.224 2.970 15.266 2.490 15.410 13.610 16.236 6.646 8.576 13.666 6.772 12.839 3.688 7.865 0.694 6.402 6.567 5.581 14.140 3.881 8.995 1.141 10.290 4.250 7.330 13.513 3.457 17.587 3.530 10.459 4.672 8.296 8.543 0.000 10.903 12.236 8.788 10.480 8.899 3.796 15.306 13.171 13.721 14.388 13.483 13.581 16.894 12.107 6.810 
68 8.289 15.678 15.530 19.639 4.411 7.812 10.519 11.062 13.412 14.206 5.507 14.248 15.136 14.065 13.550 16.933 11.757 12.339 20.432 16.596 17.065 15.013 6.979 11.535 3.248 8.583 18.045 8.581 9.757 16.711 8.610 13.245 17.552 4.330 13.866 4.596 10.430 4.510 8.815 11.808 6.369 3.817 16.612 14.231 11.895 11.737 5.125 10.522 4.504 5.704 15.866 5.372 14.677 18.281 11.352 13.151 12.793 6.458 20.111 14.354 13.105 13.961 3.313 8.598 9.435 2.971 10.903 0.000 13.856 7.975 17.872 11.555 14.643 15.693 11.053 16.362 12.556 4.580 12.890 16.805 20.131 8.289 
69 6.610 8.184 6.964 7.461 16.551 10.760 4.123 2.797 1.946 11.483 13.117 19.058 4.232 14.490 0.940 5.682 5.879 4.526 9.728 10.896 8.237 3.116 16.483 4.674 16.144 5.283 5.177 17.000 6.313 5.819 7.326 12.783 4.522 16.793 13.197 15.369 14.365 16.574 7.465 7.634 8.435 15.103 2.856 19.007 3.081 8.875 15.554 12.680 12.186 14.728 11.909 11.979 12.905 10.973 11.348 2.053 9.000 7.916 8.289 13.836 8.357 15.143 16.236 8.204 4.874 11.245 12.236 13.856 0.000 5.952 7.957 3.374 14.422 3.106 4.432 2.538 4.224 11.998 2.796 4.704 10.030 6.610 
70 2.025 9.242 8.632 11.927 11.143 6.126 3.660 3.169 5.462 10.023 7.607 15.120 8.207 11.871 5.795 9.332 5.043 4.969 13.192 11.136 11.314 7.146 10.977 5.282 10.198 1.147 10.148 11.779 4.741 9.986 4.624 10.330 9.623 11.317 10.919 10.211 10.224 11.188 4.954 7.448 2.834 9.237 8.648 15.076 4.731 6.860 9.819 8.952 6.475 9.157 11.233 7.383 11.155 12.243 8.356 5.207 7.650 2.144 12.508 11.580 8.807 12.263 10.290 4.128 1.665 5.293 8.788 7.975 5.952 0.000 10.747 3.726 12.102 8.235 4.598 8.415 6.022 7.097 5.691 9.606 13.089 2.025 
71 9.669 2.843 2.379 3.369 21.668 11.327 11.345 9.068 6.438 7.354 14.558 16.404 11.899 10.834 8.895 2.397 6.116 5.780 2.567 4.812 15.816 4.842 17.304 12.422 18.973 10.935 4.433 17.038 13.638 13.110 14.329 9.440 4.827 21.780 9.472 20.888 12.959 21.727 14.566 15.463 11.507 17.385 6.806 16.347 10.780 7.115 17.215 11.161 14.364 16.011 6.574 18.108 8.583 3.665 9.340 6.549 6.277 11.514 3.094 9.879 16.292 11.673 19.060 9.447 9.085 14.902 10.480 17.872 7.957 10.747 0.000 7.226 10.383 10.293 12.006 7.176 12.142 17.844 10.728 11.621 2.343 9.669 
72 3.536 6.270 5.364 8.201 14.869 7.427 4.462 2.139 1.984 8.572 9.970 15.710 7.178 11.324 3.811 5.624 2.778 1.762 9.574 8.668 11.024 3.459 13.292 5.910 13.433 3.721 6.490 13.710 6.637 8.922 7.172 9.626 6.011 15.039 10.091 13.921 10.993 14.914 7.433 8.869 5.521 12.204 5.446 15.659 4.449 5.698 12.509 9.322 9.179 11.588 9.303 10.940 9.941 9.310 8.057 1.722 6.018 5.174 8.789 10.748 9.969 11.929 13.525 4.864 2.126 8.706 8.899 11.555 3.374 3.726 7.226 0.000 11.327 6.409 5.327 5.335 6.057 10.737 4.937 7.995 9.558 3.536 
73 10.077 7.739 8.883 13.728 19.052 7.084 15.202 13.240 12.514 3.155 9.270 6.180 18.489 0.732 15.061 11.712 8.583 9.896 12.189 5.763 22.347 12.353 10.157 16.856 13.841 13.108 14.075 9.053 16.807 20.197 16.700 1.774 14.142 18.946 1.237 19.050 4.752 19.153 17.035 19.463 10.283 12.027 15.226 6.123 15.636 5.636 11.127 4.121 10.141 9.873 3.934 17.904 1.801 7.703 3.789 12.373 5.432 10.916 13.454 0.586 20.760 1.472 13.898 8.022 11.287 12.339 3.796 14.643 14.422 12.102 10.383 11.327 0.000 17.523 16.186 15.384 17.239 17.260 16.244 19.117 11.349 10.077 
