param n := 40;
param m := 5;
param L := 30;
param Q := 3;
param T := 480;
param t :
    1   2   3   4   5   6   7   8   9  10  11  12  13  14  15  16  17  18  19  20  21  22  23  24  25  26  27  28  29  30  31  32  33  34  35  36  37  38  39  40  41  42  43  44  45  46  47  48  49  50  51  52  53  54  55  56  57  58  59  60  61  62  63  64  65  66  67  68  69  70  71  72  73  74  75  76  77  78  79  80  81  82 :=
1 0.000 6.084 3.018 5.836 3.887 7.080 7.602 8.479 5.259 8.014 11.044 1.969 10.063 5.335 6.096 11.677 6.099 8.266 9.010 3.315 7.606 7.860 6.668 9.827 7.878 10.144 5.661 6.320 7.259 5.960 6.326 5.399 4.342 8.710 3.846 10.669 5.872 5.369 7.690 3.658 9.778 11.694 7.467 5.049 7.596 8.914 9.138 9.881 10.663 11.086 6.271 8.473 9.652 2.876 13.172 10.289 7.003 10.571 8.101 9.680 10.526 8.937 5.100 11.874 6.105 10.001 9.662 10.690 9.095 11.021 10.578 3.289 6.142 11.216 8.061 8.590 12.334 9.851 6.962 9.221 3.859 0.000 
2 6.084 0.000 5.418 10.695 7.607 12.112 3.559 5.462 6.693 9.579 13.167 8.034 14.006 6.968 10.210 13.265 8.581 11.755 4.886 9.108 10.755 11.737 10.720 11.245 7.477 9.455 1.207 3.340 2.438 4.010 0.623 1.504 9.201 11.893 9.399 11.709 9.567 9.714 3.162 8.028 11.751 5.757 3.620 7.695 13.565 13.364 15.222 9.474 4.579 13.770 11.952 4.598 11.153 5.650 14.923 10.998 0.992 16.605 14.052 13.596 4.446 5.164 10.731 13.348 3.201 12.446 15.275 14.369 8.215 12.258 12.656 6.173 12.120 5.387 11.756 7.103 13.619 5.808 11.846 15.012 6.754 6.084 
3 3.018 5.418 0.000 8.821 6.799 6.728 8.189 9.609 7.688 10.677 8.682 4.480 13.080 2.466 9.110 14.448 3.664 6.552 9.674 6.074 10.557 6.416 9.683 7.169 4.861 12.257 5.627 7.191 7.429 3.428 5.907 5.523 3.864 11.682 6.715 7.928 8.854 8.387 5.711 6.656 12.586 11.118 5.248 7.805 8.746 11.911 10.846 6.882 9.659 14.029 8.945 6.091 12.357 5.350 15.997 12.822 6.405 11.853 10.399 12.698 9.456 6.461 7.861 14.625 6.962 12.895 12.281 13.706 6.078 13.703 8.184 5.903 7.389 10.792 6.486 5.618 15.053 10.600 6.443 9.911 6.566 3.018 
4 5.836 10.695 8.821 0.000 3.181 9.832 10.371 10.091 5.206 5.481 15.786 4.598 4.408 10.958 1.442 7.803 11.315 12.468 11.311 3.050 3.343 11.810 1.661 15.018 13.655 8.993 9.778 9.068 10.697 11.713 10.654 9.434 8.352 3.952 2.290 15.939 2.163 1.233 13.090 2.667 6.009 15.379 13.024 3.853 7.596 3.096 7.265 15.581 14.962 6.289 2.458 14.085 6.435 5.056 8.886 7.683 11.364 9.343 4.870 4.070 14.909 14.589 1.994 8.069 8.954 5.667 4.903 5.149 14.883 7.652 15.390 4.589 6.660 14.754 12.131 14.423 8.618 11.827 9.977 9.589 4.154 5.836 
5 3.887 7.607 6.799 3.181 0.000 10.004 7.231 7.149 2.395 4.303 14.856 3.831 6.592 9.199 2.634 7.821 9.970 11.882 8.256 3.259 3.762 11.369 3.178 13.708 11.610 7.106 6.634 5.908 7.518 9.157 7.520 6.288 7.734 4.902 2.919 14.555 2.131 2.110 10.202 0.785 5.910 12.204 10.234 1.398 9.002 5.777 9.498 13.673 11.791 7.230 5.055 11.318 5.859 1.976 9.291 6.671 8.224 11.408 7.502 6.187 11.744 11.852 3.965 8.029 5.785 6.117 8.031 7.100 12.796 7.233 14.403 1.436 7.718 11.585 11.622 12.152 8.508 8.849 10.014 10.950 0.989 3.887 
6 7.080 12.112 6.728 9.832 10.004 0.000 14.483 15.536 12.038 14.267 6.942 6.186 13.984 6.287 10.959 17.431 5.040 3.479 15.943 7.065 12.924 2.670 11.395 7.217 8.659 16.980 12.151 13.284 13.920 9.633 12.561 11.979 2.928 13.741 7.753 8.153 11.231 10.268 12.161 9.366 15.532 17.841 11.543 11.396 3.987 12.424 6.624 9.494 16.371 16.117 8.210 12.118 15.701 9.816 18.661 16.651 13.104 6.506 7.885 13.720 16.159 12.310 7.907 17.677 13.060 15.394 10.408 14.800 9.637 17.051 6.720 10.070 3.667 17.499 3.054 10.036 18.203 16.823 0.433 3.902 10.450 7.080 
7 7.602 3.559 8.189 10.371 7.231 14.483 0.000 1.966 5.333 7.465 16.508 9.255 12.699 10.173 9.453 10.742 11.704 14.737 1.485 9.798 9.322 14.594 9.842 14.664 11.005 6.318 2.691 1.361 1.200 7.538 2.946 2.698 11.578 10.329 9.814 15.184 8.665 9.191 6.505 7.905 9.548 5.100 7.089 6.661 15.109 12.454 16.274 13.026 5.262 11.749 12.223 7.968 8.783 5.713 12.367 8.277 3.104 17.953 14.598 12.306 5.333 8.512 11.058 10.768 1.541 10.414 15.257 12.869 11.772 9.655 15.996 5.958 13.665 4.436 14.674 10.660 10.937 2.413 14.290 16.811 6.242 7.602 
8 8.479 5.462 9.609 10.091 7.149 15.536 1.966 0.000 4.886 6.255 18.134 9.876 11.764 11.764 8.971 9.157 13.225 16.137 1.516 10.110 8.441 15.921 9.268 16.361 12.824 4.474 4.462 2.433 3.166 9.373 4.866 4.375 12.695 9.322 9.977 16.929 8.148 8.864 8.467 7.904 8.183 6.241 9.037 6.241 15.696 11.753 16.567 14.880 6.873 10.428 12.197 9.930 7.341 6.078 10.739 6.634 5.068 18.379 14.651 11.392 6.993 10.476 11.110 9.151 2.658 9.124 14.981 11.819 13.643 8.048 17.624 6.129 14.286 5.540 16.036 12.554 9.263 1.745 15.387 17.507 6.198 8.479 
9 5.259 6.693 7.688 5.206 2.395 12.038 5.333 4.886 0.000 3.097 16.226 5.889 7.471 10.153 4.145 6.927 11.210 13.525 6.131 5.612 4.123 13.102 4.512 14.845 12.184 4.945 5.540 4.150 5.901 9.242 6.422 5.208 9.521 5.228 5.314 15.616 3.342 3.981 9.678 3.179 5.204 10.428 9.895 1.363 11.357 7.124 11.887 14.313 10.331 7.101 7.356 10.977 4.784 2.401 8.551 5.134 7.059 13.803 9.827 7.067 10.334 11.540 6.324 7.070 4.099 5.794 10.101 7.744 13.285 6.077 15.746 1.992 10.037 9.768 13.314 12.464 7.451 6.621 11.996 13.282 1.621 5.259 
10 8.014 9.579 10.677 5.481 4.303 14.267 7.465 6.255 3.097 0.000 19.058 8.124 5.607 13.141 4.042 3.830 14.094 16.168 7.751 7.301 2.552 15.668 4.006 17.786 15.263 3.607 8.384 6.600 8.333 12.336 9.225 8.075 12.035 3.153 6.734 18.588 3.370 4.431 12.657 4.902 2.172 12.427 12.925 2.977 12.833 5.922 12.744 17.388 12.715 4.292 7.938 13.997 1.692 5.327 5.456 2.385 9.796 14.811 10.325 5.264 12.767 14.565 7.263 3.978 6.629 2.953 9.816 5.580 16.375 3.026 18.592 4.785 11.690 11.731 15.916 15.561 4.380 7.900 14.295 14.828 4.160 8.014 
11 11.044 13.167 8.682 15.786 14.856 6.942 16.508 18.134 16.226 19.058 0.000 11.327 20.168 6.373 16.603 22.677 5.035 3.512 17.954 12.747 18.399 4.305 17.128 2.121 6.161 20.927 13.820 15.702 15.541 9.291 13.774 13.822 7.435 19.403 13.508 2.341 16.624 15.854 11.487 14.452 20.761 18.037 10.694 16.088 10.917 18.704 13.537 5.200 16.137 21.831 14.694 10.625 20.687 13.828 24.116 21.321 14.013 13.103 14.762 19.849 15.862 10.478 14.094 22.885 15.480 20.876 17.255 20.932 6.227 22.059 0.512 14.309 10.516 17.954 3.924 7.312 23.358 18.892 6.577 10.388 14.902 11.044 
12 1.969 8.034 4.480 4.598 3.831 6.186 9.255 9.876 5.889 8.124 11.327 0.000 8.998 6.408 5.278 11.485 6.722 8.169 10.594 1.625 7.094 7.605 5.810 10.442 9.179 10.815 7.537 7.921 9.047 7.735 8.246 7.255 3.985 8.076 2.337 11.353 5.324 4.528 9.616 3.247 9.564 13.579 9.348 5.215 5.859 7.668 7.203 11.034 12.611 10.505 4.471 10.322 9.627 3.836 12.848 10.500 8.935 8.728 6.149 8.647 12.479 10.759 3.386 11.713 7.721 9.584 7.832 9.712 10.413 10.995 10.906 3.970 4.425 13.077 7.880 10.072 12.217 11.379 6.184 7.631 4.281 1.969 
13 10.063 14.006 13.080 4.408 6.592 13.984 12.699 11.764 7.471 5.607 20.168 8.998 0.000 15.308 4.010 5.341 15.719 16.808 13.219 7.456 3.377 16.122 3.440 19.427 17.940 8.916 12.919 11.603 13.364 15.724 13.814 12.576 12.735 2.457 6.698 20.346 4.485 4.703 16.762 6.489 4.400 17.782 16.822 6.318 11.135 1.599 9.917 19.914 17.799 3.025 5.836 17.908 5.287 8.535 5.685 6.679 14.481 11.997 7.309 0.410 17.805 18.443 6.118 5.616 11.564 3.445 5.604 0.842 19.158 5.835 19.780 7.944 10.531 17.101 16.456 18.618 6.130 13.457 14.176 13.013 7.297 10.063 
14 5.335 6.968 2.466 10.958 9.199 6.287 10.173 11.764 10.153 13.141 6.373 6.408 15.308 0.000 11.398 16.902 1.644 4.881 11.636 8.031 12.939 5.020 11.965 4.728 2.863 14.668 7.498 9.330 9.259 3.541 7.548 7.477 4.049 14.045 8.740 5.464 11.207 10.658 6.082 8.990 15.031 12.308 5.387 10.254 9.293 14.050 11.709 4.627 10.596 16.419 10.709 5.855 14.819 7.814 18.441 15.286 7.886 12.318 11.775 14.937 10.351 6.025 9.743 17.083 9.108 15.313 13.907 15.972 4.079 16.167 5.864 8.362 8.139 12.101 4.955 4.025 17.515 12.574 5.901 10.003 9.018 5.335 
15 6.096 10.210 9.110 1.442 2.634 10.959 9.453 8.971 4.145 4.042 16.603 5.278 4.010 11.398 0.000 6.507 11.940 13.388 10.270 3.939 1.990 12.772 0.574 15.683 13.970 7.578 9.196 8.208 9.910 11.717 10.089 8.849 9.214 2.818 3.213 16.577 0.827 0.752 12.835 2.480 4.657 14.529 12.857 2.794 8.971 3.154 8.707 15.975 14.276 5.242 3.899 13.938 5.022 4.609 7.704 6.247 10.783 10.784 6.289 3.614 14.248 14.467 3.339 6.764 8.122 4.436 6.059 4.597 15.181 6.274 16.184 4.046 7.961 13.881 13.073 14.616 7.305 10.717 11.068 10.969 3.462 6.096 
16 11.677 13.265 14.448 7.803 7.821 17.431 10.742 9.157 6.927 3.830 22.677 11.485 5.341 16.902 6.507 0.000 17.776 19.646 10.659 10.368 4.519 19.089 6.147 21.499 19.083 4.990 12.059 10.110 11.755 16.161 12.861 11.768 15.467 3.920 9.682 22.324 6.206 7.168 16.388 8.258 1.922 15.370 16.695 6.651 15.388 6.559 14.718 21.204 15.972 2.388 10.077 17.758 2.148 9.112 1.658 2.539 13.379 16.834 12.119 5.236 16.063 18.327 9.793 0.282 10.180 2.179 10.826 4.760 20.202 1.115 22.224 8.545 14.452 14.670 19.364 19.391 0.834 10.535 17.516 17.372 7.885 11.677 
17 6.099 8.581 3.664 11.315 9.970 5.040 11.704 13.225 11.210 14.094 5.035 6.722 15.719 1.644 11.940 17.776 0.000 3.238 13.178 8.285 13.624 3.424 12.491 3.749 3.623 15.893 9.052 10.794 10.832 5.162 9.151 9.007 3.445 14.683 9.033 4.638 11.857 11.188 7.685 9.645 15.874 13.952 6.966 11.143 8.465 14.362 11.010 4.762 12.231 17.095 10.703 7.343 15.744 8.820 19.262 16.323 9.511 11.367 11.430 15.369 11.984 7.449 9.869 17.973 10.569 16.063 13.720 16.432 4.659 17.110 4.544 9.320 7.484 13.745 3.330 4.996 18.431 14.114 4.624 8.897 9.934 6.099 
18 8.266 11.755 6.552 12.468 11.882 3.479 14.737 16.137 13.525 16.168 3.512 8.169 16.808 4.881 13.388 19.646 3.238 0.000 16.221 9.469 15.256 0.809 13.889 3.844 6.296 18.392 12.137 13.732 13.935 8.393 12.308 12.058 4.186 16.204 10.222 4.740 13.491 12.649 10.900 11.390 17.724 17.188 10.165 13.194 7.466 15.311 10.103 6.531 15.468 18.629 11.234 10.457 17.739 11.139 21.017 18.499 12.704 9.858 11.251 16.504 15.219 10.500 10.700 19.870 13.504 17.749 13.743 17.590 6.996 19.113 3.250 11.547 7.006 16.972 0.425 7.700 20.366 17.150 3.091 7.164 12.074 8.266 
19 9.010 4.886 9.674 11.311 8.256 15.943 1.485 1.516 6.131 7.751 17.954 10.594 13.219 11.636 10.270 10.659 13.178 16.221 0.000 11.023 9.873 16.079 10.604 16.086 12.362 5.891 4.138 2.691 2.448 8.895 4.263 4.172 13.044 10.789 10.975 16.581 9.456 10.098 7.623 8.976 9.697 4.725 8.271 7.494 16.453 13.141 17.510 14.345 5.456 11.942 13.305 9.068 8.857 6.929 12.229 8.129 4.259 19.244 15.724 12.841 5.600 9.588 12.173 10.645 2.906 10.635 16.214 13.299 13.075 9.547 17.442 7.092 15.017 4.024 16.159 11.937 10.741 0.939 15.757 18.191 7.276 9.010 
20 3.315 9.108 6.074 3.050 3.259 7.065 9.798 10.110 5.612 7.301 12.747 1.625 7.456 8.031 3.939 10.368 8.285 9.469 11.023 0.000 5.873 8.839 4.423 11.974 10.803 10.349 8.447 8.437 9.778 9.248 9.234 8.134 5.319 6.754 0.761 12.899 4.167 3.221 10.988 2.501 8.468 14.429 10.781 4.622 5.747 6.078 6.487 12.655 13.639 9.170 2.957 11.787 8.659 4.096 11.632 9.680 9.943 8.272 4.952 7.120 13.533 12.246 1.798 10.613 8.262 8.358 6.348 8.197 12.037 9.997 12.346 3.981 4.463 13.880 9.146 11.682 11.138 11.728 7.150 7.690 4.025 3.315 
21 7.606 10.755 10.557 3.343 3.762 12.924 9.322 8.441 4.123 2.552 18.399 7.094 3.377 12.939 1.990 4.519 13.624 15.256 9.873 5.873 0.000 14.666 1.691 17.373 15.372 6.144 9.633 8.234 9.997 12.832 10.523 9.294 11.071 1.166 5.171 18.242 1.776 2.656 13.626 3.979 2.673 14.408 13.755 3.088 10.934 3.398 10.513 17.434 14.434 3.481 5.736 14.845 3.121 5.521 5.768 4.441 11.173 12.615 7.997 2.985 14.446 15.395 5.308 4.775 8.201 2.494 7.290 3.624 16.555 4.309 17.965 4.910 9.948 13.729 14.956 15.891 5.315 10.156 13.021 12.929 4.221 7.606 
22 7.860 11.737 6.416 11.810 11.369 2.670 14.594 15.921 13.102 15.668 4.305 7.605 16.122 5.020 12.772 19.089 3.424 0.809 16.079 8.839 14.666 0.000 13.262 4.611 6.751 18.003 12.040 13.539 13.843 8.561 12.268 11.939 3.635 15.589 9.585 5.524 12.909 12.040 11.098 10.845 17.168 17.268 10.387 12.704 6.656 14.610 9.294 7.172 15.602 18.009 10.501 10.756 17.215 10.735 20.432 18.017 12.702 9.073 10.459 15.825 15.362 10.838 10.006 19.318 13.310 17.159 12.958 16.912 7.542 18.587 4.057 11.114 6.213 17.021 0.385 8.163 19.821 17.000 2.283 6.388 11.614 7.860 
23 6.668 10.720 9.683 1.661 3.178 11.395 9.842 9.268 4.512 4.006 17.128 5.810 3.440 11.965 0.574 6.147 12.491 13.889 10.604 4.423 1.691 13.262 0.000 16.231 14.543 7.597 9.688 8.624 10.344 12.285 10.583 9.341 9.724 2.346 3.681 17.129 1.186 1.309 13.378 3.053 4.349 14.932 13.410 3.191 9.258 2.660 8.837 16.546 14.732 4.749 4.048 14.493 4.805 5.146 7.272 6.094 11.271 10.934 6.350 3.041 14.711 15.024 3.647 6.411 8.548 4.026 5.886 4.024 15.754 5.997 16.713 4.573 8.307 14.277 13.569 15.190 6.959 11.013 11.517 11.249 3.966 6.668 
24 9.827 11.245 7.169 15.018 13.708 7.217 14.664 16.361 14.845 17.786 2.121 10.442 19.427 4.728 15.683 21.499 3.749 3.844 16.086 11.974 17.373 4.611 16.231 0.000 4.060 19.395 11.974 13.941 13.652 7.298 11.860 12.005 6.839 18.432 12.730 0.966 15.606 14.931 9.409 13.394 19.604 15.964 8.614 14.855 11.151 18.038 13.792 3.170 14.048 20.845 14.235 8.511 19.449 12.478 22.999 19.977 12.053 13.681 14.658 19.083 13.771 8.357 13.488 21.692 13.724 19.809 17.068 20.152 4.118 20.810 1.679 13.002 10.484 15.901 4.251 5.191 22.142 17.021 6.799 10.999 13.634 9.827 
25 7.878 7.477 4.861 13.655 11.610 8.659 11.005 12.824 12.184 15.263 6.161 9.179 17.940 2.863 13.970 19.083 3.623 6.296 12.362 10.803 15.372 6.751 14.543 4.060 0.000 16.300 8.363 10.471 9.915 3.469 8.099 8.459 6.819 16.510 11.489 4.317 13.694 13.247 5.361 11.509 17.270 11.915 4.566 12.512 12.009 16.750 14.492 2.137 9.989 18.826 13.544 4.472 16.954 9.996 20.674 17.252 8.193 14.965 14.636 17.558 9.711 4.372 12.547 19.241 10.271 17.654 16.765 18.567 1.234 18.261 5.683 10.587 10.927 11.871 6.541 1.411 19.634 13.283 8.239 12.520 11.273 7.878 
26 10.144 9.455 12.257 8.993 7.106 16.980 6.318 4.474 4.945 3.607 20.927 10.815 8.916 14.668 7.578 4.990 15.893 18.392 5.891 10.349 6.144 18.003 7.597 19.395 16.300 0.000 8.290 6.114 7.469 13.004 8.932 8.078 14.449 6.556 9.905 20.092 6.834 7.858 12.601 7.849 4.629 10.515 13.067 5.727 16.058 9.460 16.210 18.427 11.334 6.774 11.432 14.050 3.697 7.269 6.448 2.507 9.298 18.241 13.862 8.625 11.463 14.614 10.641 4.920 6.261 5.655 13.423 8.697 17.273 3.890 20.433 6.929 14.813 9.822 18.200 16.288 4.927 5.628 16.941 18.028 6.534 10.144 
27 5.661 1.207 5.627 9.778 6.634 12.151 2.691 4.462 5.540 8.384 13.820 7.537 12.919 7.498 9.196 12.059 9.052 12.137 4.138 8.447 9.633 12.040 9.688 11.974 8.363 8.290 0.000 2.191 1.803 4.912 0.896 0.347 9.224 10.760 8.659 12.504 8.519 8.742 4.361 7.121 10.556 6.042 4.780 6.601 13.249 12.344 14.735 10.419 5.226 12.593 11.199 5.784 9.950 4.726 13.717 9.793 1.590 16.230 13.395 12.510 5.149 6.353 9.982 12.142 2.030 11.265 14.467 13.255 9.189 11.051 13.308 5.201 11.795 5.556 12.097 8.120 12.412 5.077 11.921 14.806 5.735 5.661 
28 6.320 3.340 7.191 9.068 5.908 13.284 1.361 2.433 4.150 6.600 15.702 7.921 11.603 9.330 8.208 10.110 10.794 13.732 2.691 8.437 8.234 13.539 8.624 13.941 10.471 6.114 2.191 0.000 1.765 7.053 2.831 2.025 10.402 9.291 8.455 14.524 7.440 7.906 6.491 6.565 8.747 6.324 6.956 5.433 13.779 11.261 14.915 12.555 6.202 10.886 10.875 7.936 8.056 4.352 11.761 7.749 3.277 16.603 13.241 11.203 6.223 8.501 9.704 10.169 0.229 9.545 13.939 11.830 11.343 9.063 15.192 4.609 12.339 5.688 13.643 10.294 10.399 3.541 13.110 15.503 4.922 6.320 
29 7.259 2.438 7.429 10.697 7.518 13.920 1.200 3.166 5.901 8.333 15.541 9.047 13.364 9.259 9.910 11.755 10.832 13.935 2.448 9.778 9.997 13.843 10.344 13.652 9.915 7.469 1.803 1.765 0.000 6.447 1.816 1.941 10.995 11.055 9.887 14.137 9.158 9.567 5.308 8.122 10.463 4.701 5.904 7.157 14.848 12.992 16.190 11.906 4.438 12.624 12.374 6.770 9.742 5.796 13.396 9.332 1.905 17.774 14.676 12.963 4.459 7.313 11.177 11.797 1.803 11.285 15.526 13.594 10.641 10.685 15.030 6.148 13.395 4.113 13.898 9.513 11.994 3.374 13.699 16.468 6.546 7.259 
30 5.960 4.010 3.428 11.713 9.157 9.633 7.538 9.373 9.242 12.336 9.291 7.735 15.724 3.541 11.717 16.161 5.162 8.393 8.895 9.248 12.832 8.561 12.285 7.298 3.469 13.004 4.912 7.053 6.447 0.000 4.632 5.030 7.006 13.996 9.806 7.714 11.289 11.056 2.551 9.251 14.435 8.855 1.913 9.809 12.108 14.731 14.269 5.508 7.079 16.185 12.189 2.664 14.013 7.313 17.792 14.158 4.763 15.210 13.786 15.323 6.828 3.043 11.045 16.293 6.862 14.939 15.565 16.257 4.291 15.264 8.785 7.923 10.785 8.708 8.490 3.288 16.646 9.818 9.280 13.131 8.615 5.960 
31 6.326 0.623 5.907 10.654 7.520 12.561 2.946 4.866 6.422 9.225 13.774 8.246 13.814 7.548 10.089 12.861 9.151 12.308 4.263 9.234 10.523 12.268 10.583 11.860 8.099 8.932 0.896 2.831 1.816 4.632 0.000 1.242 9.640 11.646 9.478 12.330 9.415 9.629 3.669 7.992 11.396 5.394 4.182 7.497 13.873 13.238 15.449 10.093 4.406 13.455 12.025 5.124 10.767 5.598 14.517 10.552 0.716 16.888 14.185 13.405 4.310 5.685 10.806 12.935 2.714 12.123 15.314 14.146 8.832 11.837 13.263 6.085 12.422 4.971 12.298 7.715 13.188 5.186 12.307 15.369 6.628 6.326 
32 5.399 1.504 5.523 9.434 6.288 11.979 2.698 4.375 5.208 8.075 13.822 7.255 12.576 7.477 8.849 11.768 9.007 12.058 4.172 8.134 9.294 11.939 9.341 12.005 8.459 8.078 0.347 2.025 1.941 5.030 1.242 0.000 9.054 10.424 8.334 12.557 8.173 8.396 4.630 6.779 10.247 6.327 5.013 6.258 12.994 11.997 14.446 10.535 5.559 12.272 10.871 6.036 9.652 4.384 13.426 9.524 1.936 15.961 13.079 12.167 5.487 6.606 9.655 11.855 1.841 10.946 14.131 12.916 9.319 10.768 13.310 4.856 11.540 5.824 12.006 8.271 12.133 5.107 11.758 14.573 5.388 5.399 
33 4.342 9.201 3.864 8.352 7.734 2.928 11.578 12.695 9.521 12.035 7.435 3.985 12.735 4.049 9.214 15.467 3.445 4.186 13.044 5.319 11.071 3.635 9.724 6.839 6.819 14.449 9.224 10.402 10.995 7.006 9.640 9.054 0.000 12.028 6.078 7.795 9.305 8.472 9.468 7.214 13.545 14.943 8.913 9.075 5.247 11.286 7.675 8.198 13.522 14.455 7.397 9.606 13.581 7.189 16.831 14.388 10.193 8.298 7.986 12.414 13.320 9.872 6.690 15.693 10.176 13.564 10.302 13.497 7.969 14.953 7.045 7.529 4.109 14.587 3.898 8.065 16.193 13.934 2.713 6.125 8.003 4.342 
34 8.710 11.893 11.682 3.952 4.902 13.741 10.329 9.322 5.228 3.153 19.403 8.076 2.457 14.045 2.818 3.920 14.683 16.204 10.789 6.754 1.166 15.589 2.346 18.432 16.510 6.556 10.760 9.291 11.055 13.996 11.646 10.424 12.028 0.000 6.019 19.312 2.839 3.556 14.784 5.059 2.347 15.389 14.919 4.248 11.492 2.963 10.814 18.563 15.491 2.429 6.160 16.009 3.087 6.686 4.935 4.500 12.287 12.929 8.228 2.112 15.513 16.560 5.944 4.196 9.270 1.744 7.159 2.541 17.698 3.995 18.978 6.075 10.608 14.703 15.891 17.046 4.750 11.006 13.863 13.468 5.387 8.710 
35 3.846 9.399 6.715 2.290 2.919 7.753 9.814 9.977 5.314 6.734 13.508 2.337 6.698 8.740 3.213 9.682 9.033 10.222 10.975 0.761 5.171 9.585 3.681 12.730 11.489 9.905 8.659 8.455 9.887 9.806 9.478 8.334 6.078 6.019 0.000 13.653 3.506 2.515 11.440 2.135 7.794 14.572 11.275 4.205 6.154 5.335 6.600 13.367 13.879 8.429 2.553 12.300 8.028 4.109 10.916 9.098 10.192 8.489 4.793 6.360 13.787 12.774 1.332 9.931 8.294 7.645 5.908 7.436 12.722 9.350 13.107 3.883 4.958 14.000 9.895 12.332 10.462 11.637 7.856 8.132 3.796 3.846 
36 10.669 11.709 7.928 15.939 14.555 8.153 15.184 16.929 15.616 18.588 2.341 11.353 20.346 5.464 16.577 22.324 4.638 4.740 16.581 12.899 18.242 5.524 17.129 0.966 4.317 20.092 12.504 14.524 14.137 7.714 12.330 12.557 7.795 19.312 13.653 0.000 16.481 15.825 9.660 14.264 20.437 16.200 8.866 15.674 12.100 18.970 14.743 2.940 14.247 21.718 15.190 8.645 20.259 13.267 23.838 20.750 12.474 14.596 15.624 19.999 13.965 8.431 14.430 22.512 14.312 20.665 18.034 21.065 4.091 21.614 2.056 13.803 11.447 16.177 5.155 5.254 22.954 17.511 7.738 11.903 14.446 10.669 
37 5.872 9.567 8.854 2.163 2.131 11.231 8.665 8.148 3.342 3.370 16.624 5.324 4.485 11.207 0.827 6.206 11.857 13.491 9.456 4.167 1.776 12.909 1.186 15.606 13.694 6.834 8.519 7.440 9.158 11.289 9.415 8.173 9.305 2.839 3.506 16.481 0.000 1.065 12.278 2.221 4.301 13.752 12.340 2.008 9.495 3.842 9.392 15.735 13.548 5.238 4.599 13.426 4.530 4.051 7.526 5.664 10.100 11.448 7.032 4.076 13.528 13.965 3.896 6.448 7.363 4.260 6.884 4.970 14.890 5.844 16.190 3.459 8.407 13.098 13.195 14.271 6.972 9.893 11.311 11.494 2.822 5.872 
38 5.369 9.714 8.387 1.233 2.110 10.268 9.191 8.864 3.981 4.431 15.854 4.528 4.703 10.658 0.752 7.168 11.188 12.649 10.098 3.221 2.656 12.040 1.309 14.931 13.247 7.858 8.742 7.906 9.567 11.056 9.629 8.396 8.472 3.556 2.515 15.825 1.065 0.000 12.253 1.807 5.287 14.228 12.246 2.623 8.433 3.710 8.353 15.242 13.882 5.984 3.582 13.322 5.573 4.071 8.411 6.728 10.332 10.398 6.042 4.315 13.841 13.844 2.832 7.419 7.802 5.137 6.121 5.322 14.462 6.868 15.434 3.546 7.362 13.594 12.338 13.915 7.952 10.602 10.366 10.432 3.032 5.369 
39 7.690 3.162 5.711 13.090 10.202 12.161 6.505 8.467 9.678 12.657 11.487 9.616 16.762 6.082 12.835 16.388 7.685 10.900 7.623 10.988 13.626 11.098 13.378 9.409 5.361 12.601 4.361 6.491 5.308 2.551 3.669 4.630 9.468 14.784 11.440 9.660 12.278 12.253 0.000 10.473 14.823 6.555 0.795 10.538 14.456 15.961 16.488 7.036 4.659 16.778 13.940 1.464 14.263 8.234 18.045 14.152 3.403 17.562 15.762 16.353 4.390 2.017 12.745 16.480 6.359 15.470 17.329 17.197 5.739 15.396 10.996 8.819 13.086 6.519 11.014 4.538 16.762 8.473 11.815 15.583 9.469 7.690 
40 3.658 8.028 6.656 2.667 0.785 9.366 7.905 7.904 3.179 4.902 14.452 3.247 6.489 8.990 2.480 8.258 9.645 11.390 8.976 2.501 3.979 10.845 3.053 13.394 11.509 7.849 7.121 6.565 8.122 9.251 7.992 6.779 7.214 5.059 2.135 14.264 2.221 1.807 10.473 0.000 6.336 12.821 10.449 2.121 8.233 5.507 8.717 13.534 12.323 7.455 4.330 11.522 6.380 2.395 9.665 7.286 8.704 10.623 6.755 6.093 12.262 12.042 3.208 8.480 6.428 6.430 7.404 7.070 12.715 7.748 14.010 1.974 6.964 12.215 11.113 12.137 8.978 9.592 9.396 10.188 1.708 3.658 
41 9.778 11.751 12.586 6.009 5.910 15.532 9.548 8.183 5.204 2.172 20.761 9.564 4.400 15.031 4.657 1.922 15.874 17.724 9.697 8.468 2.673 17.168 4.349 19.604 17.270 4.629 10.556 8.747 10.463 14.435 11.396 10.247 13.545 2.347 7.794 20.437 4.301 5.287 14.823 6.336 0.000 14.415 15.079 4.780 13.605 5.267 13.094 19.381 14.809 2.250 8.364 16.155 0.932 7.276 3.411 2.280 11.962 15.206 10.531 4.167 14.873 16.721 7.981 2.151 8.785 1.026 9.500 4.087 18.407 1.668 20.311 6.695 12.618 13.715 17.443 17.631 2.671 9.732 15.611 15.598 6.021 9.778 
42 11.694 5.757 11.118 15.379 12.204 17.841 5.100 6.241 10.428 12.427 18.037 13.579 17.782 12.308 14.529 15.370 13.952 17.188 4.725 14.429 14.408 17.268 14.932 15.964 11.915 10.515 6.042 6.324 4.701 8.855 5.394 6.327 14.943 15.389 14.572 16.200 13.752 14.228 6.555 12.821 14.415 0.000 7.351 11.744 19.263 17.552 20.773 13.486 2.019 16.654 17.070 7.614 13.581 10.493 16.922 12.834 4.771 22.265 19.353 17.392 2.308 7.944 15.870 15.348 6.427 15.339 20.223 17.922 12.203 14.256 17.543 10.847 17.811 0.701 17.243 11.000 15.420 4.894 17.561 20.758 11.225 11.694 
43 7.467 3.620 5.248 13.024 10.234 11.543 7.089 9.037 9.895 12.925 10.694 9.348 16.822 5.387 12.857 16.695 6.966 10.165 8.271 10.781 13.755 10.387 13.410 8.614 4.566 13.067 4.780 6.956 5.904 1.913 4.182 5.013 8.913 14.919 11.275 8.866 12.340 12.246 0.795 10.449 15.079 7.351 0.000 10.673 13.980 15.955 16.084 6.265 5.448 16.979 13.738 1.090 14.558 8.290 18.349 14.518 4.017 17.085 15.471 16.415 5.176 1.646 12.560 16.799 6.806 15.686 17.129 17.290 4.967 15.728 10.203 8.889 12.636 7.311 10.291 3.773 17.102 9.141 11.187 15.038 9.557 7.467 
44 5.049 7.695 7.805 3.853 1.398 11.396 6.661 6.241 1.363 2.977 16.088 5.215 6.318 10.254 2.794 6.651 11.143 13.194 7.494 4.622 3.088 12.704 3.191 14.855 12.512 5.727 6.601 5.433 7.157 9.809 7.497 6.258 9.075 4.248 4.205 15.674 2.008 2.623 10.538 2.121 4.780 11.744 10.673 0.000 10.343 5.835 10.688 14.614 11.560 6.378 6.065 11.762 4.602 2.523 8.192 5.313 8.166 12.652 8.543 5.909 11.547 12.315 5.091 6.838 5.358 5.153 8.742 6.680 13.665 5.972 15.625 1.925 9.085 11.092 12.947 12.935 7.288 7.980 11.398 12.305 1.242 5.049 
45 7.596 13.565 8.746 7.596 9.002 3.987 15.109 15.696 11.357 12.833 10.917 5.859 11.135 9.293 8.971 15.388 8.465 7.466 16.453 5.747 10.934 6.656 9.258 11.151 12.009 16.058 13.249 13.779 14.848 12.108 13.873 12.994 5.247 11.492 6.154 12.100 9.495 8.433 14.456 8.233 13.605 19.263 13.980 10.343 0.000 9.536 2.643 13.172 18.105 13.684 5.375 14.756 13.988 9.620 16.375 15.159 14.523 3.107 4.207 10.949 17.939 15.059 5.632 15.657 13.578 13.231 6.722 11.977 13.113 15.241 10.706 9.633 1.454 18.803 7.041 13.294 16.208 17.231 4.380 1.999 9.757 7.596 
46 8.914 13.364 11.911 3.096 5.777 12.424 12.454 11.753 7.124 5.922 18.704 7.668 1.599 14.050 3.154 6.559 14.362 15.311 13.141 6.078 3.398 14.610 2.660 18.038 16.750 9.460 12.344 11.261 12.992 14.731 13.238 11.997 11.286 2.963 5.335 18.970 3.842 3.710 15.961 5.507 5.267 17.552 15.955 5.835 9.536 0.000 8.370 18.675 17.389 4.405 4.247 17.029 6.048 7.753 7.129 7.462 13.929 10.466 5.754 1.448 17.370 17.549 4.613 6.841 11.192 4.464 4.272 2.441 17.978 6.860 18.328 7.199 8.943 16.889 14.951 17.504 7.381 13.486 12.628 11.418 6.614 8.914 
47 9.138 15.222 10.846 7.265 9.498 6.624 16.274 16.567 11.887 12.744 13.537 7.203 9.917 11.709 8.707 14.718 11.010 10.103 17.510 6.487 10.513 9.294 8.837 13.792 14.492 16.210 14.735 14.915 16.190 14.269 15.449 14.446 7.675 10.814 6.600 14.743 9.392 8.353 16.488 8.717 13.094 20.773 16.084 10.688 2.643 8.370 0.000 15.750 19.801 12.744 4.808 16.933 13.633 10.583 15.476 14.929 16.135 2.116 2.619 9.818 19.661 17.279 5.602 14.998 14.735 12.541 4.740 10.745 15.628 14.762 13.337 10.446 3.571 20.258 9.678 15.733 15.552 18.207 7.021 3.628 10.395 9.138 
48 9.881 9.474 6.882 15.581 13.673 9.494 13.026 14.880 14.313 17.388 5.200 11.034 19.914 4.627 15.975 21.204 4.762 6.531 14.345 12.655 17.434 7.172 16.546 3.170 2.137 18.427 10.419 12.555 11.906 5.508 10.093 10.535 8.198 18.563 13.367 2.940 15.735 15.242 7.036 13.534 19.381 13.486 6.265 14.614 13.172 18.675 15.750 0.000 11.499 20.900 15.287 5.874 19.079 12.105 22.788 19.388 10.121 15.976 16.170 19.539 11.213 5.595 14.353 21.364 12.360 19.745 18.410 20.564 1.298 20.390 4.816 12.690 12.241 13.521 6.874 2.499 21.762 15.253 9.061 13.394 13.373 9.881 
49 10.663 4.579 9.659 14.962 11.791 16.371 5.262 6.873 10.331 12.715 16.137 12.611 17.799 10.596 14.276 15.972 12.231 15.468 5.456 13.639 14.434 15.602 14.732 14.048 9.989 11.334 5.226 6.202 4.438 7.079 4.406 5.559 13.522 15.491 13.879 14.247 13.548 13.882 4.659 12.323 14.809 2.019 5.448 11.560 18.105 17.389 19.801 11.499 0.000 17.004 16.423 5.625 14.041 9.933 17.581 13.475 3.696 21.163 18.590 17.397 0.289 5.936 15.205 15.985 6.234 15.667 19.690 18.031 10.222 14.874 15.649 10.373 16.668 2.258 15.551 9.022 16.122 5.930 16.064 19.485 10.851 10.663 
50 11.086 13.770 14.029 6.289 7.230 16.117 11.749 10.428 7.101 4.292 21.831 10.505 3.025 16.419 5.242 2.388 17.095 18.629 11.942 9.170 3.481 18.009 4.749 20.845 18.826 6.774 12.593 10.886 12.624 16.185 13.455 12.272 14.455 2.429 8.429 21.718 5.238 5.984 16.778 7.455 2.250 16.654 16.979 6.378 13.684 4.405 12.744 20.900 17.004 0.000 8.309 18.064 3.143 8.891 2.732 4.297 14.049 14.850 10.125 2.991 17.058 18.625 8.254 2.649 10.907 1.340 8.607 2.381 20.000 3.121 21.405 8.284 12.893 15.955 18.313 19.302 3.134 11.982 16.252 15.630 7.590 11.086 
51 6.271 11.952 8.945 2.458 5.055 8.210 12.223 12.197 7.356 7.938 14.694 4.471 5.836 10.709 3.899 10.077 10.703 11.234 13.305 2.957 5.736 10.501 4.048 14.235 13.544 11.432 11.199 10.875 12.374 12.189 12.025 10.871 7.397 6.160 2.553 15.190 4.599 3.582 13.940 4.330 8.364 17.070 13.738 6.065 5.375 4.247 4.808 15.287 16.423 8.309 0.000 14.741 8.853 6.578 11.007 10.129 12.741 6.891 2.479 5.615 16.335 15.196 1.221 10.352 10.729 7.904 3.391 6.671 14.775 10.026 14.350 6.267 4.695 16.484 10.855 14.507 10.906 13.904 8.436 7.326 6.029 6.271 
52 8.473 4.598 6.091 14.085 11.318 12.118 7.968 9.930 10.977 13.997 10.625 10.322 17.908 5.855 13.938 17.758 7.343 10.457 9.068 11.787 14.845 10.756 14.493 8.511 4.472 14.050 5.784 7.936 6.770 2.664 5.124 6.036 9.606 16.009 12.300 8.645 13.426 13.322 1.464 11.522 16.155 7.614 1.090 11.762 14.756 17.029 16.933 5.874 5.625 18.064 14.741 0.000 15.623 9.378 19.412 15.558 4.865 17.853 16.417 17.501 5.340 0.570 13.573 17.857 7.798 16.769 18.129 18.378 4.598 16.782 10.152 9.977 13.444 7.672 10.624 3.401 18.153 9.905 11.743 15.719 10.646 8.473 
53 9.652 11.153 12.357 6.435 5.859 15.701 8.783 7.341 4.784 1.692 20.687 9.627 5.287 14.819 5.022 2.148 15.744 17.739 8.857 8.659 3.121 17.215 4.805 19.449 16.954 3.697 9.950 8.056 9.742 14.013 10.767 9.652 13.581 3.087 8.028 20.259 4.530 5.573 14.263 6.380 0.932 13.581 14.558 4.602 13.988 6.048 13.633 19.079 14.041 3.143 8.853 15.623 0.000 7.010 3.792 1.415 11.305 15.735 11.109 5.032 14.115 16.192 8.358 2.287 8.111 1.958 10.228 5.009 18.066 1.375 20.226 6.457 12.934 12.880 17.475 17.246 2.696 8.855 15.754 15.987 5.815 9.652 
54 2.876 5.650 5.350 5.056 1.976 9.816 5.713 6.078 2.401 5.327 13.828 3.836 8.535 7.814 4.609 9.112 8.820 11.139 6.929 4.096 5.521 10.735 5.146 12.478 9.996 7.269 4.726 4.352 5.796 7.313 5.598 4.384 7.189 6.686 4.109 13.267 4.051 4.071 8.234 2.395 7.276 10.493 8.290 2.523 9.620 7.753 10.583 12.105 9.933 8.891 6.578 9.378 7.010 0.000 10.684 7.505 6.310 12.329 8.902 8.127 9.869 9.918 5.384 9.283 4.187 7.677 9.769 9.003 11.143 8.353 13.350 0.611 8.217 9.907 10.937 10.413 9.705 7.650 9.740 11.449 1.303 2.876 
55 13.172 14.923 15.997 8.886 9.291 18.661 12.367 10.739 8.551 5.456 24.116 12.848 5.685 18.441 7.704 1.658 19.262 21.017 12.229 11.632 5.768 20.432 7.272 22.999 20.674 6.448 13.717 11.761 13.396 17.792 14.517 13.426 16.831 4.935 10.916 23.838 7.526 8.411 18.045 9.665 3.411 16.922 18.349 8.192 16.375 7.129 15.476 22.788 17.581 2.732 11.007 19.412 3.792 10.684 0.000 4.107 15.032 17.581 12.857 5.699 17.678 19.982 10.874 1.600 11.833 3.275 11.290 4.943 21.804 2.713 23.672 10.105 15.535 16.223 20.720 21.010 1.530 12.057 18.772 18.333 9.433 13.172 
56 10.289 10.998 12.822 7.683 6.671 16.651 8.277 6.634 5.134 2.385 21.321 10.500 6.679 15.286 6.247 2.539 16.323 18.499 8.129 9.680 4.441 18.017 6.094 19.977 17.252 2.507 9.793 7.749 9.332 14.158 10.552 9.524 14.388 4.500 9.098 20.750 5.664 6.728 14.152 7.286 2.280 12.834 14.518 5.313 15.159 7.462 14.929 19.388 13.475 4.297 10.129 15.558 1.415 7.505 4.107 0.000 11.026 17.020 12.435 6.435 13.576 16.128 9.552 2.517 7.842 3.278 11.629 6.353 18.318 1.423 20.847 7.012 14.047 12.135 18.258 17.432 2.663 7.997 16.676 17.158 6.435 10.289 
57 7.003 0.992 6.405 11.364 8.224 13.104 3.104 5.068 7.059 9.796 14.013 8.935 14.481 7.886 10.783 13.379 9.511 12.704 4.259 9.943 11.173 12.702 11.271 12.053 8.193 9.298 1.590 3.277 1.905 4.763 0.716 1.936 10.193 12.287 10.192 12.474 10.100 10.332 3.403 8.704 11.962 4.771 4.017 8.166 14.523 13.929 16.135 10.121 3.696 14.049 12.741 4.865 11.305 6.310 15.032 11.026 0.000 17.551 14.894 14.072 3.595 5.408 11.521 13.442 3.199 12.713 16.030 14.797 8.841 12.338 13.504 6.791 13.075 4.395 12.714 7.688 13.676 5.145 12.837 15.990 7.323 7.003 
58 10.571 16.605 11.853 9.343 11.408 6.506 17.953 18.379 13.803 14.811 13.103 8.728 11.997 12.318 10.784 16.834 11.367 9.858 19.244 8.272 12.615 9.073 10.934 13.681 14.965 18.241 16.230 16.603 17.774 15.210 16.888 15.961 8.298 12.929 8.489 14.596 11.448 10.398 17.562 10.623 15.206 22.265 17.085 12.652 3.107 10.466 2.116 15.976 21.163 14.850 6.891 17.853 15.735 12.329 17.581 17.020 17.551 0.000 4.727 11.911 21.004 18.148 7.602 17.113 16.412 14.656 6.663 12.819 16.025 16.874 12.980 12.252 4.504 21.784 9.441 16.284 17.667 19.979 6.937 2.715 12.266 10.571 
59 8.101 14.052 10.399 4.870 7.502 7.885 14.598 14.651 9.827 10.325 14.762 6.149 7.309 11.775 6.289 12.119 11.430 11.251 15.724 4.952 7.997 10.459 6.350 14.658 14.636 13.862 13.395 13.241 14.676 13.786 14.185 13.079 7.986 8.228 4.793 15.624 7.032 6.042 15.762 6.755 10.531 19.353 15.471 8.543 4.207 5.754 2.619 16.170 18.590 10.125 2.479 16.417 11.109 8.902 12.857 12.435 14.894 4.727 0.000 7.202 18.483 16.828 3.551 12.399 13.084 9.945 2.535 8.142 15.838 12.199 14.486 8.646 4.246 18.788 10.838 15.743 12.952 16.347 8.211 5.858 8.463 8.101 
60 9.680 13.596 12.698 4.070 6.187 13.720 12.306 11.392 7.067 5.264 19.849 8.647 0.410 14.937 3.614 5.236 15.369 16.504 12.841 7.120 2.985 15.825 3.041 19.083 17.558 8.625 12.510 11.203 12.963 15.323 13.405 12.167 12.414 2.112 6.360 19.999 4.076 4.315 16.353 6.093 4.167 17.392 16.415 5.909 10.949 1.448 9.818 19.539 17.397 2.991 5.615 17.501 5.032 8.127 5.699 6.435 14.072 11.911 7.202 0.000 17.402 18.037 5.831 5.514 11.163 3.250 5.620 1.087 18.774 5.659 19.456 7.535 10.302 16.713 16.156 18.226 6.042 13.091 13.904 12.848 6.887 9.680 
61 10.526 4.446 9.456 14.909 11.744 16.159 5.333 6.993 10.334 12.767 15.862 12.479 17.805 10.351 14.248 16.063 11.984 15.219 5.600 13.533 14.446 15.362 14.711 13.771 9.711 11.463 5.149 6.223 4.459 6.828 4.310 5.487 13.320 15.513 13.787 13.965 13.528 13.841 4.390 12.262 14.873 2.308 5.176 11.547 17.939 17.370 19.661 11.213 0.289 17.058 16.335 5.340 14.115 9.869 17.678 13.576 3.595 21.004 18.483 17.402 0.000 5.648 15.115 16.080 6.245 15.720 19.615 18.050 9.937 14.969 15.375 10.321 16.505 2.530 15.307 8.738 16.227 6.107 15.849 19.301 10.812 10.526 
62 8.937 5.164 6.461 14.589 11.852 12.310 8.512 10.476 11.540 14.565 10.478 10.759 18.443 6.025 14.467 18.327 7.449 10.500 9.588 12.246 15.395 10.838 15.024 8.357 4.372 14.614 6.353 8.501 7.313 3.043 5.685 6.606 9.872 16.560 12.774 8.431 13.965 13.844 2.017 12.042 16.721 7.944 1.646 12.315 15.059 17.549 17.279 5.595 5.936 18.625 15.196 0.570 16.192 9.918 19.982 16.128 5.408 18.148 16.828 18.037 5.648 0.000 14.037 18.427 8.365 17.331 18.580 18.921 4.347 17.352 10.017 10.520 13.769 8.043 10.687 3.180 18.723 10.415 11.925 15.965 11.192 8.937 
63 5.100 10.731 7.861 1.994 3.965 7.907 11.058 11.110 6.324 7.263 14.094 3.386 6.118 9.743 3.339 9.793 9.869 10.700 12.173 1.798 5.308 10.006 3.647 13.488 12.547 10.641 9.982 9.704 11.177 11.045 10.806 9.655 6.690 5.944 1.332 14.430 3.896 2.832 12.745 3.208 7.981 15.870 12.560 5.091 5.632 4.613 5.602 14.353 15.205 8.254 1.221 13.573 8.358 5.384 10.874 9.552 11.521 7.602 3.551 5.831 15.115 14.037 0.000 10.058 9.552 7.661 4.588 6.917 13.781 9.610 13.723 5.101 4.666 15.290 10.342 13.458 10.605 12.799 8.078 7.630 4.916 5.100 
64 11.874 13.348 14.625 8.069 8.029 17.677 10.768 9.151 7.070 3.978 22.885 11.713 5.616 17.083 6.764 0.282 17.973 19.870 10.645 10.613 4.775 19.318 6.411 21.692 19.241 4.920 12.142 10.169 11.797 16.293 12.935 11.855 15.693 4.196 9.931 22.512 6.448 7.419 16.480 8.480 2.151 15.348 16.799 6.838 15.657 6.841 14.998 21.364 15.985 2.649 10.352 17.857 2.287 9.283 1.600 2.517 13.442 17.113 12.399 5.514 16.080 18.427 10.058 0.000 10.244 2.458 11.107 5.026 20.353 1.113 22.430 8.722 14.714 14.649 19.591 19.531 0.555 10.498 17.759 17.642 8.067 11.874 
65 6.105 3.201 6.962 8.954 5.785 13.060 1.541 2.658 4.099 6.629 15.480 7.721 11.564 9.108 8.122 10.180 10.569 13.504 2.906 8.262 8.201 13.310 8.548 13.724 10.271 6.261 2.030 0.229 1.803 6.862 2.714 1.841 10.176 9.270 8.294 14.312 7.363 7.802 6.359 6.428 8.785 6.427 6.806 5.358 13.578 11.192 14.735 12.360 6.234 10.907 10.729 7.798 8.111 4.187 11.833 7.842 3.199 16.412 13.084 11.163 6.245 8.365 9.552 10.244 0.000 9.567 13.814 11.806 11.153 9.141 14.970 4.464 12.137 5.801 13.414 10.111 10.485 3.764 12.885 15.295 4.802 6.105 
66 10.001 12.446 12.895 5.667 6.117 15.394 10.414 9.124 5.794 2.953 20.876 9.584 3.445 15.313 4.436 2.179 16.063 17.749 10.635 8.358 2.494 17.159 4.026 19.809 17.654 5.655 11.265 9.545 11.285 14.939 12.123 10.946 13.564 1.744 7.645 20.665 4.260 5.137 15.470 6.430 1.026 15.339 15.686 5.153 13.231 4.464 12.541 19.745 15.667 1.340 7.904 16.769 1.958 7.677 3.275 3.278 12.713 14.656 9.945 3.250 15.720 17.331 7.661 2.458 9.567 0.000 8.733 3.075 18.814 2.412 20.438 7.076 12.327 14.641 17.450 18.087 3.012 10.704 15.500 15.209 6.385 10.001 
67 9.662 15.275 12.281 4.903 8.031 10.408 15.257 14.981 10.101 9.816 17.255 7.832 5.604 13.907 6.059 10.826 13.720 13.743 16.214 6.348 7.290 12.958 5.886 17.068 16.765 13.423 14.467 13.939 15.526 15.565 15.314 14.131 10.302 7.159 5.908 18.034 6.884 6.121 17.329 7.404 9.500 20.223 17.129 8.742 6.722 4.272 4.740 18.410 19.690 8.607 3.391 18.129 10.228 9.769 11.290 11.629 16.030 6.663 2.535 5.620 19.615 18.580 4.588 11.107 13.814 8.733 0.000 6.371 17.986 11.119 16.966 9.378 6.753 19.612 13.335 17.790 11.644 16.721 10.725 8.261 9.018 9.662 
68 10.690 14.369 13.706 5.149 7.100 14.800 12.869 11.819 7.744 5.580 20.932 9.712 0.842 15.972 4.597 4.760 16.432 17.590 13.299 8.197 3.624 16.912 4.024 20.152 18.567 8.697 13.255 11.830 13.594 16.257 14.146 12.916 13.497 2.541 7.436 21.065 4.970 5.322 17.197 7.070 4.087 17.922 17.290 6.680 11.977 2.441 10.745 20.564 18.031 2.381 6.671 18.378 5.009 9.003 4.943 6.353 14.797 12.819 8.142 1.087 18.050 18.921 6.917 5.026 11.806 3.075 6.371 0.000 19.778 5.374 20.538 8.401 11.364 17.234 17.242 19.205 5.515 13.479 14.987 13.855 7.734 10.690 
69 9.095 8.215 6.078 14.883 12.796 9.637 11.772 13.643 13.285 16.375 6.227 10.413 19.158 4.079 15.181 20.202 4.659 6.996 13.075 12.037 16.555 7.542 15.754 4.118 1.234 17.273 9.189 11.343 10.641 4.291 8.832 9.319 7.969 17.698 12.722 4.091 14.890 14.462 5.739 12.715 18.407 12.203 4.967 13.665 13.113 17.978 15.628 1.298 10.222 20.000 14.775 4.598 18.066 11.143 21.804 18.318 8.841 16.025 15.838 18.774 9.937 4.347 13.781 20.353 11.153 18.814 17.986 19.778 0.000 19.359 5.797 11.740 12.073 12.229 7.290 1.205 20.736 13.979 9.209 13.527 12.430 9.095 
70 11.021 12.258 13.703 7.652 7.233 17.051 9.655 8.048 6.077 3.026 22.059 10.995 5.835 16.167 6.274 1.115 17.110 19.113 9.547 9.997 4.309 18.587 5.997 20.810 18.261 3.890 11.051 9.063 10.685 15.264 11.837 10.768 14.953 3.995 9.350 21.614 5.844 6.868 15.396 7.748 1.668 14.256 15.728 5.972 15.241 6.860 14.762 20.390 14.874 3.121 10.026 16.782 1.375 8.353 2.713 1.423 12.338 16.874 12.199 5.659 14.969 17.352 9.610 1.113 9.141 2.412 11.119 5.374 19.359 0.000 21.597 7.811 14.224 13.556 18.848 18.516 1.382 9.420 17.110 17.237 7.177 11.021 
71 10.578 12.656 8.184 15.390 14.403 6.720 15.996 17.624 15.746 18.592 0.512 10.906 19.780 5.864 16.184 22.224 4.544 3.250 17.442 12.346 17.965 4.057 16.713 1.679 5.683 20.433 13.308 15.192 15.030 8.785 13.263 13.310 7.045 18.978 13.107 2.056 16.190 15.434 10.996 14.010 20.311 17.543 10.203 15.625 10.706 18.328 13.337 4.816 15.649 21.405 14.350 10.152 20.226 13.350 23.672 20.847 13.504 12.980 14.486 19.456 15.375 10.017 13.723 22.430 14.970 20.438 16.966 20.538 5.797 21.597 0.000 13.836 10.245 17.455 3.672 6.860 22.901 18.380 6.340 10.266 14.434 10.578 
72 3.289 6.173 5.903 4.589 1.436 10.070 5.958 6.129 1.992 4.785 14.309 3.970 7.944 8.362 4.046 8.545 9.320 11.547 7.092 3.981 4.910 11.114 4.573 13.002 10.587 6.929 5.201 4.609 6.148 7.923 6.085 4.856 7.529 6.075 3.883 13.803 3.459 3.546 8.819 1.974 6.695 10.847 8.889 1.925 9.633 7.199 10.446 12.690 10.373 8.284 6.267 9.977 6.457 0.611 10.105 7.012 6.791 12.252 8.646 7.535 10.321 10.520 5.101 8.722 4.464 7.076 9.378 8.401 11.740 7.811 13.836 0.000 8.259 10.243 11.330 11.019 9.153 7.763 10.018 11.506 0.694 3.289 
73 6.142 12.120 7.389 6.660 7.718 3.667 13.665 14.286 10.037 11.690 10.516 4.425 10.531 8.139 7.961 14.452 7.484 7.006 15.017 4.463 9.948 6.213 8.307 10.484 10.927 14.813 11.795 12.339 13.395 10.785 12.422 11.540 4.109 10.608 4.958 11.447 8.407 7.362 13.086 6.964 12.618 17.811 12.636 9.085 1.454 8.943 3.571 12.241 16.668 12.893 4.695 13.444 12.934 8.217 15.535 14.047 13.075 4.504 4.246 10.302 16.505 13.769 4.666 14.714 12.137 12.327 6.753 11.364 12.073 14.224 10.245 8.259 0.000 17.350 6.593 12.163 15.259 15.804 3.973 3.249 8.424 6.142 
