param n := 50;
param m := 5;
param L := 30;
param Q := 3;
param T := 600;
param t :
    1   2   3   4   5   6   7   8   9  10  11  12  13  14  15  16  17  18  19  20  21  22  23  24  25  26  27  28  29  30  31  32  33  34  35  36  37  38  39  40  41  42  43  44  45  46  47  48  49  50  51  52  53  54  55  56  57  58  59  60  61  62  63  64  65  66  67  68  69  70  71  72  73  74  75  76  77  78  79  80  81  82  83  84  85  86  87  88  89  90  91  92  93  94  95  96  97  98  99 100 101 102 :=
1 0.000 5.409 6.570 7.311 3.488 4.557 8.488 2.094 8.757 3.528 10.135 8.485 10.535 7.241 2.705 4.781 9.957 9.255 12.377 7.012 4.861 7.730 4.599 9.500 5.491 11.015 8.305 7.298 8.528 3.773 10.051 7.733 8.999 10.308 5.852 9.705 9.100 8.416 12.243 3.131 6.658 4.897 8.197 10.803 7.400 7.966 8.391 10.284 9.001 9.593 5.038 6.387 3.218 1.115 9.222 9.854 7.653 10.315 2.156 7.849 7.380 5.689 4.147 9.478 4.138 9.914 11.885 7.737 9.550 9.200 12.710 0.773 6.503 11.192 10.643 6.662 7.513 8.299 8.930 3.969 2.736 7.955 10.587 7.215 7.935 8.826 8.878 8.236 6.513 5.678 2.064 9.689 8.763 5.535 3.599 7.853 12.398 2.800 8.126 5.156 9.456 0.000 
2 5.409 0.000 6.998 5.494 4.430 9.943 12.501 3.739 5.154 8.936 4.895 4.391 11.243 12.588 4.982 1.909 8.266 12.878 11.662 9.712 1.766 13.030 4.968 5.763 4.455 16.226 3.395 10.244 5.698 8.090 7.728 12.986 10.498 14.500 10.329 12.186 12.998 12.839 7.587 5.174 7.737 8.855 13.490 6.073 12.136 12.348 6.747 12.113 5.606 10.108 10.190 7.397 5.896 4.304 7.588 5.798 10.560 15.155 3.493 13.241 3.594 1.640 8.829 13.988 8.942 10.274 6.555 3.629 14.553 13.020 15.058 5.831 3.095 16.594 15.652 11.318 12.905 12.182 14.336 9.163 5.768 3.755 14.719 10.228 9.436 10.209 3.493 13.643 8.942 1.284 3.673 6.230 3.386 9.690 8.703 6.253 14.687 7.564 9.947 0.355 4.561 5.409 
3 6.570 6.998 0.000 2.787 3.358 8.713 14.885 7.251 5.363 8.455 11.143 11.388 4.346 12.005 8.747 8.203 3.964 15.751 17.937 3.695 8.144 12.652 2.276 12.761 2.579 15.938 10.217 4.316 12.553 5.173 4.589 12.821 3.536 16.562 12.157 16.257 7.528 14.606 9.172 3.443 0.959 4.879 13.095 8.250 8.190 7.707 13.245 5.173 5.203 15.636 10.731 0.751 3.472 6.423 14.128 12.782 14.220 16.005 5.416 12.183 10.562 8.500 10.470 15.553 6.309 15.907 10.713 10.627 15.045 15.644 8.182 7.331 9.941 14.994 16.055 7.432 11.064 14.748 12.901 9.759 9.109 10.752 9.300 4.376 14.256 3.234 9.488 11.995 2.946 5.964 7.122 13.216 8.650 11.998 6.848 12.699 7.802 5.754 3.155 7.103 7.698 6.570 
4 7.311 5.494 2.787 0.000 3.864 10.554 15.785 7.181 2.576 10.033 8.844 9.676 6.139 13.800 8.793 7.144 2.884 16.491 17.084 6.476 7.041 14.407 2.912 11.074 1.821 17.750 8.270 7.097 11.184 7.256 2.745 14.516 6.002 17.620 13.162 16.528 10.304 15.720 6.414 4.509 3.743 7.276 14.869 5.464 10.746 10.384 12.202 7.612 2.440 15.212 12.112 3.522 4.963 6.737 13.058 10.974 14.610 17.464 5.477 14.125 9.036 7.131 11.455 16.762 8.415 15.430 7.992 8.983 16.597 16.475 10.638 8.069 8.590 17.153 17.658 9.950 13.192 15.577 14.970 11.065 9.356 9.060 12.081 7.152 14.151 5.681 7.204 14.098 5.710 4.242 7.051 11.600 6.242 12.823 8.748 11.689 10.253 7.515 5.832 5.718 4.996 7.311 
5 3.488 4.430 3.358 3.864 0.000 6.902 11.975 3.893 5.663 6.252 9.195 8.682 7.645 10.067 5.405 5.145 6.470 12.735 14.634 5.311 5.119 10.648 1.148 9.983 2.062 13.994 7.826 5.825 9.536 4.059 6.585 10.731 6.472 13.778 9.320 13.014 8.595 11.867 9.441 0.881 3.763 4.582 11.115 8.134 8.043 8.075 10.038 8.003 5.808 12.279 8.259 3.432 1.604 3.115 10.922 10.119 11.015 13.610 2.058 10.475 7.725 5.650 7.611 12.901 5.120 12.551 9.869 7.891 12.760 12.688 10.828 4.258 6.994 13.642 13.830 7.210 9.712 11.787 11.406 7.207 5.817 8.054 10.338 5.805 10.914 6.224 7.631 10.577 4.565 3.851 3.764 10.364 7.100 9.023 5.216 9.485 10.469 3.947 5.773 4.403 7.034 3.488 
6 4.557 9.943 8.713 10.554 6.902 0.000 7.433 6.545 12.565 1.189 14.690 12.880 11.423 3.293 6.398 9.281 12.646 8.584 15.065 6.947 9.374 3.940 7.653 13.763 8.883 7.238 12.837 6.834 12.586 3.573 13.090 4.127 9.526 8.603 4.919 10.275 6.853 6.692 16.317 6.104 8.279 4.294 4.382 14.960 4.140 5.223 12.026 10.207 12.694 11.845 2.781 8.168 5.591 5.672 12.747 14.186 8.279 7.449 6.524 3.579 11.770 10.215 3.910 7.376 2.550 12.220 16.330 12.166 6.419 8.265 11.715 4.327 10.889 6.775 7.381 3.787 2.962 7.491 4.519 2.460 5.872 12.392 7.759 6.703 9.803 9.503 13.427 3.737 6.953 10.070 6.547 13.860 13.260 5.349 1.865 11.548 11.506 3.040 8.590 9.704 13.731 4.557 
7 8.488 12.501 14.885 15.785 11.975 7.433 0.000 8.986 16.979 6.928 15.894 13.005 18.391 5.734 7.531 10.852 18.439 1.230 10.537 14.124 11.004 5.362 13.072 13.163 13.966 6.234 13.889 14.119 11.569 10.434 18.529 4.969 16.595 2.015 2.745 3.813 14.224 1.264 20.054 11.535 14.769 11.442 5.428 18.546 11.356 12.544 10.086 17.487 17.290 7.336 4.661 14.557 11.413 9.096 10.356 13.792 2.940 3.817 10.383 6.598 12.111 11.725 4.415 2.056 9.738 7.686 18.801 12.611 4.091 0.833 19.146 7.722 11.433 8.660 4.797 11.163 7.940 0.443 7.471 5.338 6.771 12.828 14.893 13.994 5.493 16.512 15.293 7.699 13.951 13.337 9.094 12.919 15.673 2.964 8.850 9.890 18.932 9.457 15.653 12.151 17.053 8.488 
8 2.094 3.739 7.251 7.181 3.893 6.545 8.986 0.000 8.022 5.436 8.198 6.395 11.510 8.924 1.612 2.736 10.027 9.517 10.854 8.553 2.833 9.334 5.008 7.411 5.456 12.495 6.301 8.929 6.488 5.711 9.880 9.271 10.202 10.947 6.651 9.348 11.034 9.202 11.115 4.016 7.596 6.766 9.788 9.619 9.478 9.993 6.526 11.634 8.360 8.389 6.464 7.279 4.443 1.153 7.389 7.760 7.460 11.437 1.839 9.629 5.289 3.680 5.101 10.336 6.203 8.666 10.291 5.654 10.816 9.583 14.266 2.231 4.411 12.996 11.915 8.726 9.465 8.709 10.758 5.454 2.247 5.875 12.584 8.866 7.056 9.983 7.065 10.129 7.940 4.379 0.132 7.614 7.115 6.080 5.692 5.975 13.932 4.831 9.409 3.427 8.164 2.094 
9 8.757 5.154 5.363 2.576 5.663 12.565 16.979 8.022 0.000 11.889 7.034 8.600 8.304 15.715 9.578 7.052 3.916 17.539 16.668 9.050 6.914 16.283 5.032 9.958 3.745 19.624 6.988 9.671 10.425 9.505 2.982 16.346 8.463 18.907 14.506 17.174 12.874 17.086 3.902 6.475 6.319 9.678 16.751 2.889 13.191 12.899 11.748 10.031 0.505 15.261 13.767 6.096 7.073 7.934 12.541 9.716 15.411 19.072 6.660 16.138 8.227 6.691 12.840 18.184 10.640 15.423 5.532 8.037 18.289 17.599 13.030 9.451 8.021 19.289 19.375 12.379 15.343 16.718 17.062 12.698 10.268 8.051 14.653 9.724 14.530 8.142 5.513 16.223 8.279 3.939 7.906 10.544 4.424 14.036 10.848 11.292 12.647 9.582 8.372 5.479 2.653 8.757 
10 3.528 8.936 8.455 10.033 6.252 1.189 6.928 5.436 11.889 0.000 13.618 11.727 11.552 3.829 5.214 8.170 12.310 8.009 13.958 7.203 8.269 4.396 7.123 12.590 8.293 7.742 11.737 7.192 11.400 3.557 12.658 4.485 9.710 8.322 4.256 9.455 7.671 6.363 15.559 5.526 8.145 4.517 4.864 14.165 5.135 6.120 10.840 10.560 12.057 10.772 2.353 7.988 5.124 4.635 11.566 13.021 7.407 7.550 5.596 4.345 10.619 9.115 2.970 7.194 2.816 11.143 15.395 11.024 6.609 7.752 12.316 3.205 9.740 7.669 7.646 4.662 4.030 6.921 5.406 1.624 4.683 11.251 8.728 7.068 8.760 9.649 12.399 4.713 7.076 9.156 5.447 12.679 12.287 4.526 1.922 10.360 12.080 2.713 8.767 8.680 12.882 3.528 
11 10.135 4.895 11.143 8.844 9.195 14.690 15.894 8.198 7.034 13.618 0.000 3.182 14.984 17.086 8.930 5.505 10.941 15.959 11.394 14.320 5.388 17.455 9.491 3.966 8.608 20.486 2.018 14.890 5.257 12.983 10.003 17.354 14.661 17.898 14.206 14.506 17.787 16.509 6.710 9.999 12.018 13.717 17.897 5.617 17.031 17.218 7.055 16.300 7.520 11.256 14.539 11.699 10.734 9.022 7.528 3.425 13.399 19.062 8.370 17.819 3.824 4.539 12.955 17.664 13.833 11.255 3.703 3.329 18.628 16.234 19.321 10.423 4.463 21.187 19.703 16.211 17.638 15.507 18.955 13.586 9.714 3.134 19.534 14.891 11.500 14.348 1.657 18.323 13.525 5.379 8.176 4.576 2.633 13.427 13.562 6.861 18.939 12.449 14.274 5.061 4.585 10.135 
12 8.485 4.391 11.388 9.676 8.682 12.880 13.005 6.395 8.600 11.727 3.182 0.000 15.603 14.869 6.628 3.771 12.251 12.967 8.454 13.993 3.731 15.155 9.337 1.399 8.833 17.997 1.699 14.495 2.127 11.887 11.513 15.003 14.888 14.984 11.579 11.372 17.065 13.725 9.414 9.320 12.125 12.812 15.572 8.094 15.812 16.217 3.890 16.501 9.104 8.077 12.237 11.784 9.995 7.447 4.432 1.440 10.381 16.361 7.230 15.681 1.110 3.047 10.525 14.865 12.533 8.085 6.781 0.794 16.033 13.278 19.432 8.560 1.991 19.018 17.079 15.033 15.735 12.600 16.852 11.382 7.340 0.637 18.721 14.467 8.364 14.600 3.540 16.319 13.245 5.492 6.421 1.949 4.554 10.745 12.078 3.680 19.063 11.136 14.324 4.321 6.731 8.485 
13 10.535 11.243 4.346 6.139 7.645 11.423 18.391 11.510 8.304 11.552 14.984 15.603 0.000 14.543 12.936 12.540 4.803 19.374 22.270 4.531 12.477 15.219 6.612 16.992 6.790 18.270 14.317 4.820 16.868 7.995 5.949 15.472 1.938 19.873 15.650 20.204 7.209 17.913 11.428 7.541 3.921 7.129 15.609 10.991 9.270 8.281 17.591 2.375 7.931 19.892 13.905 4.232 7.318 10.590 18.474 16.964 18.125 18.863 9.695 14.460 14.833 12.795 14.050 18.729 8.878 20.175 13.813 14.862 17.810 19.192 4.947 11.252 14.248 16.682 18.711 8.773 13.053 18.319 14.891 13.072 13.209 14.971 8.607 4.955 18.413 1.921 13.341 13.969 4.483 10.116 11.384 17.473 12.377 15.651 9.678 17.045 4.584 8.934 2.844 11.380 10.943 10.535 
14 7.241 12.588 12.005 13.800 10.067 3.293 5.734 8.924 15.715 3.829 17.086 14.869 14.543 0.000 8.251 11.581 15.939 6.963 15.276 10.017 11.699 0.676 10.890 15.531 12.091 3.953 15.132 9.810 14.154 6.851 16.369 0.985 12.617 6.224 4.214 9.315 9.044 4.621 19.385 9.312 11.553 7.462 1.091 17.983 6.091 7.339 13.214 13.116 15.875 11.940 2.655 11.452 8.846 8.307 13.793 16.042 7.676 4.422 9.371 0.956 13.786 12.547 4.454 4.874 5.772 12.323 19.114 14.236 3.319 6.500 14.208 6.758 12.932 4.150 4.169 6.152 2.235 5.974 2.099 3.506 7.530 14.468 9.407 9.674 9.843 12.626 15.987 2.008 10.123 12.917 8.964 15.508 15.970 5.042 5.157 12.819 14.055 6.313 11.699 12.306 16.678 7.241 
15 2.705 4.982 8.747 8.793 5.405 6.398 7.531 1.612 9.578 5.214 8.930 6.628 12.936 8.251 0.000 3.490 11.634 7.983 9.678 9.677 3.629 8.567 6.542 7.395 7.058 11.557 6.936 9.987 6.189 6.459 11.492 8.444 11.527 9.522 5.388 7.736 11.761 7.864 12.524 5.395 9.015 7.595 8.998 11.015 9.861 10.545 5.786 12.887 9.933 6.985 5.642 8.711 5.699 2.345 6.587 7.856 5.858 10.250 3.394 9.053 5.538 4.441 4.027 9.017 6.689 7.288 11.418 5.985 9.733 8.083 15.390 2.328 4.681 12.396 10.821 9.179 9.156 7.226 10.223 4.755 0.802 6.217 13.192 9.908 5.510 11.329 8.020 9.703 9.135 5.820 1.742 7.467 8.247 4.712 6.004 5.268 15.072 5.437 10.691 4.637 9.524 2.705 
16 4.781 1.909 8.203 7.144 5.145 9.281 10.852 2.736 7.052 8.170 5.505 3.771 12.540 11.581 3.490 0.000 9.990 11.141 9.942 10.395 0.155 11.953 5.986 4.942 5.823 15.020 3.571 10.864 4.393 8.117 9.536 11.859 11.568 12.865 8.866 10.313 13.325 11.296 9.393 5.675 8.810 9.059 12.397 7.883 12.048 12.448 5.094 13.131 7.495 8.222 9.042 8.469 6.311 3.707 5.968 5.189 8.752 13.733 3.487 12.320 2.702 0.968 7.504 12.454 8.771 8.400 7.965 2.994 13.222 11.320 15.972 4.965 1.884 15.687 14.310 11.265 12.200 10.508 13.463 8.081 4.290 3.202 14.964 10.825 7.533 11.303 4.531 12.853 9.681 3.128 2.736 5.263 4.822 8.152 8.347 4.565 15.614 7.372 10.909 1.573 6.354 4.781 
17 9.957 8.266 3.964 2.884 6.470 12.646 18.439 10.027 3.916 12.310 10.941 12.251 4.803 15.939 11.634 9.990 0.000 19.204 19.913 7.163 9.881 16.578 5.368 13.640 4.580 19.882 10.727 7.732 13.898 9.131 1.150 16.733 5.599 20.214 15.762 19.361 10.846 18.282 6.631 6.936 4.620 8.819 17.027 6.306 11.998 11.363 15.010 6.921 3.451 18.094 14.521 4.611 7.201 9.501 15.854 13.466 17.414 19.847 8.274 16.141 11.716 9.905 14.053 19.282 10.272 18.310 9.205 11.610 18.919 19.157 9.738 10.728 11.345 18.950 19.948 11.282 15.027 18.256 16.865 13.509 12.164 11.660 12.518 7.830 17.027 5.311 9.387 15.958 6.570 6.986 9.896 14.198 8.317 15.492 10.785 14.507 9.368 9.646 5.894 8.518 6.529 9.957 
18 9.255 12.878 15.751 16.491 12.735 8.584 1.230 9.517 17.539 8.009 15.959 12.967 19.374 6.963 7.983 11.141 19.204 0.000 9.708 15.175 11.295 6.580 13.854 12.993 14.680 7.206 13.979 15.195 11.381 11.466 19.235 6.185 17.610 2.224 3.760 2.798 15.404 2.420 20.463 12.356 15.688 12.505 6.630 18.950 12.553 13.732 9.789 18.552 17.873 6.636 5.804 15.461 12.289 9.758 9.958 13.639 2.596 4.658 11.035 7.821 12.141 11.966 5.328 2.898 10.825 6.960 19.020 12.641 5.122 0.553 20.284 8.483 11.525 9.772 5.689 12.338 9.170 1.094 8.673 6.396 7.271 12.848 16.104 15.073 5.001 17.514 15.480 8.922 14.965 13.797 9.633 12.696 15.940 3.754 9.927 9.658 20.062 10.457 16.671 12.524 17.438 9.255 
19 12.377 11.662 17.937 17.084 14.634 15.065 10.537 10.854 16.668 13.958 11.394 8.454 22.270 15.276 9.678 9.942 19.913 9.708 0.000 19.343 10.043 15.189 15.662 7.428 15.718 16.762 10.140 19.664 6.370 16.084 19.384 14.862 21.049 11.880 11.063 6.962 21.297 11.751 17.868 14.865 18.395 17.239 15.429 16.533 19.063 19.932 4.925 22.487 17.153 3.337 12.934 18.066 15.286 11.911 4.133 7.992 7.767 14.326 12.607 16.232 8.502 10.035 11.262 12.548 16.140 2.955 15.097 8.790 14.602 10.241 25.062 11.895 8.650 18.960 15.329 18.497 17.081 10.114 17.335 12.692 9.739 8.846 22.588 19.586 5.434 20.823 11.993 17.233 18.771 12.946 10.971 6.820 12.979 10.248 15.336 5.409 24.739 15.020 20.264 11.397 15.125 12.377 
20 7.012 9.712 3.695 6.476 5.311 6.947 14.124 8.553 9.050 7.203 14.320 13.993 4.531 10.017 9.677 10.395 7.163 15.175 19.343 0.000 10.385 10.693 4.830 15.284 5.821 13.744 13.097 0.621 14.753 3.719 8.032 10.953 2.600 15.493 11.417 16.302 3.833 13.547 12.866 4.723 2.757 2.689 11.081 11.931 4.959 4.207 15.054 3.392 8.899 16.603 9.534 2.954 4.140 7.448 15.926 15.430 14.207 14.360 6.992 9.932 13.024 10.955 9.914 14.305 4.432 16.926 14.303 13.200 13.296 14.943 5.720 7.605 12.268 12.263 14.186 4.348 8.546 14.096 10.394 8.788 9.739 13.365 5.605 0.686 14.890 2.626 12.695 9.470 0.803 8.952 8.449 15.649 11.985 11.535 5.287 14.500 5.396 4.779 1.695 9.707 11.291 7.012 
21 4.861 1.766 8.144 7.041 5.119 9.374 11.004 2.833 6.914 8.269 5.388 3.731 12.477 11.699 3.629 0.155 9.881 11.295 10.043 10.385 0.000 12.075 5.938 4.928 5.744 15.152 3.468 10.860 4.430 8.157 9.415 11.985 11.526 13.016 9.009 10.466 13.347 11.444 9.239 5.669 8.764 9.086 12.521 7.729 12.101 12.487 5.181 13.094 7.360 8.354 9.167 8.422 6.314 3.778 6.050 5.157 8.906 13.876 3.507 12.433 2.677 0.850 7.639 12.601 8.826 8.529 7.817 2.947 13.360 11.473 15.946 5.064 1.884 15.801 14.449 11.315 12.299 10.661 13.573 8.201 4.430 3.150 14.994 10.823 7.680 11.258 4.390 12.958 9.665 2.997 2.827 5.265 4.670 8.299 8.416 4.656 15.587 7.426 10.875 1.436 6.200 4.861 
22 7.730 13.030 12.652 14.407 10.648 3.940 5.362 9.334 16.283 4.396 17.455 15.155 15.219 0.676 8.567 11.953 16.578 6.580 15.189 10.693 12.075 0.000 11.495 15.766 12.683 3.347 15.484 10.486 14.355 7.507 16.992 0.400 13.293 5.683 4.157 9.039 9.677 4.189 19.922 9.908 12.212 8.134 0.470 18.508 6.726 7.974 13.342 13.789 16.453 11.854 2.925 12.106 9.461 8.775 13.887 16.294 7.505 3.764 9.875 1.253 14.084 12.920 4.655 4.325 6.437 12.234 19.572 14.542 2.654 6.093 14.853 7.207 13.241 3.945 3.493 6.811 2.770 5.638 2.167 3.881 7.822 14.775 9.985 10.350 9.769 13.302 16.397 2.351 10.796 13.406 9.382 15.718 16.416 5.026 5.805 12.967 14.705 6.940 12.375 12.739 17.184 7.730 
23 4.599 4.968 2.276 2.912 1.148 7.653 13.072 5.008 5.032 7.123 9.491 9.337 6.612 10.890 6.542 5.986 5.368 13.854 15.662 4.830 5.938 11.495 0.000 10.681 1.289 14.838 8.315 5.402 10.366 4.473 5.564 11.604 5.592 14.849 10.395 14.161 8.397 12.924 8.910 1.606 2.826 4.720 11.957 7.706 8.249 8.105 10.990 7.180 5.092 13.379 9.231 2.484 2.071 4.262 11.874 10.758 12.160 14.581 3.169 11.229 8.446 6.365 8.686 13.938 5.611 13.644 9.725 8.557 13.698 13.795 10.095 5.371 7.774 14.303 14.755 7.423 10.346 12.894 12.099 8.196 6.964 8.701 10.175 5.407 12.048 5.320 7.869 11.240 4.036 4.125 4.877 11.103 7.195 10.129 5.870 10.442 9.727 4.621 4.987 5.016 6.775 4.599 
24 9.500 5.763 12.761 11.074 9.983 13.763 13.163 7.411 9.958 12.590 3.966 1.399 16.992 15.531 7.395 4.942 13.640 12.993 7.428 15.284 4.928 15.766 10.681 0.000 10.214 18.464 2.983 15.773 1.615 13.027 12.888 15.585 16.249 15.093 12.003 11.144 18.265 13.986 10.530 10.585 13.482 13.994 16.165 9.278 16.885 17.351 3.366 17.855 10.462 7.538 12.878 13.141 11.240 8.513 3.656 0.666 10.398 16.674 8.429 16.380 2.261 4.334 11.112 15.100 13.607 7.483 7.669 2.134 16.435 13.351 20.770 9.490 3.064 19.676 17.450 16.124 16.551 12.740 17.560 12.093 8.037 2.022 19.893 15.740 8.169 15.964 4.723 17.082 14.548 6.886 7.454 0.624 5.794 11.137 13.097 3.359 20.404 12.222 15.667 5.670 7.980 9.500 
25 5.491 4.455 2.579 1.821 2.062 8.883 13.966 5.456 3.745 8.293 8.608 8.833 6.790 12.091 7.058 5.823 4.580 14.680 15.718 5.821 5.744 12.683 1.289 10.214 0.000 16.030 7.638 6.423 10.090 5.760 4.564 12.776 6.114 15.799 11.342 14.781 9.518 13.900 7.622 2.782 3.413 5.988 13.148 6.431 9.516 9.327 10.915 7.749 3.821 13.656 10.322 3.091 3.335 4.937 11.790 10.216 12.838 15.672 3.696 12.463 8.043 6.009 9.635 14.946 6.896 13.895 8.540 8.082 14.821 14.659 10.747 6.248 7.468 15.568 15.889 8.694 11.615 13.760 13.354 9.268 7.586 8.198 11.304 6.446 12.487 5.813 6.958 12.502 5.018 3.385 5.324 10.686 6.182 11.004 7.127 10.381 10.368 5.868 5.669 4.590 5.557 5.491 
26 11.015 16.226 15.938 17.750 13.994 7.238 6.234 12.495 19.624 7.742 20.486 17.997 18.270 3.953 11.557 15.020 19.882 7.206 16.762 13.744 15.152 3.347 14.838 18.464 16.030 0.000 18.486 13.468 16.966 10.770 20.322 3.287 16.332 5.379 6.464 9.992 12.150 5.011 23.241 13.254 15.454 11.296 2.882 21.814 9.307 10.521 15.743 16.662 19.798 13.518 6.037 15.368 12.798 12.029 16.168 19.034 9.045 2.627 13.169 3.817 16.964 15.984 7.532 4.313 9.662 13.878 22.781 17.442 2.167 6.653 17.359 10.447 16.155 3.029 1.595 9.594 5.253 6.650 3.520 7.079 10.774 17.673 12.058 13.332 11.563 16.370 19.522 4.386 13.930 16.673 12.555 18.343 19.609 7.341 9.097 15.438 17.260 10.266 15.439 15.921 20.468 11.015 
27 8.305 3.395 10.217 8.270 7.826 12.837 13.889 6.301 6.988 11.737 2.018 1.699 14.317 15.132 6.936 3.571 10.727 13.979 10.140 13.097 3.468 15.484 8.315 2.983 7.638 18.486 0.000 13.636 3.780 11.384 9.936 15.373 13.751 15.896 12.190 12.621 16.384 14.493 7.734 8.559 11.019 12.207 15.922 6.397 15.402 15.683 5.463 15.382 7.493 9.573 12.563 10.685 9.275 7.204 6.078 2.740 11.434 17.044 6.701 15.884 1.919 2.623 10.955 15.647 12.156 9.614 5.267 1.465 16.616 14.243 18.363 8.532 2.458 19.249 17.689 14.596 15.766 13.506 17.031 11.626 7.713 1.335 18.093 13.622 9.629 13.451 1.861 16.424 12.322 4.254 6.292 3.586 2.855 11.409 11.814 5.173 17.988 10.758 13.258 3.456 5.033 8.305 
28 7.298 10.244 4.316 7.097 5.825 6.834 14.119 8.929 9.671 7.192 14.890 14.495 4.820 9.810 9.987 10.864 7.732 15.195 19.664 0.621 10.860 10.486 5.402 15.773 6.423 13.468 13.636 0.000 15.201 3.817 8.622 10.762 2.885 15.424 11.436 16.422 3.215 13.491 13.486 5.191 3.375 2.700 10.858 12.551 4.508 3.673 15.449 3.378 9.519 16.868 9.492 3.575 4.569 7.806 16.316 15.934 14.329 14.189 7.428 9.670 13.512 11.452 9.984 14.210 4.382 17.198 14.917 13.702 13.111 14.943 5.417 7.851 12.743 11.880 13.972 3.960 8.238 14.110 10.072 8.800 10.004 13.871 4.984 0.136 15.113 2.973 13.271 9.151 1.411 9.516 8.829 16.125 12.576 11.602 5.270 14.895 5.116 4.908 2.067 10.228 11.905 7.298 
29 8.528 5.698 12.553 11.184 9.536 12.586 11.569 6.488 10.425 11.400 5.257 2.127 16.868 14.154 6.189 4.393 13.898 11.381 6.370 14.753 4.430 14.355 10.366 1.615 10.090 16.966 3.780 15.201 0.000 12.195 13.253 14.155 15.955 13.490 10.503 9.540 17.504 12.417 11.515 10.032 13.192 13.226 14.741 10.165 15.921 16.478 1.815 17.523 10.922 6.026 11.500 12.850 10.633 7.633 2.306 2.273 8.788 15.117 7.774 15.027 2.200 4.086 9.708 13.522 12.666 6.007 8.900 2.428 14.912 11.744 20.360 8.410 2.622 18.286 15.913 15.190 15.293 11.145 16.210 10.771 6.754 2.477 19.071 15.155 6.558 15.686 5.640 15.777 14.054 6.942 6.555 1.377 6.610 9.626 12.083 1.747 20.004 11.311 15.302 5.512 8.758 8.528 
30 3.773 8.090 5.173 7.256 4.059 3.573 10.434 5.711 9.505 3.557 12.983 11.887 7.995 6.851 6.459 8.117 9.131 11.466 16.084 3.719 8.157 7.507 4.473 13.027 5.760 10.770 11.384 3.817 12.195 0.000 9.650 7.700 6.164 11.878 7.712 12.607 5.334 9.918 13.376 3.178 4.707 1.167 7.942 12.134 4.051 4.331 12.157 7.110 9.553 13.168 5.910 4.601 2.478 4.562 12.993 13.306 10.514 10.985 4.692 7.010 10.815 8.897 6.196 10.743 1.161 13.509 13.924 11.104 9.977 11.247 9.179 4.188 9.969 9.909 10.952 3.228 5.951 10.391 7.761 5.097 6.348 11.304 6.879 3.708 11.350 6.094 11.505 6.869 3.523 7.798 5.640 13.281 11.083 7.816 1.724 11.616 8.899 1.100 5.221 7.955 11.087 3.773 
31 10.051 7.728 4.589 2.745 6.585 13.090 18.529 9.880 2.982 12.658 10.003 11.513 5.949 16.369 11.492 9.536 1.150 19.235 19.384 8.032 9.415 16.992 5.564 12.888 4.564 20.322 9.936 8.622 13.253 9.650 0.000 17.123 6.659 20.358 15.899 19.224 11.786 18.451 5.482 7.169 5.371 9.460 17.449 5.185 12.759 12.199 14.462 8.033 2.486 17.726 14.795 5.300 7.538 9.479 15.287 12.672 17.330 20.144 8.212 16.631 11.056 9.348 14.191 19.484 10.807 17.922 8.099 10.910 19.253 19.221 10.878 10.811 10.755 19.542 20.302 12.014 15.593 18.322 17.411 13.758 12.078 10.942 13.489 8.711 16.776 6.361 8.495 16.516 7.384 6.445 9.752 13.462 7.403 15.568 11.246 13.977 10.506 10.056 6.878 8.009 5.509 10.051 
32 7.733 12.986 12.821 14.516 10.731 4.127 4.969 9.271 16.346 4.485 17.354 15.003 15.472 0.985 8.444 11.859 16.733 6.185 14.862 10.953 11.985 0.400 11.604 15.585 12.776 3.287 15.373 10.762 14.155 7.700 17.123 0.000 13.552 5.290 3.863 8.661 10.027 3.791 19.954 10.010 12.406 8.368 0.591 18.529 7.075 8.322 13.106 14.081 16.528 11.529 2.817 12.291 9.586 8.758 13.634 16.121 7.157 3.444 9.885 1.653 13.940 12.826 4.481 3.934 6.654 11.909 19.536 14.404 2.350 5.696 15.193 7.180 13.104 4.193 3.257 7.134 3.156 5.251 2.532 3.823 7.685 14.636 10.364 10.627 9.451 13.553 16.326 2.751 11.033 13.398 9.324 15.523 16.372 4.743 5.985 12.742 15.039 7.087 12.629 12.688 17.188 7.733 
33 8.999 10.498 3.536 6.002 6.472 9.526 16.595 10.202 8.463 9.710 14.661 14.888 1.938 12.617 11.527 11.568 5.599 17.610 21.049 2.600 11.526 13.293 5.592 16.249 6.114 16.332 13.751 2.885 15.955 6.164 6.659 13.552 0.000 18.027 13.865 18.568 5.493 16.072 11.978 6.186 2.769 5.238 13.680 11.307 7.362 6.418 16.510 1.640 8.179 18.512 12.058 3.111 5.829 9.197 17.393 16.293 16.478 16.953 8.450 12.524 14.028 11.951 12.302 16.862 6.991 18.812 13.974 14.118 15.893 17.405 4.664 9.677 13.366 14.760 16.785 6.844 11.115 16.543 12.954 11.261 11.720 14.251 7.039 3.020 16.931 0.322 13.004 12.032 2.645 9.496 10.082 16.685 12.133 13.916 7.814 15.957 4.281 7.153 0.944 10.580 10.994 8.999 
34 10.308 14.500 16.562 17.620 13.778 8.603 2.015 10.947 18.907 8.322 17.898 14.984 19.873 6.224 9.522 12.865 20.214 2.224 11.880 15.493 13.016 5.683 14.849 15.093 15.799 5.379 15.896 15.424 13.490 11.878 20.358 5.290 18.027 0.000 4.458 4.922 15.166 1.965 22.039 13.282 16.375 12.806 5.579 20.533 12.229 13.460 11.947 18.802 19.204 8.855 5.970 16.184 13.098 10.990 12.152 15.730 4.728 2.751 12.276 6.920 14.106 13.740 6.168 1.358 11.062 9.174 20.816 14.607 3.537 1.766 20.238 9.555 13.439 8.205 3.790 12.161 8.444 2.391 7.536 6.835 8.752 14.822 15.627 15.295 7.207 17.970 17.309 7.989 15.397 15.313 11.051 14.824 17.686 4.874 10.215 11.787 20.052 10.974 17.084 14.152 19.047 10.308 
35 5.852 10.329 12.157 13.162 9.320 4.919 2.745 6.651 14.506 4.256 14.206 11.579 15.650 4.214 5.388 8.866 15.762 3.760 11.063 11.417 9.009 4.157 10.395 12.003 11.342 6.464 12.190 11.436 10.503 7.712 15.899 3.863 13.865 4.458 0.000 5.412 11.772 2.580 17.760 8.836 12.026 8.746 4.449 16.268 9.004 10.133 9.326 14.793 14.786 7.726 2.182 11.816 8.685 6.572 9.811 12.578 3.546 4.869 7.853 5.170 10.573 9.802 1.710 3.691 7.071 8.109 16.806 11.061 4.454 3.542 16.559 5.103 9.795 8.049 5.508 8.705 6.135 2.680 6.278 2.637 4.587 11.289 12.609 11.314 5.631 13.777 13.394 6.187 11.220 11.027 6.743 11.879 13.633 0.894 6.170 8.997 16.329 6.718 12.924 9.993 14.814 5.852 
36 9.705 12.186 16.257 16.528 13.014 10.275 3.813 9.348 17.174 9.455 14.506 11.372 20.204 9.315 7.736 10.313 19.361 2.798 6.962 16.302 10.466 9.039 14.161 11.144 14.781 9.992 12.621 16.422 9.540 12.607 19.224 8.661 18.568 4.922 5.412 0.000 17.104 5.077 19.689 12.816 16.358 13.732 9.164 18.185 14.396 15.498 7.799 19.689 17.564 4.084 7.592 16.091 12.910 9.903 7.781 11.808 2.095 7.456 11.091 10.233 10.710 10.995 6.499 5.693 12.186 4.360 17.840 11.193 7.881 3.348 21.715 8.964 10.247 12.472 8.486 14.054 11.427 3.451 11.191 7.860 7.207 11.376 18.010 16.311 3.008 18.429 14.293 11.320 15.968 13.272 9.477 10.756 14.917 4.937 11.279 7.796 21.458 11.526 17.654 11.834 16.654 9.705 
37 9.100 12.998 7.528 10.304 8.595 6.853 14.224 11.034 12.874 7.671 17.787 17.065 7.209 9.044 11.761 13.325 10.846 15.404 21.297 3.833 13.347 9.677 8.397 18.265 9.518 12.150 16.384 3.215 17.504 5.334 11.786 10.027 5.493 15.166 11.772 17.104 0.000 13.360 16.700 7.825 6.589 4.280 9.947 15.748 2.953 1.708 17.489 5.028 12.731 18.260 9.619 6.783 7.110 9.882 18.322 18.500 15.074 13.427 9.841 8.601 16.024 14.029 10.640 13.849 5.161 18.617 18.053 16.273 12.308 15.054 5.215 9.451 15.202 10.002 12.985 3.069 7.010 14.316 8.630 9.245 11.576 16.461 1.788 3.152 16.328 5.705 16.205 7.788 4.595 12.420 10.958 18.552 15.586 12.167 6.000 16.950 5.110 6.324 4.970 12.930 15.053 9.100 
38 8.416 12.839 14.606 15.720 11.867 6.692 1.264 9.202 17.086 6.363 16.509 13.725 17.913 4.621 7.864 11.296 18.282 2.420 11.751 13.547 11.444 4.189 12.924 13.986 13.900 5.011 14.493 13.491 12.417 9.918 18.451 3.791 16.072 1.965 2.580 5.077 13.360 0.000 20.316 11.347 14.411 10.858 4.215 18.819 10.448 11.662 11.022 16.870 17.367 8.512 4.015 14.222 11.146 9.153 11.355 14.598 4.052 2.728 10.433 5.439 12.780 12.208 4.270 1.158 9.120 8.870 19.260 13.277 2.852 1.910 18.377 7.675 12.054 7.396 3.640 10.324 6.852 1.650 6.257 4.870 7.072 13.500 13.926 13.363 6.596 16.011 15.800 6.540 13.439 13.581 9.299 13.782 16.101 3.152 8.263 10.783 18.180 9.009 15.128 12.498 17.353 8.416 
39 12.243 7.587 9.172 6.414 9.441 16.317 20.054 11.115 3.902 15.559 6.710 9.414 11.428 19.385 12.524 9.393 6.631 20.463 17.868 12.866 9.239 19.922 8.910 10.530 7.622 23.241 7.734 13.486 11.515 13.376 5.482 19.954 11.978 22.039 17.760 19.689 16.700 20.316 0.000 10.288 10.112 13.579 20.392 1.514 17.093 16.789 13.160 13.445 3.975 17.138 17.279 9.919 10.921 11.293 13.809 10.072 18.135 22.486 10.089 19.867 9.504 8.701 16.163 21.449 14.500 17.224 3.403 9.138 21.777 20.596 16.343 12.869 9.659 23.077 22.874 16.281 19.153 19.748 20.833 16.211 13.287 9.051 18.468 13.548 16.830 11.664 5.875 20.015 12.114 6.735 11.018 11.155 4.946 17.188 14.656 12.816 15.968 13.388 12.030 7.942 3.038 12.243 
40 3.131 5.174 3.443 4.509 0.881 6.104 11.535 4.016 6.475 5.526 9.999 9.320 7.541 9.312 5.395 5.675 6.936 12.356 14.865 4.723 5.669 9.908 1.606 10.585 2.782 13.254 8.559 5.191 10.032 3.178 7.169 10.010 6.186 13.282 8.836 12.816 7.825 11.347 10.288 0.000 3.621 3.733 10.372 8.998 7.170 7.234 10.399 7.638 6.591 12.362 7.627 3.322 0.739 3.050 11.278 10.760 10.777 12.976 2.299 9.683 8.324 6.273 7.131 12.350 4.244 12.653 10.749 8.526 12.093 12.274 10.359 3.897 7.553 12.814 13.151 6.337 8.872 11.374 10.588 6.594 5.693 8.701 9.548 5.155 10.880 5.968 8.457 9.747 4.028 4.691 3.896 10.934 7.958 8.612 4.374 9.844 10.012 3.108 5.406 5.110 7.913 3.131 
41 6.658 7.737 0.959 3.743 3.763 8.279 14.769 7.596 6.319 8.145 12.018 12.125 3.921 11.553 9.015 8.810 4.620 15.688 18.395 2.757 8.764 12.212 2.826 13.482 3.413 15.454 11.019 3.375 13.192 4.707 5.371 12.406 2.769 16.375 12.026 16.358 6.589 14.411 10.112 3.621 0.000 4.231 12.644 9.207 7.395 6.841 13.787 4.377 6.149 15.972 10.468 0.342 3.449 6.670 14.671 13.535 14.294 15.665 5.794 11.665 11.259 9.182 10.369 15.315 5.793 16.258 11.667 11.353 14.674 15.548 7.345 7.394 10.599 14.364 15.657 6.666 10.470 14.659 12.321 9.542 9.301 11.488 8.355 3.441 14.498 2.494 10.366 11.405 2.036 6.769 7.471 13.916 9.555 11.938 6.423 13.236 6.969 5.434 2.256 7.812 8.652 6.658 
42 4.897 8.855 4.879 7.276 4.582 4.294 11.442 6.766 9.678 4.517 13.717 12.812 7.129 7.462 7.595 9.059 8.819 12.505 17.239 2.689 9.086 8.134 4.720 13.994 5.988 11.296 12.207 2.700 13.226 1.167 9.460 8.368 5.238 12.806 8.746 13.732 4.280 10.858 13.579 3.733 4.231 0.000 8.544 12.419 3.529 3.503 13.255 6.048 9.666 14.334 6.845 4.208 2.993 5.613 14.100 14.242 11.641 11.738 5.582 7.485 11.760 9.789 7.284 11.627 1.752 14.675 14.396 12.023 10.693 12.264 8.022 5.345 10.930 10.136 11.620 2.706 6.242 11.423 8.096 6.112 7.507 12.215 5.910 2.584 12.515 5.209 12.188 7.178 2.666 8.424 6.687 14.274 11.681 8.902 2.598 12.711 7.746 2.264 4.299 8.755 11.482 4.897 
43 8.197 13.490 13.095 14.869 11.115 4.382 5.428 9.788 16.751 4.864 17.897 15.572 15.609 1.091 8.998 12.397 17.027 6.630 15.429 11.081 12.521 0.470 11.957 16.165 13.148 2.882 15.922 10.858 14.741 7.942 17.449 0.591 13.680 5.579 4.449 9.164 9.947 4.215 20.392 10.372 12.644 8.544 0.000 18.977 7.004 8.252 13.697 14.143 16.921 12.098 3.359 12.543 9.920 9.240 14.225 16.698 7.707 3.482 10.343 1.376 14.506 13.365 5.057 4.223 6.861 12.477 20.034 14.967 2.363 6.125 15.140 7.670 13.666 3.603 3.116 7.132 2.968 5.732 2.043 4.335 8.246 15.199 10.183 10.722 10.025 13.695 16.850 2.412 11.202 13.872 9.838 16.107 16.876 5.332 6.247 13.331 15.001 7.394 12.767 13.197 17.652 8.197 
44 10.803 6.073 8.250 5.464 8.134 14.960 18.546 9.619 2.889 14.165 5.617 8.094 10.991 17.983 11.015 7.883 6.306 18.950 16.533 11.931 7.729 18.508 7.706 9.278 6.431 21.814 6.397 12.551 10.165 12.134 5.185 18.529 11.307 20.533 16.268 18.185 15.748 18.819 1.514 8.998 9.207 12.419 18.977 0.000 15.946 15.719 11.765 12.846 3.127 15.691 15.831 8.980 9.661 9.831 12.443 8.866 16.623 21.011 8.647 18.491 8.101 7.206 14.681 19.954 13.237 15.787 2.931 7.759 20.317 19.084 15.816 11.412 8.207 21.732 21.416 15.124 17.829 18.238 19.478 14.765 11.781 7.689 17.531 12.602 15.338 10.987 4.563 18.676 11.154 5.241 9.524 9.901 3.555 15.686 13.342 11.402 15.435 12.076 11.252 6.428 1.531 10.803 
45 7.400 12.136 8.190 10.746 8.043 4.140 11.356 9.478 13.191 5.135 17.031 15.812 9.270 6.091 9.861 12.048 11.998 12.553 19.063 4.959 12.101 6.726 8.249 16.885 9.516 9.307 15.402 4.508 15.921 4.051 12.759 7.075 7.362 12.229 9.004 14.396 2.953 10.448 17.093 7.170 7.395 3.529 7.004 15.946 0.000 1.249 15.645 7.425 13.160 15.903 6.825 7.462 6.439 8.376 16.429 17.210 12.416 10.480 8.702 5.671 14.721 12.873 8.041 10.906 3.281 16.273 17.900 15.041 9.363 12.181 8.137 7.547 13.856 7.424 10.064 0.833 4.094 11.473 5.802 6.597 9.520 15.249 3.619 4.381 13.894 7.475 15.556 4.920 5.440 11.838 9.431 17.088 15.118 9.483 3.857 15.129 8.004 4.676 6.575 11.992 15.004 7.400 
46 7.966 12.348 7.707 10.384 8.075 5.223 12.544 9.993 12.899 6.120 17.218 16.217 8.281 7.339 10.545 12.448 11.363 13.732 19.932 4.207 12.487 7.974 8.105 17.351 9.327 10.521 15.683 3.673 16.478 4.331 12.199 8.322 6.418 13.460 10.133 15.498 1.708 11.662 16.789 7.234 6.841 3.503 8.252 15.719 1.249 0.000 16.323 6.314 12.822 16.828 7.966 6.959 6.495 8.857 17.132 17.636 13.489 11.729 9.012 6.916 15.145 13.222 9.075 12.142 3.856 17.192 17.828 15.434 10.611 13.372 6.890 8.217 14.296 8.521 11.307 1.459 5.333 12.646 7.006 7.654 10.279 15.634 2.660 3.561 14.855 6.566 15.690 6.140 4.815 11.923 9.932 17.593 15.171 10.567 4.602 15.795 6.762 5.169 5.707 12.237 14.876 7.966 
47 8.391 6.747 13.245 12.202 10.038 12.026 10.086 6.526 11.748 10.840 7.055 3.890 17.591 13.214 5.786 5.094 15.010 9.789 4.925 15.054 5.181 13.342 10.990 3.366 10.915 15.743 5.463 15.449 1.815 12.157 14.462 13.106 16.510 11.947 9.326 7.799 17.489 11.022 13.160 10.399 13.787 13.255 13.697 11.765 15.645 16.323 0.000 18.021 12.231 4.211 10.588 13.450 10.918 7.667 0.884 4.032 7.219 13.746 8.100 14.125 3.665 5.115 8.774 12.090 12.468 4.200 10.668 4.025 13.637 10.186 20.748 8.112 3.728 17.287 14.595 14.965 14.562 9.651 15.303 9.985 6.171 4.129 18.963 15.388 4.860 16.261 7.316 14.956 14.409 8.031 6.622 2.957 8.219 8.433 11.789 0.555 20.405 11.182 15.786 6.493 10.311 8.391 
48 10.284 12.113 5.173 7.612 8.003 10.207 17.487 11.634 10.031 10.560 16.300 16.501 2.375 13.116 12.887 13.131 6.921 18.552 22.487 3.392 13.094 13.789 7.180 17.855 7.749 16.662 15.382 3.378 17.523 7.110 8.033 14.081 1.640 18.802 14.793 19.689 5.028 16.870 13.445 7.638 4.377 6.048 14.143 12.846 7.425 6.314 18.021 0.000 9.724 19.861 12.869 4.716 7.205 10.587 18.903 17.911 17.594 17.519 9.930 12.906 15.625 13.545 13.305 17.583 7.757 20.172 15.556 15.727 16.430 18.310 3.031 10.919 14.948 14.829 17.259 7.068 11.409 17.470 13.196 12.159 13.019 15.864 6.293 3.508 18.208 1.952 14.643 12.291 3.771 11.128 11.519 18.282 13.768 14.925 8.637 17.466 2.647 8.170 2.235 12.186 12.592 10.284 
49 9.001 5.606 5.203 2.440 5.808 12.694 17.290 8.360 0.505 12.057 7.520 9.104 7.931 15.875 9.933 7.495 3.451 17.873 17.153 8.899 7.360 16.453 5.092 10.462 3.821 19.798 7.493 9.519 10.922 9.553 2.486 16.528 8.179 19.204 14.786 17.564 12.731 17.367 3.975 6.591 6.149 9.666 16.921 3.127 13.160 12.822 12.231 9.724 0.000 15.712 13.985 5.948 7.155 8.217 13.029 10.221 15.778 19.307 6.934 16.272 8.722 7.161 13.109 18.456 10.700 15.879 5.883 8.537 18.505 17.922 12.706 9.710 8.504 19.389 19.587 12.356 15.434 17.037 17.174 12.918 10.607 8.552 14.503 9.579 14.948 7.860 6.011 16.323 8.142 4.371 8.242 11.048 4.917 14.338 10.948 11.771 12.324 9.688 8.138 5.924 3.083 9.001 
50 9.593 10.108 15.636 15.212 12.279 11.845 7.336 8.389 15.261 10.772 11.256 8.077 19.892 11.940 6.985 8.222 18.094 6.636 3.337 16.603 8.354 11.854 13.379 7.538 13.656 13.518 9.573 16.868 6.026 13.168 17.726 11.529 18.512 8.855 7.726 4.084 18.260 8.512 17.138 12.362 15.972 14.334 12.098 15.691 15.903 16.828 4.211 19.861 15.712 0.000 9.623 15.660 12.684 9.320 3.935 8.198 4.478 11.152 10.221 12.896 7.685 8.615 7.989 9.381 13.104 0.383 14.826 8.109 11.352 7.140 22.285 9.018 7.485 15.641 12.130 15.379 13.764 6.902 13.998 9.434 6.866 8.246 19.471 16.779 2.102 18.312 11.390 13.900 16.097 11.350 8.517 7.059 12.204 6.917 12.263 4.408 21.980 12.079 17.673 9.788 14.189 9.593 
51 5.038 10.190 10.731 12.112 8.259 2.781 4.661 6.464 13.767 2.353 14.539 12.237 13.905 2.655 5.642 9.042 14.521 5.804 12.934 9.534 9.167 2.925 9.231 12.878 10.322 6.037 12.563 9.492 11.500 5.910 14.795 2.817 12.058 5.970 2.182 7.592 9.619 4.015 17.279 7.627 10.468 6.845 3.359 15.831 6.825 7.966 10.588 12.869 13.985 9.623 0.000 10.298 7.322 6.010 11.191 13.393 5.677 5.352 7.190 3.540 11.162 10.009 1.814 4.849 5.112 10.005 16.744 11.619 4.521 5.493 14.487 4.425 10.317 6.799 5.609 6.550 4.148 4.711 4.722 1.070 4.900 11.851 10.427 9.365 7.526 12.000 13.512 4.395 9.427 10.653 6.521 12.853 13.574 2.771 4.249 10.181 14.271 5.038 11.114 9.887 14.458 5.038 
52 6.387 7.397 0.751 3.522 3.432 8.168 14.557 7.279 6.096 7.988 11.699 11.784 4.232 11.452 8.711 8.469 4.611 15.461 18.066 2.954 8.422 12.106 2.484 13.141 3.091 15.368 10.685 3.575 12.850 4.601 5.300 12.291 3.111 16.184 11.816 16.091 6.783 14.222 9.919 3.322 0.342 4.208 12.543 8.980 7.462 6.959 13.450 4.716 5.948 15.660 10.298 0.000 3.192 6.367 14.334 13.195 14.032 15.524 5.470 11.591 10.917 8.839 10.150 15.139 5.712 15.943 11.402 11.012 14.544 15.330 7.679 7.129 10.256 14.342 15.537 6.714 10.429 14.439 12.275 9.356 9.011 11.148 8.559 3.632 14.201 2.836 10.048 11.363 2.196 6.437 7.153 13.574 9.249 11.708 6.306 12.899 7.303 5.275 2.581 7.471 8.386 6.387 
53 3.218 5.896 3.472 4.963 1.604 5.591 11.413 4.443 7.073 5.124 10.734 9.995 7.318 8.846 5.699 6.311 7.201 12.289 15.286 4.140 6.314 9.461 2.071 11.240 3.335 12.798 9.275 4.569 10.633 2.478 7.538 9.586 5.829 13.098 8.685 12.910 7.110 11.146 10.921 0.739 3.449 2.993 9.920 9.661 6.439 6.495 10.918 7.205 7.155 12.684 7.322 3.192 0.000 3.383 11.792 11.434 10.845 12.646 2.859 9.164 8.983 6.949 6.998 12.112 3.580 12.987 11.469 9.201 11.729 12.174 9.833 3.946 8.194 12.235 12.770 5.606 8.280 11.279 10.028 6.322 5.905 9.381 8.822 4.523 11.117 5.639 9.196 9.170 3.499 5.431 4.333 11.573 8.695 8.535 3.799 10.363 9.495 2.553 4.995 5.821 8.612 3.218 
54 1.115 4.304 6.423 6.737 3.115 5.672 9.096 1.153 7.934 4.635 9.022 7.447 10.590 8.307 2.345 3.707 9.501 9.758 11.911 7.448 3.778 8.775 4.262 8.513 4.937 12.029 7.204 7.806 7.633 4.562 9.479 8.758 9.197 10.990 6.572 9.903 9.882 9.153 11.293 3.050 6.670 5.613 9.240 9.831 8.376 8.857 7.667 10.587 8.217 9.320 6.010 6.367 3.383 0.000 8.525 8.836 7.920 11.199 1.287 8.940 6.350 4.595 4.910 10.251 5.095 9.616 10.807 6.686 10.486 9.760 13.167 1.585 5.481 12.291 11.585 7.611 8.628 8.865 10.032 4.952 2.702 6.900 11.439 7.739 7.840 8.993 7.766 9.346 6.861 4.644 1.078 8.738 7.670 6.135 4.641 7.118 12.838 3.708 8.377 4.045 8.448 1.115 
55 9.222 7.588 14.128 13.058 10.922 12.747 10.356 7.389 12.541 11.566 7.528 4.432 18.474 13.793 6.587 5.968 15.854 9.958 4.133 15.926 6.050 13.887 11.874 3.656 11.790 16.168 6.078 16.316 2.306 12.993 15.287 13.634 17.393 12.152 9.811 7.781 18.322 11.355 13.809 11.278 14.671 14.100 14.225 12.443 16.429 17.132 0.884 18.903 13.029 3.935 11.191 14.334 11.792 8.525 0.000 4.303 7.439 14.082 8.980 14.716 4.374 5.950 9.381 12.389 13.276 3.846 11.195 4.684 14.038 10.387 21.624 8.916 4.533 17.825 14.964 15.762 15.219 9.915 15.889 10.641 6.924 4.759 19.778 16.254 4.962 17.145 7.939 15.578 15.286 8.869 7.487 3.139 8.888 8.917 12.579 1.437 21.282 12.006 16.668 7.343 11.014 9.222 
56 9.854 5.798 12.782 10.974 10.119 14.186 13.792 7.760 9.716 13.021 3.425 1.440 16.964 16.042 7.856 5.189 13.466 13.639 7.992 15.430 5.157 16.294 10.758 0.666 10.216 19.034 2.740 15.934 2.273 13.306 12.672 16.121 16.293 15.730 12.578 11.808 18.500 14.598 10.072 10.760 13.535 14.242 16.698 8.866 17.210 17.636 4.032 17.911 10.221 8.198 13.393 13.195 11.434 8.836 4.303 0.000 11.044 17.278 8.661 16.879 2.492 4.487 11.642 15.717 13.930 8.138 7.123 2.234 17.019 13.992 20.853 9.887 3.355 20.191 18.042 16.438 17.005 13.372 18.056 12.584 8.525 2.065 20.151 15.906 8.830 16.002 4.349 17.558 14.680 6.849 7.794 1.187 5.446 11.719 13.452 4.019 20.483 12.536 15.743 5.745 7.624 9.854 
57 7.653 10.560 14.220 14.610 11.015 8.279 2.940 7.460 15.411 7.407 13.399 10.381 18.125 7.676 5.858 8.752 17.414 2.596 7.767 14.207 8.906 7.505 12.160 10.398 12.838 9.045 11.434 14.329 8.788 10.514 17.330 7.157 16.478 4.728 3.546 2.095 15.074 4.052 18.135 10.777 14.294 11.641 7.707 16.623 12.416 13.489 7.219 17.594 15.778 4.478 5.677 14.032 10.845 7.920 7.439 11.044 0.000 6.739 9.142 8.624 9.576 9.526 4.439 4.995 10.111 4.844 16.535 10.074 6.878 2.967 19.633 6.903 8.989 11.200 7.688 12.038 9.675 2.497 9.670 5.836 5.255 10.279 16.035 14.219 2.555 16.341 12.985 9.678 13.874 11.567 7.586 10.109 13.500 2.935 9.205 7.070 19.373 9.431 15.562 10.205 15.098 7.653 
58 10.315 15.155 16.005 17.464 13.610 7.449 3.817 11.437 19.072 7.550 19.062 16.361 18.863 4.422 10.250 13.733 19.847 4.658 14.326 14.360 13.876 3.764 14.581 16.674 15.672 2.627 17.044 14.189 15.117 10.985 20.144 3.444 16.953 2.751 4.869 7.456 13.427 2.728 22.486 12.976 15.665 11.738 3.482 21.011 10.480 11.729 13.746 17.519 19.307 11.152 5.352 15.524 12.646 11.199 14.082 17.278 6.739 0.000 12.437 4.847 15.387 14.671 6.338 1.778 9.999 11.499 21.661 15.879 1.119 4.110 18.613 9.637 14.631 5.505 1.045 10.573 6.445 4.255 5.171 6.404 9.448 16.106 13.642 14.054 9.293 16.942 18.262 5.801 14.400 15.780 11.519 16.487 18.484 5.638 9.261 13.499 18.467 10.255 16.023 14.825 19.587 10.315 
59 2.156 3.493 5.416 5.477 2.058 6.524 10.383 1.839 6.660 5.596 8.370 7.230 9.695 9.371 3.394 3.487 8.274 11.035 12.607 6.992 3.507 9.875 3.169 8.429 3.696 13.169 6.701 7.428 7.774 4.692 8.212 9.885 8.450 12.276 7.853 11.091 9.841 10.433 10.089 2.299 5.794 5.582 10.343 8.647 8.702 9.012 8.100 9.930 6.934 10.221 7.190 5.470 2.859 1.287 8.980 8.661 9.142 12.437 0.000 9.941 6.183 4.212 6.180 11.526 5.469 10.493 9.810 6.440 11.695 11.044 12.656 2.800 5.368 13.257 12.790 7.896 9.479 10.150 10.991 6.122 3.890 6.634 11.492 7.381 8.885 8.218 6.981 10.254 6.319 3.560 1.709 8.737 6.741 7.422 5.211 7.545 12.310 4.080 7.696 3.310 7.310 2.156 
