param n := 48;
param m := 6;
param L := 30;
param Q := 3;
param T := 480;
param t :
    1   2   3   4   5   6   7   8   9  10  11  12  13  14  15  16  17  18  19  20  21  22  23  24  25  26  27  28  29  30  31  32  33  34  35  36  37  38  39  40  41  42  43  44  45  46  47  48  49  50  51  52  53  54  55  56  57  58  59  60  61  62  63  64  65  66  67  68  69  70  71  72  73  74  75  76  77  78  79  80  81  82  83  84  85  86  87  88  89  90  91  92  93  94  95  96  97  98 :=
1 0.000 4.394 11.466 8.249 2.481 7.645 9.223 9.939 7.677 12.234 7.030 1.028 2.804 8.586 10.682 8.878 6.430 7.507 2.013 6.176 7.953 9.040 3.896 11.992 1.087 5.025 11.274 5.332 4.964 10.244 3.482 8.227 9.457 9.406 5.367 9.978 7.495 11.145 3.818 8.266 3.927 4.749 13.049 3.153 13.342 5.796 2.210 6.771 7.255 3.022 7.353 5.958 1.459 1.040 7.418 7.494 7.920 7.662 3.688 11.094 10.829 6.208 4.776 3.418 10.022 7.646 10.646 5.994 7.428 2.426 9.950 9.345 7.954 11.236 11.906 8.542 10.851 13.135 6.225 6.816 13.824 4.242 13.625 7.784 6.729 7.579 7.379 9.385 5.049 8.871 5.034 5.268 7.964 4.336 11.114 8.442 9.428 0.000 
2 4.394 0.000 13.525 3.872 6.348 6.142 7.782 5.924 6.481 16.233 3.686 4.920 4.411 4.552 9.257 12.097 2.934 11.901 2.767 9.255 4.374 12.193 3.327 16.237 4.274 0.790 6.999 6.283 9.278 9.945 5.533 7.480 7.919 13.749 6.510 14.314 9.215 15.402 3.509 12.575 8.296 8.471 8.858 7.287 15.339 9.560 6.526 9.963 5.645 5.800 11.647 7.826 5.752 5.406 10.725 11.793 10.269 4.782 1.864 15.457 12.608 10.572 7.327 5.182 7.611 11.528 15.039 3.835 11.218 6.137 14.314 13.737 12.037 10.772 7.902 4.518 13.087 9.200 10.303 4.718 13.078 7.936 12.864 9.209 2.558 11.127 11.099 10.347 8.831 7.747 9.038 3.947 4.978 4.299 6.987 11.845 11.851 4.394 
3 11.466 13.525 0.000 16.452 12.837 9.476 9.183 19.147 8.934 18.145 12.563 10.445 14.270 14.560 22.027 4.295 12.715 11.511 11.333 16.150 13.226 4.037 10.216 16.430 12.549 14.294 17.178 16.758 9.646 21.706 14.830 7.969 9.386 13.779 16.757 14.197 4.309 15.758 15.085 9.883 11.482 7.557 18.003 9.307 1.877 7.108 11.679 16.417 9.738 8.477 9.544 17.033 11.712 10.926 5.162 9.617 3.550 18.210 14.251 14.422 1.161 10.219 6.698 8.545 20.940 7.002 12.766 10.859 6.648 9.176 11.325 11.980 8.034 22.700 16.399 14.511 0.776 16.950 8.105 17.775 25.290 13.962 25.090 18.886 14.036 16.320 6.399 20.586 7.518 8.569 13.631 10.073 12.085 9.264 16.361 5.015 2.183 11.466 
4 8.249 3.872 16.452 0.000 10.008 7.594 8.879 2.862 8.099 19.721 4.165 8.788 7.665 2.959 9.135 15.627 3.794 15.749 6.603 12.398 3.976 15.694 6.496 19.914 7.999 3.234 3.829 8.701 13.150 10.752 8.667 9.222 8.896 17.522 8.985 18.078 12.222 19.093 6.265 16.446 12.112 12.245 5.777 11.148 18.163 13.326 10.329 13.122 7.160 9.481 15.517 10.470 9.559 9.270 14.322 15.663 13.497 4.359 4.993 19.246 15.423 14.441 10.824 8.682 6.741 15.304 18.890 5.646 14.968 9.963 18.184 17.592 15.865 11.322 5.385 2.974 16.128 6.680 14.138 5.315 13.122 11.447 12.915 11.402 2.423 14.430 14.830 12.086 12.613 9.130 12.650 6.379 5.233 7.335 4.295 15.452 15.036 8.249 
5 2.481 6.348 12.837 10.008 0.000 10.115 11.672 11.205 10.126 9.916 9.395 3.020 2.701 10.797 10.254 9.583 8.752 6.102 4.428 3.778 10.292 9.792 6.376 9.913 2.085 6.814 13.347 4.321 4.393 9.224 2.437 10.620 11.912 7.559 4.217 8.101 9.256 9.087 4.287 7.395 2.500 5.411 15.194 3.576 14.679 6.226 1.183 4.327 9.731 4.906 6.590 4.205 1.261 2.195 8.163 6.704 9.327 8.369 5.044 9.300 12.373 5.239 6.420 5.633 10.217 7.703 9.177 8.460 7.635 3.796 8.771 7.945 7.654 10.235 14.151 10.757 12.148 15.413 6.101 7.231 12.839 1.762 12.655 6.052 8.855 5.101 7.681 7.761 5.574 11.297 2.695 7.749 10.395 6.783 13.294 9.007 10.687 2.481 
6 7.645 6.142 9.476 7.594 10.115 0.000 1.675 10.450 0.547 19.435 3.430 7.215 9.540 5.202 15.363 10.076 3.883 13.527 5.902 13.807 3.863 10.035 3.801 18.728 8.385 6.663 7.705 11.948 10.533 16.057 10.605 1.646 1.863 15.886 12.113 16.462 5.773 17.880 9.305 13.240 10.805 8.444 8.598 8.566 10.991 9.238 9.544 14.415 0.498 6.047 12.370 13.162 8.953 8.087 9.191 12.519 7.340 10.676 7.777 17.340 8.347 11.882 6.073 4.927 13.507 10.972 16.325 2.312 10.513 7.286 15.172 15.064 11.919 16.905 7.011 5.157 9.343 7.747 10.517 10.832 19.217 11.867 19.004 14.814 5.265 15.184 10.270 16.169 8.787 1.624 12.490 2.477 2.637 3.356 6.890 10.213 8.610 7.645 
7 9.223 7.782 9.183 8.879 11.672 1.675 0.000 11.736 1.546 20.796 4.766 8.719 11.202 6.217 16.964 10.499 5.337 14.696 7.544 15.397 4.951 10.418 5.437 19.970 10.006 8.267 8.356 13.622 11.726 17.715 12.259 1.489 0.278 17.103 13.785 17.671 6.068 19.130 10.979 14.224 12.193 9.491 8.901 9.854 10.499 10.169 11.035 15.990 2.159 7.354 13.392 14.820 10.482 9.592 9.811 13.537 7.655 12.225 9.445 18.487 8.023 13.037 7.052 6.286 15.038 11.756 17.369 3.949 11.281 8.633 16.148 16.140 12.770 18.553 7.297 6.179 9.189 7.770 11.502 12.444 20.843 13.413 20.629 16.483 6.670 16.707 11.020 17.844 9.809 0.661 13.969 4.142 3.665 4.890 7.425 10.745 8.703 9.223 
8 9.939 5.924 19.147 2.862 11.205 10.450 11.736 0.000 10.951 20.383 7.024 10.670 8.577 5.683 7.303 18.012 6.617 17.235 8.650 12.840 6.811 18.102 9.012 20.889 9.414 5.143 5.403 8.772 14.898 9.402 9.359 12.073 11.748 18.740 9.070 19.267 14.872 20.106 6.992 18.193 13.552 14.356 7.086 13.035 20.894 15.447 11.783 13.548 10.011 11.723 17.287 10.558 11.053 10.977 16.647 17.426 16.063 3.427 6.290 20.487 18.148 16.096 13.225 11.069 4.705 17.401 20.354 8.444 17.109 11.985 19.811 19.092 17.841 9.757 7.291 5.708 18.783 8.431 16.102 4.765 11.147 12.366 10.953 11.038 5.225 14.971 17.001 11.316 14.709 11.992 13.663 9.099 8.082 9.920 6.239 17.768 17.628 9.939 
9 7.677 6.481 8.934 8.099 10.126 0.547 1.546 10.951 0.000 19.309 3.942 7.179 9.697 5.745 15.728 9.622 4.359 13.302 6.020 13.852 4.405 9.573 3.915 18.540 8.469 7.038 8.250 12.148 10.316 16.352 10.741 1.123 1.788 15.685 12.302 16.258 5.282 17.696 9.547 12.943 10.690 8.162 9.119 8.392 10.445 8.916 9.499 14.444 0.941 5.878 12.085 13.306 8.938 8.052 8.778 12.233 6.859 11.083 8.056 17.109 7.804 11.650 5.757 4.784 13.921 10.607 16.052 2.692 10.142 7.143 14.873 14.803 11.576 17.215 7.528 5.700 8.810 8.232 10.216 11.190 19.556 11.868 19.343 14.989 5.749 15.166 9.894 16.378 8.496 1.287 12.437 2.668 3.184 3.344 7.428 9.782 8.100 7.677 
10 12.234 16.233 18.145 19.721 9.916 19.435 20.796 20.383 19.309 0.000 19.262 12.337 12.057 20.713 16.532 13.854 18.644 6.692 14.247 7.566 20.178 14.114 15.979 2.332 11.999 16.630 23.220 11.709 9.286 14.211 11.100 19.494 21.062 4.373 11.418 4.012 16.409 2.585 13.525 8.295 8.632 11.736 25.091 10.956 19.545 11.547 10.064 6.880 19.137 13.442 8.612 10.024 10.779 11.501 13.144 8.532 15.559 17.089 14.742 4.284 18.301 8.209 14.062 14.525 17.837 11.145 6.015 18.151 11.521 12.167 7.275 6.313 10.122 14.936 24.067 20.673 17.373 25.326 10.264 15.748 16.871 8.304 16.787 10.377 18.763 5.421 11.785 11.361 11.533 20.291 7.229 17.307 20.175 16.121 23.204 13.130 16.153 12.234 
11 7.030 3.686 12.563 4.165 9.395 3.430 4.766 7.024 3.942 19.262 0.000 7.075 7.947 2.081 12.398 12.360 0.753 14.137 5.016 12.700 0.960 12.379 3.623 18.963 7.357 3.893 4.941 9.967 11.227 13.436 9.080 5.064 4.815 16.274 10.189 16.855 8.486 18.111 7.193 14.342 10.835 9.676 6.371 9.121 14.197 10.672 9.222 13.384 3.007 6.867 13.415 11.472 8.488 7.836 11.214 13.568 9.913 7.568 5.548 17.893 11.484 12.605 7.721 5.806 10.337 12.604 17.180 1.787 12.198 7.785 16.224 15.871 13.371 14.196 5.015 2.029 12.320 6.164 11.747 7.966 16.347 11.116 16.134 12.894 1.911 14.424 12.005 14.020 10.052 4.974 12.046 2.779 1.334 4.077 4.426 12.325 11.369 7.030 
12 1.028 4.920 10.445 8.788 3.020 7.215 8.719 10.670 7.179 12.337 7.075 0.000 3.827 8.797 11.706 7.879 6.551 7.129 2.224 6.798 8.025 8.036 3.643 11.899 2.104 5.624 11.577 6.330 4.372 11.261 4.443 7.616 8.967 9.201 6.351 9.781 6.518 11.045 4.819 7.659 3.772 3.804 13.281 2.375 12.321 4.874 2.329 7.337 6.868 2.039 6.729 6.850 1.779 0.873 6.423 6.876 6.897 8.569 4.522 10.836 9.824 5.697 3.765 2.617 10.997 6.775 10.235 5.821 6.526 1.428 9.427 8.923 7.171 12.255 12.051 8.751 9.826 13.235 5.432 7.782 14.846 4.714 14.647 8.695 7.050 7.988 6.458 10.326 4.124 8.314 5.277 4.975 7.869 3.859 11.327 7.465 8.400 1.028 
13 2.804 4.411 14.270 7.665 2.701 9.540 11.202 8.577 9.697 12.057 7.947 3.827 0.000 8.956 7.965 11.554 7.221 8.804 3.703 4.852 8.731 11.732 5.787 12.352 1.723 4.651 11.244 2.586 6.913 7.442 1.134 10.436 11.403 10.167 2.673 10.691 10.268 11.554 1.598 10.046 5.180 7.351 13.158 5.580 16.146 8.329 3.558 5.565 9.085 5.816 9.210 3.627 3.012 3.483 10.094 9.331 10.723 5.668 2.713 11.914 13.626 7.890 7.579 6.062 7.611 10.032 11.868 7.488 9.886 5.170 11.469 10.644 10.138 8.432 12.291 8.923 13.652 13.598 8.487 4.547 11.020 3.822 10.821 5.299 6.957 6.792 9.881 6.774 7.604 10.965 5.094 7.064 9.137 6.522 11.342 11.066 12.225 2.804 
14 8.586 4.552 14.560 2.959 10.797 5.202 6.217 5.683 5.745 20.713 2.081 8.797 8.956 0.000 11.984 14.440 2.306 15.922 6.619 13.805 1.343 14.460 5.576 20.578 8.714 4.382 2.887 10.604 13.074 13.397 10.070 6.840 6.188 17.967 10.860 18.543 10.542 19.731 7.891 16.255 12.489 11.660 4.484 10.973 16.150 12.679 10.795 14.514 4.858 8.833 15.322 12.260 10.033 9.488 13.283 15.474 11.986 7.125 6.308 19.626 13.462 14.440 9.780 7.812 9.667 14.627 19.008 3.868 14.230 9.658 18.112 17.696 15.361 14.049 3.359 0.052 14.346 4.648 13.709 7.856 15.978 12.445 15.769 13.477 1.999 15.672 14.045 14.397 12.038 6.576 13.488 4.854 2.591 6.125 2.532 14.398 13.429 8.586 
15 10.682 9.257 22.027 9.135 10.254 15.363 16.964 7.303 15.728 16.532 12.398 11.706 7.965 11.984 0.000 19.517 11.714 15.886 10.761 9.489 12.665 19.693 12.354 17.773 9.648 8.701 12.591 5.981 14.646 2.625 7.822 16.736 17.073 16.469 6.150 16.862 17.844 17.157 6.944 17.503 12.664 15.316 14.367 13.531 23.901 16.282 11.346 10.001 14.866 13.572 16.769 6.984 10.927 11.447 18.057 16.870 18.520 4.875 7.933 18.108 21.276 15.388 15.352 13.526 2.611 17.920 18.612 13.052 17.809 13.100 18.591 17.572 17.907 2.573 14.390 11.987 21.459 15.613 16.337 4.539 3.994 10.356 3.785 6.160 10.553 11.446 17.820 5.398 15.564 16.981 11.601 13.191 13.714 13.305 13.300 19.030 20.065 10.682 
16 8.878 12.097 4.295 15.627 9.583 10.076 10.499 18.012 9.622 13.854 12.360 7.879 11.554 14.440 19.517 0.000 12.253 7.249 9.462 12.466 13.214 0.263 9.141 12.143 9.876 12.884 17.289 13.814 5.734 18.778 11.856 9.029 10.761 9.485 13.752 9.902 4.433 11.464 12.694 5.589 7.761 4.217 18.514 6.046 5.762 3.371 8.402 12.631 10.135 6.331 5.269 13.742 8.656 8.071 1.461 5.335 2.861 16.362 12.276 10.153 4.604 6.062 4.805 6.957 18.870 2.724 8.534 10.578 2.418 6.454 7.096 7.694 3.739 19.789 16.977 14.388 3.528 17.808 4.012 15.652 22.398 10.378 22.210 15.545 13.362 12.345 2.207 17.271 4.012 9.838 9.816 9.589 12.338 8.380 16.661 0.733 2.490 8.878 
17 6.430 2.934 12.715 3.794 8.752 3.883 5.337 6.617 4.359 18.644 0.753 6.551 7.221 2.306 11.714 12.253 0.000 13.657 4.426 11.997 1.542 12.288 3.274 18.403 6.695 3.151 5.184 9.216 10.785 12.704 8.355 5.474 5.412 15.747 9.439 16.326 8.548 17.553 6.442 13.952 10.284 9.358 6.761 8.681 14.397 10.382 8.635 12.686 3.420 6.529 13.020 10.730 7.888 7.279 11.052 13.172 9.913 6.911 4.796 17.387 11.664 12.155 7.533 5.521 9.707 12.337 16.728 1.862 11.947 7.359 15.814 15.416 13.059 13.474 5.502 2.256 12.428 6.708 11.403 7.255 15.649 10.457 15.436 12.143 1.394 13.750 11.767 13.267 9.735 5.480 11.419 2.705 2.073 3.882 4.802 12.174 11.409 6.430 
18 7.507 11.901 11.511 15.749 6.102 13.527 14.696 17.235 13.302 6.692 14.137 7.129 8.804 15.922 15.886 7.249 13.657 0.000 9.338 6.820 15.095 7.512 10.557 5.345 7.835 12.518 18.704 9.955 2.995 14.316 8.367 13.297 14.971 2.465 9.754 3.005 9.804 4.541 10.387 2.046 3.683 5.265 20.405 5.051 13.001 4.903 5.462 6.644 13.314 7.517 1.986 9.005 6.214 6.507 6.455 1.941 8.877 14.471 10.968 3.817 11.618 1.660 7.696 8.659 16.207 4.525 3.141 12.704 4.864 6.394 2.715 1.857 3.609 15.278 19.144 15.875 10.736 20.294 3.583 13.317 17.755 5.532 17.602 10.433 14.168 5.798 5.118 12.055 5.001 14.131 4.304 11.737 14.785 10.419 18.449 6.517 9.477 7.507 
19 2.013 2.767 11.333 6.603 4.428 5.902 7.544 8.650 6.020 14.247 5.016 2.224 3.703 6.619 10.761 9.462 4.426 9.338 0.000 7.965 5.943 9.578 2.106 13.980 2.508 3.519 9.367 6.233 6.591 10.813 4.722 6.733 7.756 11.348 6.356 11.924 7.093 13.130 3.909 9.866 5.871 5.711 11.098 4.551 13.194 6.802 4.211 8.605 5.470 3.131 8.934 7.289 3.471 2.869 8.055 9.082 7.904 6.963 2.923 13.010 10.531 7.921 4.802 2.788 9.622 8.765 12.453 4.049 8.462 3.370 11.649 11.143 9.272 11.755 9.916 6.574 10.814 11.133 7.540 6.442 14.261 6.180 14.053 9.002 4.830 9.517 8.352 10.459 6.069 7.276 7.040 3.441 5.969 2.825 9.151 9.161 9.484 2.013 
20 6.176 9.255 16.150 12.398 3.778 13.807 15.397 12.840 13.852 7.566 12.700 6.798 4.852 13.805 9.489 12.466 11.997 6.820 7.965 0.000 13.527 12.705 10.021 8.398 5.458 9.493 16.064 4.149 6.753 7.606 3.759 14.384 15.629 7.002 3.862 7.377 12.872 7.723 6.132 8.723 4.711 8.593 17.990 6.902 17.934 9.147 4.704 0.724 13.401 8.646 8.210 2.558 5.032 5.966 11.164 8.266 12.746 9.524 7.546 8.620 15.816 6.882 10.048 9.411 10.412 10.123 9.224 12.003 10.210 7.463 9.409 8.301 9.691 8.531 17.143 13.772 15.420 18.449 8.549 8.182 10.955 2.220 10.808 3.634 11.807 2.147 10.340 5.235 8.645 15.045 2.716 11.386 13.820 10.512 16.190 11.801 13.968 6.176 
21 7.953 4.374 13.226 3.976 10.292 3.863 4.951 6.811 4.405 20.178 0.960 8.025 8.731 1.343 12.665 13.214 1.542 15.095 5.943 13.527 0.000 13.224 4.580 19.907 8.237 4.442 4.077 10.638 12.186 13.865 9.864 5.505 4.946 17.226 10.873 17.806 9.240 19.055 7.870 15.298 11.780 10.619 5.428 10.081 14.809 11.607 10.153 14.219 3.516 7.818 14.371 12.199 9.413 8.778 12.099 14.524 10.706 7.795 6.230 18.849 12.124 13.564 8.625 6.747 10.480 13.530 18.139 2.651 13.119 8.744 17.182 16.830 14.311 14.583 4.055 1.296 13.021 5.210 12.695 8.339 16.644 11.999 16.433 13.556 2.141 15.291 12.922 14.612 10.995 5.272 12.955 3.673 1.287 4.999 3.494 13.203 12.128 7.953 
22 9.040 12.193 4.037 15.694 9.792 10.035 10.418 18.102 9.573 14.114 12.379 8.036 11.732 14.460 19.693 0.263 12.288 7.512 9.578 12.705 13.224 0.000 9.202 12.397 10.047 12.982 17.301 14.010 5.980 18.978 12.051 8.955 10.677 9.746 13.953 10.160 4.350 11.721 12.854 5.846 7.998 4.410 18.504 6.245 5.499 3.593 8.610 12.876 10.107 6.447 5.532 13.959 8.850 8.249 1.642 5.598 2.764 16.494 12.408 10.403 4.368 6.323 4.882 7.037 19.018 2.987 8.777 10.594 2.680 6.614 7.338 7.948 3.998 19.988 16.960 14.409 3.271 17.775 4.267 15.800 22.597 10.609 22.409 15.767 13.414 12.600 2.466 17.492 4.218 9.757 10.061 9.613 12.328 8.424 16.660 0.996 2.272 9.040 
23 3.896 3.327 10.216 6.496 6.376 3.801 5.437 9.012 3.915 15.979 3.623 3.643 5.787 5.576 12.354 9.141 3.274 10.557 2.106 10.021 4.580 9.202 0.000 15.506 4.585 4.083 8.458 8.272 7.619 12.674 6.826 4.670 5.651 12.757 8.413 13.339 5.909 14.652 5.770 10.719 7.400 6.085 9.987 5.518 12.020 7.110 5.936 10.642 3.382 3.258 9.792 9.391 5.276 4.483 7.870 9.944 7.051 8.089 4.438 14.340 9.285 9.000 4.349 2.260 10.894 9.068 13.572 2.182 8.684 4.175 12.602 12.266 9.785 13.582 8.633 5.525 9.804 9.746 8.138 7.866 16.023 8.138 15.811 11.085 4.234 11.474 8.512 12.506 6.462 5.178 8.868 1.372 4.251 0.975 8.034 8.999 8.617 3.896 
24 11.992 16.237 16.430 19.914 9.913 18.728 19.970 20.889 18.540 2.332 18.963 11.899 12.352 20.578 17.773 12.143 18.403 5.345 13.980 8.398 19.907 12.397 15.506 0.000 11.966 16.727 23.223 12.487 8.251 15.616 11.532 18.597 20.244 2.885 12.213 2.344 15.128 0.854 13.909 6.562 8.129 10.604 25.032 10.163 17.719 10.225 9.783 7.804 18.478 12.680 7.063 10.953 10.547 11.128 11.607 6.955 14.118 17.730 14.930 2.098 16.693 6.992 13.023 13.808 18.808 9.502 3.868 17.687 9.921 11.465 5.236 4.450 8.416 16.420 23.895 20.534 15.668 25.110 8.876 16.425 18.526 8.533 18.423 11.648 18.694 6.334 10.200 12.849 10.346 19.423 7.273 16.774 19.755 15.508 23.103 11.440 14.537 11.992 
25 1.087 4.274 12.549 7.999 2.085 8.385 10.006 9.414 8.469 11.999 7.357 2.104 1.723 8.714 9.648 9.876 6.695 7.835 2.508 5.458 8.237 10.047 4.585 11.966 0.000 4.778 11.270 4.247 5.566 9.158 2.429 9.099 10.228 9.523 4.288 10.080 8.578 11.132 2.886 8.821 4.156 5.698 13.111 3.988 14.425 6.710 2.373 6.104 7.965 4.109 7.936 4.955 1.641 1.827 8.415 8.069 9.002 6.885 3.134 11.249 11.916 6.696 5.863 4.448 9.108 8.489 10.968 6.547 8.308 3.457 10.397 9.691 8.698 10.151 12.069 8.674 11.930 13.335 6.999 5.935 12.742 3.762 12.543 6.755 6.770 7.070 8.282 8.330 5.972 9.699 4.779 5.940 8.409 5.168 11.209 9.412 10.502 1.087 
26 5.025 0.790 14.294 3.234 6.814 6.663 8.267 5.143 7.038 16.630 3.893 5.624 4.651 4.382 8.701 12.884 3.151 12.518 3.519 9.493 4.442 12.982 4.083 16.727 4.778 0.000 6.602 6.241 9.957 9.559 5.737 8.072 8.385 14.298 6.490 14.857 9.985 15.899 3.510 13.260 8.879 9.229 8.508 7.997 16.102 10.320 7.096 10.211 6.166 6.581 12.336 7.878 6.326 6.054 11.509 12.481 11.054 4.093 1.948 16.018 13.367 11.229 8.117 5.972 6.935 12.284 15.659 4.353 11.980 6.879 14.972 14.363 12.770 10.346 7.670 4.355 13.864 8.986 11.033 4.177 12.580 8.327 12.367 9.140 2.409 11.436 11.866 10.170 9.587 8.282 9.484 4.594 5.223 5.049 6.698 12.628 12.635 5.025 
27 11.274 6.999 17.178 3.829 13.347 7.705 8.356 5.403 8.250 23.220 4.941 11.577 11.244 2.887 12.591 17.289 5.184 18.704 9.367 16.064 4.077 17.301 8.458 23.223 11.270 6.602 0.000 12.499 15.898 14.438 12.306 9.273 8.252 20.680 12.779 21.252 13.292 22.384 9.963 19.107 15.200 14.542 1.952 13.806 18.685 15.564 13.465 16.785 7.449 11.713 18.173 14.251 12.694 12.222 16.155 18.325 14.776 8.046 8.531 22.363 16.052 17.255 12.660 10.699 10.042 17.514 21.810 6.714 17.117 12.504 20.949 20.498 18.243 14.929 1.929 2.938 17.019 3.032 16.583 9.110 16.507 14.916 16.309 15.229 4.546 18.035 16.931 15.902 14.920 8.842 16.037 7.719 5.101 9.008 1.040 17.265 16.178 11.274 
28 5.332 6.283 16.758 8.701 4.321 11.948 13.622 8.772 12.148 11.709 9.967 6.330 2.586 10.604 5.981 13.814 9.216 9.955 6.233 4.149 10.638 14.010 8.272 12.487 4.247 6.241 12.499 0.000 8.695 4.977 1.960 12.941 13.808 10.777 0.298 11.227 12.825 11.772 2.774 11.525 6.686 9.600 14.450 7.768 18.629 10.493 5.462 4.830 11.476 8.354 10.789 1.799 5.162 5.849 12.369 10.889 13.208 5.401 4.419 12.483 16.154 9.407 10.095 8.646 6.381 12.024 12.794 9.791 11.948 7.592 12.669 11.691 11.952 5.985 13.813 10.580 16.118 15.138 10.422 4.051 8.593 4.431 8.402 2.928 8.650 6.295 11.983 4.234 9.807 13.428 5.727 9.486 11.239 9.057 12.786 13.271 14.675 5.332 
29 4.964 9.278 9.646 13.150 4.393 10.533 11.726 14.898 10.316 9.286 11.227 4.372 6.913 13.074 14.646 5.734 10.785 2.995 6.591 6.753 12.186 5.980 7.619 8.251 5.566 9.957 15.898 8.695 0.000 13.511 6.829 10.347 12.001 5.377 8.568 5.945 7.170 7.417 8.384 3.304 2.110 2.458 17.546 2.106 11.345 2.542 3.357 6.898 10.318 4.525 2.389 8.268 3.954 3.924 4.512 2.530 6.527 12.443 8.621 6.812 9.506 1.382 4.796 5.667 14.523 3.420 5.954 9.743 3.463 3.444 5.059 4.647 3.261 14.516 16.241 13.025 8.886 17.366 1.812 11.430 17.100 4.749 16.925 9.993 11.398 6.676 3.587 11.715 2.299 11.173 4.082 8.763 11.822 7.435 15.587 5.054 7.481 4.964 
30 10.244 9.945 21.706 10.752 9.224 16.057 17.715 9.402 16.352 14.211 13.436 11.261 7.442 13.397 2.625 18.778 12.704 14.316 10.813 7.606 13.865 18.978 12.674 15.616 9.158 9.559 14.438 4.977 13.511 0.000 6.935 17.272 17.859 14.586 5.025 14.928 17.695 15.058 6.919 16.088 11.431 14.569 16.302 12.733 23.580 15.441 10.392 8.004 15.563 13.257 15.440 5.330 10.135 10.820 17.338 15.524 18.156 6.404 8.300 16.149 21.067 14.056 15.020 13.433 4.948 16.898 16.829 13.767 16.853 12.558 16.971 15.887 16.731 1.011 16.129 13.391 21.077 17.405 15.284 5.546 3.620 8.906 3.433 4.015 11.725 9.369 16.904 2.881 14.767 17.636 10.023 13.710 14.770 13.562 15.035 18.222 19.639 10.244 
31 3.482 5.533 14.830 8.667 2.437 10.605 12.259 9.359 10.741 11.100 9.080 4.443 1.134 10.070 7.822 11.856 8.355 8.367 4.722 3.759 9.864 12.051 6.826 11.532 2.429 5.737 12.306 1.960 6.829 6.935 0.000 11.440 12.466 9.502 1.929 10.001 10.961 10.757 2.426 9.791 4.899 7.641 14.231 5.811 16.698 8.542 3.533 4.479 10.158 6.481 9.009 2.568 3.202 3.906 10.410 9.119 11.281 6.248 3.789 11.244 14.253 7.645 8.195 6.876 7.846 10.109 11.345 8.593 10.017 5.655 11.073 10.170 10.089 7.943 13.396 10.038 14.181 14.707 8.518 5.005 10.552 3.042 10.361 4.332 8.071 5.764 10.044 5.904 7.851 11.998 4.369 8.130 10.267 7.509 12.435 11.318 12.734 3.482 
32 8.227 7.480 7.969 9.222 10.620 1.646 1.489 12.073 1.123 19.494 5.064 7.616 10.436 6.840 16.736 9.029 5.474 13.297 6.733 14.384 5.505 8.955 4.670 18.597 9.099 8.072 9.273 12.941 10.347 17.272 11.440 0.000 1.762 15.721 13.078 16.285 4.607 17.762 10.410 12.766 10.937 8.064 10.035 8.539 9.415 8.708 9.893 14.947 2.062 6.079 11.946 14.008 9.394 8.479 8.323 12.089 6.198 12.141 8.975 17.073 6.822 11.637 5.619 5.073 14.983 10.271 15.922 3.760 9.796 7.371 14.686 14.705 11.292 18.153 8.431 6.796 7.902 9.035 10.050 12.197 20.529 12.330 20.317 15.735 6.866 15.578 9.533 17.174 8.371 0.852 12.795 3.568 4.261 3.934 8.415 9.262 7.311 8.227 
33 9.457 7.919 9.386 8.896 11.912 1.863 0.278 11.748 1.788 21.062 4.815 8.967 11.403 6.188 17.073 10.761 5.412 14.971 7.756 15.629 4.946 10.677 5.651 20.244 10.228 8.385 8.252 13.808 12.001 17.859 12.466 1.762 0.000 17.377 13.974 17.946 6.329 19.403 11.151 14.502 12.456 9.769 8.743 10.123 10.674 10.447 11.286 16.227 2.332 7.621 13.670 15.024 10.726 9.840 10.083 13.815 7.914 12.314 9.604 18.763 8.225 13.313 7.330 6.548 15.118 12.032 17.647 4.093 11.557 8.898 16.426 16.418 13.048 18.691 7.143 6.152 9.406 7.579 11.780 12.561 20.965 13.655 20.751 16.677 6.724 16.954 11.295 18.025 10.087 0.924 14.223 4.339 3.667 5.129 7.307 11.012 8.945 9.457 
34 9.406 13.749 13.779 17.522 7.559 15.886 17.103 18.740 15.685 4.373 16.274 9.201 10.167 17.967 16.469 9.485 15.747 2.465 11.348 7.002 17.226 9.746 12.757 2.885 9.523 14.298 20.680 10.777 5.377 14.586 9.502 15.721 17.377 0.000 10.532 0.582 12.264 2.077 11.761 3.923 5.482 7.719 22.444 7.335 15.173 7.361 7.224 6.587 15.650 9.845 4.274 9.487 7.999 8.479 8.828 4.182 11.300 15.748 12.596 1.747 13.965 4.107 10.140 10.980 17.156 6.786 2.367 14.930 7.175 8.657 3.173 2.051 5.750 15.484 21.249 17.922 13.008 22.436 6.025 14.502 17.811 6.466 17.681 10.578 16.134 5.326 7.446 12.032 7.463 16.550 5.134 13.993 17.007 12.705 20.499 8.764 11.811 9.406 
35 5.367 6.510 16.757 8.985 4.217 12.113 13.785 9.070 12.302 11.418 10.189 6.351 2.673 10.860 6.150 13.752 9.439 9.754 6.356 3.862 10.873 13.953 8.413 12.213 4.288 6.490 12.779 0.298 8.568 5.025 1.929 13.078 13.974 10.532 0.000 10.976 12.861 11.502 3.003 11.353 6.538 9.544 14.730 7.708 18.626 10.419 5.375 4.538 11.644 8.383 10.630 1.503 5.114 5.835 12.314 10.728 13.208 5.698 4.646 12.233 16.172 9.246 10.112 8.714 6.635 11.918 12.568 9.975 11.853 7.583 12.467 11.477 11.819 6.036 14.081 10.836 16.110 15.405 10.311 4.347 8.645 4.224 8.457 2.721 8.899 6.006 11.895 4.104 9.742 13.579 5.506 9.645 11.454 9.181 13.057 13.199 14.662 5.367 
36 9.978 14.314 14.197 18.078 8.101 16.462 17.671 19.267 16.258 4.012 16.855 9.781 10.691 18.543 16.862 9.902 16.326 3.005 11.924 7.377 17.806 10.160 13.339 2.344 10.080 14.857 21.252 11.227 5.945 14.928 10.001 16.285 17.946 0.582 10.976 0.000 12.785 1.575 12.282 4.316 6.056 8.269 23.019 7.914 15.554 7.882 7.792 6.924 16.228 10.422 4.743 9.891 8.566 9.056 9.298 4.642 11.791 16.249 13.143 1.256 14.414 4.659 10.696 11.558 17.608 7.223 2.287 15.512 7.627 9.237 3.326 2.303 6.163 15.811 21.827 18.498 13.429 23.016 6.535 14.993 18.103 6.960 17.977 10.914 16.707 5.604 7.902 12.327 8.006 17.115 5.633 14.574 17.589 13.285 21.075 9.187 12.258 9.978 
37 7.495 9.215 4.309 12.222 9.256 5.773 6.068 14.872 5.282 16.409 8.486 6.518 10.268 10.542 17.844 4.433 8.548 9.804 7.093 12.872 9.240 4.350 5.909 15.128 8.578 9.985 13.292 12.825 7.170 17.695 10.961 4.607 6.329 12.264 12.861 12.785 0.000 14.341 10.927 8.810 8.506 4.717 14.344 6.036 6.135 4.904 8.188 13.266 5.908 4.480 8.120 13.335 8.032 7.150 3.906 8.245 1.591 13.913 9.993 13.368 3.439 8.210 2.836 4.318 16.662 6.025 11.997 6.724 5.544 5.460 10.650 10.894 7.124 18.673 12.770 10.492 3.911 13.514 6.256 13.519 21.235 10.654 21.030 15.190 9.824 13.479 5.260 16.839 4.883 5.407 10.644 5.858 8.216 4.964 12.567 4.724 2.888 7.495 
38 11.145 15.402 15.758 19.093 9.087 17.880 19.130 20.106 17.696 2.585 18.111 11.045 11.554 19.731 17.157 11.464 17.553 4.541 13.130 7.723 19.055 11.721 14.652 0.854 11.132 15.899 22.384 11.772 7.417 15.058 10.757 17.762 19.403 2.077 11.502 1.575 14.341 0.000 13.119 5.875 7.276 9.786 24.188 9.315 17.092 9.438 8.936 7.160 17.628 11.832 6.317 10.281 9.701 10.277 10.873 6.217 13.363 16.974 14.114 1.725 15.986 6.176 12.198 12.959 18.118 8.794 3.431 16.833 9.200 10.614 4.706 3.806 7.727 15.887 23.046 19.687 14.992 24.258 8.098 15.678 18.053 7.742 17.943 11.065 17.851 5.713 9.476 12.332 9.536 18.586 6.465 15.920 18.901 14.656 22.257 10.752 13.830 11.145 
39 3.818 3.509 15.085 6.265 4.287 9.305 10.979 6.992 9.547 13.525 7.193 4.819 1.598 7.891 6.944 12.694 6.442 10.387 3.909 6.132 7.870 12.854 5.770 13.909 2.886 3.510 9.963 2.774 8.384 6.919 2.426 10.410 11.151 11.761 3.003 12.282 10.927 13.119 0.000 11.575 6.742 8.556 11.902 6.873 16.959 9.585 5.060 6.857 8.822 6.629 10.719 4.368 4.432 4.707 11.235 10.845 11.576 4.094 1.646 13.508 14.350 9.423 8.409 6.614 6.224 11.376 13.462 7.089 11.192 6.240 13.040 12.232 11.564 7.850 11.158 7.864 14.515 12.479 9.877 3.055 10.353 5.378 10.146 5.701 5.914 8.181 11.162 6.898 8.843 10.834 6.671 6.880 8.471 6.645 10.159 12.259 13.125 3.818 
40 8.266 12.575 9.883 16.446 7.395 13.240 14.224 18.193 12.943 8.295 14.342 7.659 10.046 16.255 17.503 5.589 13.952 2.046 9.866 8.723 15.298 5.846 10.719 6.562 8.821 13.260 19.107 11.525 3.304 16.088 9.791 12.766 14.502 3.923 11.353 4.316 8.810 5.875 11.575 0.000 4.897 4.803 20.702 5.322 11.250 4.060 6.516 8.609 13.098 7.492 0.935 10.758 7.186 7.227 5.092 0.785 7.648 15.661 11.909 4.627 10.132 2.157 7.188 8.604 17.611 2.947 3.191 12.764 3.384 6.603 1.931 2.134 1.854 17.068 19.345 16.205 9.117 20.422 2.727 14.593 19.586 7.194 19.427 12.288 14.642 7.832 3.669 13.947 4.454 13.617 6.088 11.752 14.821 10.397 18.745 4.880 7.976 8.266 
41 3.927 8.296 11.482 12.112 2.500 10.805 12.193 13.552 10.690 8.632 10.835 3.772 5.180 12.489 12.664 7.761 10.284 3.683 5.871 4.711 11.780 7.998 7.400 8.129 4.156 8.879 15.200 6.686 2.110 11.431 4.899 10.937 12.456 5.482 6.538 6.056 8.506 7.276 6.742 4.897 0.000 3.956 16.963 2.508 13.244 4.437 1.787 4.935 10.505 4.859 4.113 6.164 2.553 3.006 6.454 4.220 8.162 10.835 7.287 7.168 11.218 2.746 5.801 5.908 12.715 5.530 6.812 9.582 5.560 3.567 6.300 5.540 5.300 12.433 15.784 12.444 10.742 16.986 3.920 9.724 15.008 2.642 14.835 7.883 10.654 4.975 5.666 9.606 3.964 11.712 2.166 8.700 11.639 7.490 15.020 7.107 9.300 3.927 
42 4.749 8.471 7.557 12.245 5.411 8.444 9.491 14.356 8.162 11.736 9.676 3.804 7.351 11.660 15.316 4.217 9.358 5.265 5.711 8.593 10.619 4.410 6.085 10.604 5.698 9.229 14.542 9.600 2.458 14.569 7.641 8.064 9.769 7.719 9.544 8.269 4.717 9.786 8.556 4.803 3.956 0.000 16.046 1.840 9.354 1.091 4.228 8.876 8.295 2.832 3.926 9.606 4.440 3.876 2.770 4.075 4.209 12.372 8.316 9.011 7.262 3.612 2.445 3.873 14.770 3.060 7.891 8.030 2.753 2.397 6.733 6.650 3.701 15.579 14.640 11.610 6.832 15.677 2.099 11.565 18.189 6.408 17.999 11.436 10.208 8.895 2.661 13.156 0.377 8.906 6.121 7.005 10.061 5.649 14.101 3.716 5.377 4.749 
43 13.049 8.858 18.003 5.777 15.194 8.598 8.901 7.086 9.119 25.091 6.371 13.281 13.158 4.484 14.367 18.514 6.761 20.405 11.098 17.990 5.428 18.504 9.987 25.032 13.111 8.508 1.952 14.450 17.546 16.302 14.231 10.035 8.743 22.444 14.730 23.019 14.344 24.188 11.902 20.702 16.963 16.046 0.000 15.442 19.393 17.034 15.254 18.710 8.437 13.238 19.772 16.200 14.487 13.966 17.463 19.924 15.883 9.935 10.447 24.107 16.854 18.916 14.027 12.174 11.785 18.952 23.487 8.055 18.536 14.118 22.572 22.175 19.739 16.757 1.606 4.530 17.921 1.706 18.118 11.034 18.233 16.793 18.039 17.178 6.343 19.943 18.334 17.832 16.422 9.470 17.888 9.084 6.177 10.422 1.959 18.552 17.203 13.049 
44 3.153 7.287 9.307 11.148 3.576 8.566 9.854 13.035 8.392 10.956 9.121 2.375 5.580 10.973 13.531 6.046 8.681 5.051 4.551 6.902 10.081 6.245 5.518 10.163 3.988 7.997 13.806 7.768 2.106 12.733 5.811 8.539 10.123 7.335 7.708 7.914 6.036 9.315 6.873 5.322 2.508 1.840 15.442 0.000 11.132 2.751 2.396 7.251 8.317 2.518 4.388 7.778 2.616 2.171 4.606 4.538 5.851 10.808 6.832 8.855 8.919 3.484 3.294 3.646 13.096 4.507 8.058 7.654 4.321 1.344 7.143 6.750 4.811 13.744 14.136 10.925 8.602 15.264 3.076 9.916 16.353 4.688 16.164 9.616 9.322 7.456 4.304 11.331 2.042 9.338 4.612 6.687 9.735 5.377 13.483 5.512 7.141 3.153 
45 13.342 15.339 1.877 18.163 14.679 10.991 10.499 20.894 10.445 19.545 14.197 12.321 16.146 16.150 23.901 5.762 14.397 13.001 13.194 17.934 14.809 5.499 12.020 17.719 14.425 16.102 18.685 18.629 11.345 23.580 16.698 9.415 10.674 15.173 18.626 15.554 6.135 17.092 16.959 11.250 13.244 9.354 19.393 11.132 0.000 8.828 13.515 18.177 11.296 10.354 11.016 18.881 13.568 12.793 6.833 11.073 5.424 20.048 16.109 15.666 2.747 11.811 8.575 10.407 22.791 8.479 13.956 12.535 8.178 11.043 12.524 13.287 9.436 24.576 17.788 16.103 2.531 18.246 9.723 19.635 27.166 15.761 26.966 20.731 15.741 18.017 7.953 22.435 9.289 9.924 15.376 11.798 13.625 11.058 17.828 6.494 3.992 13.342 
46 5.796 9.560 7.108 13.326 6.226 9.238 10.169 15.447 8.916 11.547 10.672 4.874 8.329 12.679 16.282 3.371 10.382 4.903 6.802 9.147 11.607 3.593 7.110 10.225 6.710 10.320 15.564 10.493 2.542 15.441 8.542 8.708 10.447 7.361 10.419 7.882 4.904 9.438 9.585 4.060 4.437 1.091 17.034 2.751 8.828 0.000 5.050 9.358 9.129 3.880 3.270 10.372 5.361 4.883 2.017 3.407 4.044 13.440 9.394 8.499 6.975 3.341 3.166 4.869 15.806 1.978 7.231 8.992 1.663 3.480 5.979 6.055 2.717 16.452 15.605 12.628 6.351 16.613 1.370 12.609 19.059 7.024 18.873 12.174 11.266 9.212 1.585 13.901 0.750 9.558 6.551 7.963 10.994 6.614 15.097 2.782 4.940 5.796 
47 2.210 6.526 11.679 10.329 1.183 9.544 11.035 11.783 9.499 10.064 9.222 2.329 3.558 10.795 11.346 8.402 8.635 5.462 4.211 4.704 10.153 8.610 5.936 9.783 2.373 7.096 13.465 5.462 3.357 10.392 3.533 9.893 11.286 7.224 5.375 7.792 8.188 8.936 5.060 6.516 1.787 4.228 15.254 2.396 13.515 5.050 0.000 5.161 9.197 3.966 5.661 5.382 0.774 1.461 6.980 5.786 8.185 9.145 5.507 8.931 11.241 4.368 5.355 4.829 11.166 6.577 8.596 8.095 6.487 2.759 8.036 7.318 6.599 11.403 14.116 10.751 10.984 15.342 4.992 8.091 14.010 2.509 13.825 7.222 8.924 5.685 6.522 8.936 4.392 10.613 2.947 7.287 10.111 6.188 13.321 7.832 9.522 2.210 
48 6.771 9.963 16.417 13.122 4.327 14.415 15.990 13.548 14.444 6.880 13.384 7.337 5.565 14.514 10.001 12.631 12.686 6.644 8.605 0.724 14.219 12.876 10.642 7.804 6.104 10.211 16.785 4.830 6.898 8.004 4.479 14.947 16.227 6.587 4.538 6.924 13.266 7.160 6.857 8.609 4.935 8.876 18.710 7.251 18.177 9.358 5.161 0.000 14.017 9.126 8.165 3.170 5.560 6.488 11.370 8.208 13.063 10.219 8.265 8.150 16.129 6.881 10.459 9.937 11.030 10.205 8.865 12.651 10.325 7.910 9.152 8.015 9.699 8.897 17.855 14.480 15.677 19.160 8.664 8.874 11.252 2.652 11.115 3.992 12.517 1.485 10.472 5.482 8.899 15.623 2.816 12.011 14.491 11.101 16.906 11.949 14.234 6.771 
49 7.255 5.645 9.738 7.160 9.731 0.498 2.159 10.011 0.941 19.137 3.007 6.868 9.085 4.858 14.866 10.135 3.420 13.314 5.470 13.401 3.516 10.107 3.382 18.478 7.965 6.166 7.449 11.476 10.318 15.563 10.158 2.062 2.332 15.650 11.644 16.228 5.908 17.628 8.822 13.098 10.505 8.295 8.437 8.317 11.296 9.129 9.197 14.017 0.000 5.806 12.216 12.710 8.587 7.737 9.191 12.366 7.450 10.184 7.287 17.130 8.623 11.678 5.970 4.671 13.017 10.908 16.155 1.815 10.456 7.017 15.028 14.884 11.828 16.409 6.868 4.811 9.571 7.676 10.383 10.334 18.720 11.488 18.506 14.350 4.809 14.814 10.221 15.693 8.647 2.118 12.144 2.031 2.349 3.020 6.675 10.236 8.774 7.255 
50 3.022 5.800 8.477 9.481 4.906 6.047 7.354 11.723 5.878 13.442 6.867 2.039 5.816 8.833 13.572 6.331 6.529 7.517 3.131 8.646 7.818 6.447 3.258 12.680 4.109 6.581 11.713 8.354 4.525 13.257 6.481 6.079 7.621 9.845 8.383 10.422 4.480 11.832 6.629 7.492 4.859 2.832 13.238 2.518 10.354 3.880 3.966 9.126 5.806 0.000 6.573 8.878 3.649 2.728 4.932 6.726 4.950 10.065 5.986 11.333 7.810 5.897 1.782 1.142 12.657 5.854 10.431 5.274 5.497 1.294 9.395 9.139 6.531 14.245 11.857 8.782 7.889 12.930 4.881 9.445 16.824 6.474 16.623 10.727 7.387 9.594 5.350 12.365 3.209 6.857 6.769 4.269 7.340 2.923 11.288 6.047 6.496 3.022 
51 7.353 11.647 9.544 15.517 6.590 12.370 13.392 17.287 12.085 8.612 13.415 6.729 9.210 15.322 16.769 5.269 13.020 1.986 8.934 8.210 14.371 5.532 9.792 7.063 7.936 12.336 18.173 10.789 2.389 15.440 9.009 11.946 13.670 4.274 10.630 4.743 8.120 6.317 10.719 0.935 4.113 3.926 19.772 4.388 11.016 3.270 5.661 8.165 12.216 6.573 0.000 10.118 6.309 6.313 4.557 0.153 7.056 14.796 11.008 5.248 9.694 1.387 6.342 7.691 16.799 2.546 3.977 11.847 2.908 5.669 2.824 2.786 1.643 16.430 18.421 15.273 8.770 19.503 1.904 13.750 18.973 6.535 18.808 11.712 13.707 7.527 3.174 13.396 3.590 12.794 5.519 10.837 13.908 9.484 17.815 4.539 7.543 7.353 
52 5.958 7.826 17.033 10.470 4.205 13.162 14.820 10.558 13.306 10.024 11.472 6.850 3.627 12.260 6.984 13.742 10.730 9.005 7.289 2.558 12.199 13.959 9.391 10.953 4.955 7.878 14.251 1.799 8.268 5.330 2.568 14.008 15.024 9.487 1.503 9.891 13.335 10.281 4.368 10.758 6.164 9.606 16.200 7.778 18.881 10.372 5.382 3.170 12.710 8.878 10.118 0.000 5.336 6.187 12.342 10.199 13.510 7.168 5.979 11.141 16.539 8.737 10.521 9.376 7.862 11.683 11.637 11.111 11.679 7.912 11.683 10.628 11.446 6.313 15.514 12.233 16.350 16.837 10.067 5.814 8.860 3.584 8.692 1.858 10.280 4.655 11.757 3.555 9.751 14.565 4.703 10.685 12.704 10.076 14.503 13.139 14.890 5.958 
53 1.459 5.752 11.712 9.559 1.261 8.953 10.482 11.053 8.938 10.779 8.488 1.779 3.012 10.033 10.927 8.656 7.888 6.214 3.471 5.032 9.413 8.850 5.276 10.547 1.641 6.326 12.694 5.162 3.954 10.135 3.202 9.394 10.726 7.999 5.114 8.566 8.032 9.701 4.432 7.186 2.553 4.440 14.487 2.616 13.568 5.361 0.774 5.560 8.587 3.649 6.309 5.336 0.000 0.935 7.209 6.440 8.179 8.491 4.767 9.705 11.202 5.056 5.202 4.381 10.607 7.022 9.352 7.413 6.887 2.581 8.758 8.068 7.141 11.144 13.360 9.990 11.042 14.592 5.477 7.483 13.753 2.937 13.563 7.194 8.154 6.231 6.892 8.879 4.658 10.087 3.597 6.640 9.406 5.602 12.557 8.128 9.586 1.459 
54 1.040 5.406 10.926 9.270 2.195 8.087 9.592 10.977 8.052 11.501 7.836 0.873 3.483 9.488 11.447 8.071 7.279 6.507 2.869 5.966 8.778 8.249 4.483 11.128 1.827 6.054 12.222 5.849 3.924 10.820 3.906 8.479 9.840 8.479 5.835 9.056 7.150 10.277 4.707 7.227 3.006 3.876 13.966 2.171 12.793 4.883 1.461 6.488 7.737 2.728 6.313 6.187 0.935 0.000 6.611 6.454 7.380 8.645 4.715 10.145 10.373 5.175 4.335 3.449 10.930 6.678 9.640 6.650 6.486 1.751 8.918 8.335 6.940 11.824 12.778 9.443 10.275 13.982 5.220 7.746 14.429 3.854 14.234 8.043 7.677 7.116 6.456 9.708 4.146 9.183 4.408 5.828 8.681 4.731 12.020 7.592 8.828 1.040 
55 7.418 10.725 5.162 14.322 8.163 9.191 9.811 16.647 8.778 13.144 11.214 6.423 10.094 13.283 18.057 1.461 11.052 6.455 8.055 11.164 12.099 1.642 7.870 11.607 8.415 11.509 16.155 12.369 4.512 17.338 10.410 8.323 10.083 8.828 12.314 9.298 3.906 10.873 11.235 5.092 6.454 2.770 17.463 4.606 6.833 2.017 6.980 11.370 9.191 4.932 4.557 12.342 7.209 6.611 0.000 4.656 2.572 14.926 10.841 9.718 5.166 5.073 3.525 5.641 17.417 2.176 8.229 9.448 1.713 4.996 6.836 7.224 3.297 18.349 15.956 13.232 4.393 16.852 2.952 14.200 20.958 9.035 20.769 14.158 12.103 11.185 1.425 15.882 2.591 9.162 8.560 8.436 11.301 7.171 15.576 1.130 3.042 7.418 
56 7.494 11.793 9.617 15.663 6.704 12.519 13.537 17.426 12.233 8.532 13.568 6.876 9.331 15.474 16.870 5.335 13.172 1.941 9.082 8.266 14.524 5.598 9.944 6.955 8.069 12.481 18.325 10.889 2.530 15.524 9.119 12.089 13.815 4.182 10.728 4.642 8.245 6.217 10.845 0.785 4.220 4.075 19.924 4.538 11.073 3.407 5.786 8.208 12.366 6.726 0.153 10.199 6.440 6.454 4.656 0.000 7.166 14.925 11.146 5.124 9.782 1.482 6.488 7.843 16.916 2.616 3.833 11.999 2.993 5.820 2.672 2.653 1.669 16.512 18.573 15.425 8.844 19.656 2.043 13.874 19.050 6.618 18.886 11.781 13.857 7.545 3.263 13.461 3.737 12.937 5.583 10.990 14.060 9.637 17.967 4.607 7.629 7.494 
57 7.920 10.269 3.550 13.497 9.327 7.340 7.655 16.063 6.859 15.559 9.913 6.897 10.723 11.986 18.520 2.861 9.913 8.877 7.904 12.746 10.706 2.764 7.051 14.118 9.002 11.054 14.776 13.208 6.527 18.156 11.281 6.198 7.914 11.300 13.208 11.791 1.591 13.363 11.576 7.648 8.162 4.209 15.883 5.851 5.424 4.044 8.185 13.063 7.450 4.950 7.056 13.510 8.179 7.380 2.572 7.166 0.000 14.848 10.825 12.266 3.069 7.373 3.168 5.140 17.525 4.748 10.799 8.132 4.281 5.629 9.409 9.772 5.869 19.152 14.318 11.935 2.940 15.086 5.295 14.334 21.744 10.537 21.544 15.367 11.134 13.102 3.993 17.058 4.256 6.994 10.328 7.208 9.730 6.164 14.081 3.220 1.585 7.920 
58 7.662 4.782 18.210 4.359 8.369 10.676 12.225 3.427 11.083 17.089 7.568 8.569 5.668 7.125 4.875 16.362 6.911 14.471 6.963 9.524 7.795 16.494 8.089 17.730 6.885 4.093 8.046 5.401 12.443 6.404 6.248 12.141 12.314 15.748 5.698 16.249 13.913 16.974 4.094 15.661 10.835 12.372 9.935 10.808 20.048 13.440 9.145 10.219 10.184 10.065 14.796 7.168 8.491 8.645 14.926 14.925 14.848 0.000 4.087 17.491 17.335 13.512 11.765 9.708 2.844 15.308 17.527 8.392 15.084 9.985 17.132 16.310 15.576 6.965 9.725 7.125 17.731 11.000 13.864 1.353 8.863 9.290 8.653 7.617 5.696 11.668 15.025 7.987 12.690 12.300 10.617 8.687 8.869 9.064 8.631 16.002 16.432 7.662 
59 3.688 1.864 14.251 4.993 5.044 7.777 9.445 6.290 8.056 14.742 5.548 4.522 2.713 6.308 7.933 12.276 4.796 10.968 2.923 7.546 6.230 12.408 4.438 14.930 3.134 1.948 8.531 4.419 8.621 8.300 3.789 8.975 9.604 12.596 4.646 13.143 9.993 14.114 1.646 11.909 7.287 8.316 10.447 6.832 16.109 9.394 5.507 8.265 7.287 5.986 11.008 5.979 4.767 4.715 10.841 11.146 10.825 4.087 0.000 14.333 13.432 9.806 7.707 5.707 6.700 11.295 14.099 5.518 11.049 5.921 13.523 12.824 11.639 9.179 9.615 6.278 13.736 10.929 9.908 3.526 11.590 6.455 11.378 7.346 4.315 9.505 10.976 8.513 8.644 9.341 7.660 5.411 6.829 5.377 8.647 11.921 12.404 3.688 
60 11.094 15.457 14.422 19.246 9.300 17.340 18.487 20.487 17.109 4.284 17.893 10.836 11.914 19.626 18.108 10.153 17.387 3.817 13.010 8.620 18.849 10.403 14.340 2.098 11.249 16.018 22.363 12.483 6.812 16.149 11.244 17.073 18.763 1.747 12.233 1.256 13.368 1.725 13.508 4.627 7.168 9.011 24.107 8.855 15.666 8.499 8.931 8.150 17.130 11.333 5.248 11.141 9.705 10.145 9.718 5.124 12.266 17.491 14.333 0.000 14.735 5.460 11.456 12.475 18.864 7.571 1.770 16.499 8.011 10.194 3.152 2.495 6.463 17.022 22.886 19.580 13.666 24.056 7.130 16.240 19.287 8.205 19.165 12.134 17.817 6.798 8.296 13.519 8.718 17.912 6.875 15.541 18.580 14.230 22.157 9.465 12.583 11.094 
61 10.829 12.608 1.161 15.423 12.373 8.347 8.023 18.148 7.804 18.301 11.484 9.824 13.626 13.462 21.276 4.604 11.664 11.618 10.531 15.816 12.124 4.368 9.285 16.693 11.916 13.367 16.052 16.154 9.506 21.067 14.253 6.822 8.225 13.965 16.172 14.414 3.439 15.986 14.350 10.132 11.218 7.262 16.854 8.919 2.747 6.975 11.241 16.129 8.623 7.810 9.694 16.539 11.202 10.373 5.166 9.782 3.069 17.335 13.432 14.735 0.000 10.223 6.060 7.752 20.095 7.193 13.135 9.803 6.790 8.631 11.699 12.258 8.280 22.053 15.249 13.413 1.404 15.791 8.103 16.958 24.627 13.606 24.424 18.396 13.002 16.136 6.520 20.077 7.280 7.411 13.383 9.053 10.966 8.319 15.225 5.272 2.156 10.829 
62 6.208 10.572 10.219 14.441 5.239 11.882 13.037 16.096 11.650 8.209 12.605 5.697 7.890 14.440 15.388 6.062 12.155 1.660 7.921 6.882 13.564 6.323 9.000 6.992 6.696 11.229 17.255 9.407 1.382 14.056 7.645 11.637 13.313 4.107 9.246 4.659 8.210 6.176 9.423 2.157 2.746 3.612 18.916 3.484 11.811 3.341 4.368 6.881 11.678 5.897 1.387 8.737 5.056 5.175 5.073 1.482 7.373 13.512 9.806 5.460 10.223 0.000 6.038 7.039 15.456 3.422 4.575 11.124 3.647 4.824 3.743 3.267 2.818 15.047 17.619 14.392 9.445 18.746 2.122 12.437 17.594 5.153 17.428 10.347 12.743 6.365 3.859 12.039 3.362 12.471 4.173 10.143 13.204 8.812 16.957 5.336 8.115 6.208 
