param n := 64;
param m := 8;
param L := 30;
param Q := 3;
param T := 480;
param t :
    1   2   3   4   5   6   7   8   9  10  11  12  13  14  15  16  17  18  19  20  21  22  23  24  25  26  27  28  29  30  31  32  33  34  35  36  37  38  39  40  41  42  43  44  45  46  47  48  49  50  51  52  53  54  55  56  57  58  59  60  61  62  63  64  65  66  67  68  69  70  71  72  73  74  75  76  77  78  79  80  81  82  83  84  85  86  87  88  89  90  91  92  93  94  95  96  97  98  99 100 101 102 103 104 105 106 107 108 109 110 111 112 113 114 115 116 117 118 119 120 121 122 123 124 125 126 127 128 129 130 :=
1 0.000 6.121 5.076 9.062 8.580 3.431 8.847 9.806 7.793 5.900 5.411 11.790 7.454 11.128 11.912 10.448 4.524 8.546 9.949 3.754 8.040 2.056 10.011 6.698 9.255 8.237 9.571 12.635 7.594 7.991 9.371 9.338 10.013 4.146 7.464 4.844 6.464 2.647 8.195 10.527 10.315 12.446 9.473 3.538 10.719 4.565 7.648 1.739 10.182 8.310 9.065 6.504 11.112 7.385 5.669 7.763 12.228 6.930 4.753 2.311 7.667 9.364 6.900 8.144 6.522 5.171 9.510 9.722 12.244 7.409 9.988 1.333 7.646 7.377 3.347 4.019 9.847 10.007 5.560 5.835 5.902 7.273 9.858 6.103 6.056 8.663 7.158 6.749 0.777 6.210 8.861 0.818 7.623 5.012 10.313 11.810 8.160 4.029 9.839 3.723 2.132 9.858 2.915 7.142 11.115 5.797 8.825 8.414 10.070 6.614 8.907 9.905 11.799 8.166 10.201 5.745 8.611 10.868 6.582 10.111 12.472 9.441 5.845 4.972 8.271 6.779 5.248 1.897 7.647 0.000 
2 6.121 0.000 10.527 4.770 10.571 7.367 13.274 6.210 3.690 12.017 8.032 16.936 7.092 14.842 17.728 5.515 9.003 8.513 6.576 6.068 6.298 6.369 4.215 10.129 4.484 11.550 8.181 10.855 3.128 13.676 7.789 15.459 8.033 8.594 1.476 5.626 6.724 8.715 13.555 4.826 7.022 18.012 15.318 2.703 7.869 7.900 12.708 7.156 7.218 2.232 13.664 11.842 16.060 12.286 6.311 10.877 10.959 8.541 9.486 3.977 11.993 5.386 8.945 13.778 0.830 11.192 12.552 12.547 15.867 1.383 16.098 6.075 10.744 8.044 4.939 6.471 6.320 16.124 4.469 9.022 4.054 12.991 10.638 2.273 4.653 11.695 8.666 5.848 5.402 7.384 3.740 6.447 13.322 1.156 15.764 17.297 6.194 5.078 14.830 9.393 7.715 8.981 7.135 4.366 5.983 7.391 13.638 5.684 16.150 11.338 14.255 8.668 15.708 14.284 15.597 0.587 10.605 11.020 10.187 9.673 16.014 15.375 9.567 4.657 2.193 7.815 4.358 7.965 6.474 6.121 
3 5.076 10.527 0.000 14.080 6.554 7.521 4.209 14.879 10.803 4.072 4.600 12.012 12.307 6.831 10.559 13.426 2.171 8.425 15.025 8.511 13.063 6.642 13.736 3.923 14.213 11.287 10.192 17.509 10.863 3.169 10.202 6.292 10.958 7.471 11.986 6.351 11.281 4.105 8.693 14.115 12.149 11.718 4.898 8.327 15.773 3.779 2.642 5.639 11.811 12.753 4.266 1.429 6.065 2.512 10.499 11.065 17.005 11.247 1.656 7.265 3.346 11.884 11.026 8.017 11.116 4.756 6.111 6.491 7.913 11.905 6.578 4.518 10.984 7.177 8.365 4.888 14.922 7.168 7.868 3.977 10.978 7.165 8.560 11.034 11.122 11.851 11.481 11.742 5.496 6.255 12.222 4.386 7.461 9.373 5.292 11.347 9.692 9.023 10.645 5.518 2.978 9.984 7.069 9.618 14.159 5.745 3.898 13.487 7.707 2.101 3.841 10.306 7.289 5.199 10.190 10.303 6.570 15.302 9.782 14.783 8.183 5.091 3.262 10.022 12.714 11.337 10.318 4.298 12.622 5.076 
4 9.062 4.770 14.080 0.000 15.247 8.384 17.420 1.573 8.088 14.411 12.503 17.220 4.921 19.258 18.931 8.927 12.993 13.282 2.004 6.762 3.333 8.169 6.755 14.511 0.760 10.785 12.853 6.585 7.490 17.053 12.447 17.835 12.603 9.496 3.777 10.247 5.321 11.149 14.387 7.354 11.260 18.784 18.499 5.843 3.386 12.187 16.541 9.258 11.564 3.933 17.744 15.491 19.996 16.197 5.522 10.098 6.961 7.302 13.395 6.815 16.151 9.522 7.891 14.942 3.942 13.256 17.095 17.132 20.323 3.904 18.600 9.620 9.984 12.792 6.174 10.845 1.704 18.333 9.222 13.418 3.414 14.349 15.406 3.126 3.625 10.674 7.296 4.054 8.584 12.065 7.450 9.696 14.622 5.542 19.358 17.996 10.871 5.737 15.115 11.151 11.103 13.693 8.454 9.046 9.072 12.015 17.617 2.122 18.111 15.313 17.921 13.344 20.078 16.750 16.290 4.543 15.281 7.952 9.968 6.463 20.493 18.418 13.844 4.657 3.933 6.439 4.220 10.495 3.943 9.062 
5 8.580 10.571 6.554 15.247 0.000 11.991 5.041 16.534 8.559 10.611 3.181 18.495 15.575 4.979 17.085 10.437 4.831 3.221 16.832 12.201 15.667 10.635 11.810 2.633 15.044 16.642 5.151 20.497 8.967 8.405 5.397 12.560 6.058 12.510 11.905 5.006 14.691 9.542 15.051 11.898 7.971 18.272 10.062 9.843 17.961 4.037 6.149 10.116 7.472 12.340 5.591 6.541 7.909 5.619 13.924 16.240 20.284 15.472 5.099 9.545 4.309 8.640 15.475 14.483 11.389 11.100 2.447 2.222 5.764 11.782 12.635 7.265 16.131 2.749 11.459 4.786 16.624 13.456 6.155 2.900 13.160 13.598 2.128 12.237 13.571 17.122 15.695 14.596 8.339 3.188 10.064 7.815 13.916 9.705 8.951 17.894 5.941 12.129 16.981 11.164 7.133 4.471 11.473 7.122 11.120 3.256 6.026 15.577 14.119 4.988 7.680 4.992 5.930 11.586 16.682 10.712 0.034 19.295 15.000 18.365 5.825 10.544 3.356 12.743 12.311 15.225 12.823 9.260 15.483 8.580 
6 3.431 7.367 7.521 8.384 11.991 0.000 11.660 8.575 10.137 6.309 8.834 9.570 5.034 14.141 10.667 12.589 7.660 11.899 8.567 1.623 6.187 1.443 11.581 9.974 8.838 4.883 12.761 10.141 9.782 9.802 12.517 9.597 13.102 1.235 8.307 8.118 4.012 3.522 6.268 12.184 13.080 10.748 10.888 4.801 8.936 7.959 10.152 1.959 13.037 9.176 11.774 8.878 13.483 10.023 3.321 4.362 9.554 3.736 7.753 3.768 10.601 11.860 3.579 6.654 7.386 5.011 12.762 13.010 15.253 8.306 10.408 4.763 4.240 10.767 2.497 7.436 8.570 10.018 8.519 9.193 4.987 5.994 13.285 6.205 4.780 5.267 3.970 4.850 3.855 9.610 10.849 4.177 6.284 6.560 12.262 10.004 11.164 2.693 7.463 2.875 5.090 13.139 0.519 9.851 13.167 9.214 11.418 6.997 9.741 9.427 11.058 13.132 14.716 8.590 8.288 6.820 12.021 7.787 3.252 7.293 15.502 10.658 9.102 3.732 9.140 3.842 4.179 3.225 5.599 3.431 
7 8.847 13.274 4.209 17.420 5.041 11.660 0.000 18.413 12.425 7.680 5.475 15.485 16.278 2.694 13.329 14.737 4.443 8.071 18.614 12.508 16.868 10.656 15.651 3.392 17.425 15.478 10.046 21.474 12.675 4.053 10.226 8.454 10.941 11.675 14.742 7.971 15.270 8.308 12.471 15.885 12.674 14.755 5.383 11.581 19.498 5.382 1.923 9.732 12.216 15.386 0.551 3.109 3.018 1.746 14.478 15.270 21.032 15.396 4.108 10.751 1.282 12.988 15.202 11.641 13.993 8.703 3.128 3.584 3.731 14.638 8.295 7.910 15.190 7.165 12.192 6.827 18.473 9.319 9.532 4.418 14.599 10.882 7.099 14.296 14.836 16.048 15.630 15.594 9.054 6.839 13.958 8.055 11.129 12.185 3.940 14.547 10.374 12.876 14.404 9.717 6.744 9.466 11.188 11.025 15.461 6.509 1.064 17.141 10.149 2.247 2.851 9.956 3.080 7.739 13.677 13.201 5.034 19.446 13.988 18.853 4.012 5.959 3.737 13.790 15.350 15.430 14.026 8.442 16.493 8.847 
8 9.806 6.210 14.879 1.573 16.534 8.575 18.413 0.000 9.630 14.802 13.688 16.856 4.316 20.370 18.843 10.495 13.971 14.707 0.442 6.997 2.674 8.623 8.305 15.635 2.232 10.242 14.357 5.029 9.032 17.745 13.955 18.160 14.134 9.578 5.323 11.530 4.987 11.646 14.260 8.894 12.825 18.555 19.102 6.877 1.818 13.294 17.413 9.735 13.122 5.507 18.706 16.304 20.880 17.103 5.403 9.579 5.459 6.795 14.336 7.678 17.160 11.089 7.405 14.912 5.396 13.566 18.286 18.349 21.451 5.448 18.958 10.525 9.477 14.155 6.654 12.007 0.135 18.593 10.606 14.558 3.910 14.398 16.801 4.297 3.875 10.049 6.741 3.816 9.424 13.370 9.022 10.506 14.644 6.865 20.109 17.755 12.371 6.099 14.792 11.431 11.910 15.180 8.738 10.541 10.627 13.283 18.537 1.590 18.290 16.254 18.712 14.847 21.162 17.122 16.076 5.913 16.568 6.720 9.648 5.244 21.634 18.970 14.926 5.005 5.507 5.964 4.632 11.048 3.361 9.806 
9 7.793 3.690 10.803 8.088 8.559 10.137 12.425 9.630 0.000 13.379 6.965 19.471 10.748 13.373 19.686 2.692 8.813 5.783 10.033 9.156 9.985 8.860 3.271 9.039 7.608 14.742 4.869 14.459 0.598 13.915 4.449 16.617 4.525 11.282 4.311 4.559 10.303 10.382 15.923 3.460 3.333 20.236 15.687 5.425 11.381 7.307 12.403 9.311 3.539 4.338 12.906 11.866 15.413 11.895 9.807 14.102 14.615 12.000 9.367 6.373 11.207 1.769 12.340 15.932 4.374 12.894 10.880 10.748 14.270 4.184 17.112 7.097 13.969 5.812 7.998 5.959 9.753 17.394 2.972 8.018 7.713 15.066 7.985 5.962 8.306 14.965 12.149 9.510 7.022 5.664 1.539 7.729 15.416 3.818 15.612 19.588 2.976 8.331 17.439 11.489 8.582 5.781 9.779 1.443 3.402 5.927 13.048 9.315 17.621 10.921 14.088 5.359 14.307 15.428 17.953 4.210 8.589 14.698 13.247 13.361 14.357 15.892 8.769 8.155 4.322 11.337 7.921 9.657 10.160 7.793 
10 5.900 12.017 4.072 14.411 10.611 6.309 7.680 14.802 13.379 0.000 8.323 7.956 11.305 10.368 6.654 16.072 5.943 12.203 14.830 7.816 12.493 6.242 15.863 7.987 14.747 8.435 13.813 16.269 13.279 4.278 13.754 3.468 14.493 5.600 13.332 9.425 10.299 3.339 4.792 16.352 15.364 7.687 4.806 9.385 15.245 7.366 5.768 5.164 15.107 14.189 7.515 4.611 8.323 5.976 9.630 8.426 15.575 9.543 5.556 8.108 7.176 14.762 9.134 3.997 12.381 1.411 10.093 10.496 11.355 13.284 4.193 6.290 8.383 10.923 8.237 8.028 14.809 4.108 10.701 7.911 11.015 3.204 12.574 11.737 10.937 9.042 9.756 11.149 6.642 9.871 14.602 5.710 3.463 10.911 6.605 7.283 12.964 8.720 6.727 3.451 4.835 13.745 6.076 12.453 16.774 9.349 6.958 13.249 4.241 5.998 5.830 13.997 10.600 2.341 6.132 11.622 10.629 13.412 7.243 13.273 11.646 4.460 7.278 9.820 14.150 9.930 10.227 4.072 11.908 5.900 
11 5.411 8.032 4.600 12.503 3.181 8.834 5.475 13.688 6.965 8.323 0.000 15.930 12.442 6.810 14.970 9.369 2.444 3.882 13.955 9.022 12.621 7.462 10.178 2.133 12.391 13.547 5.592 17.432 7.201 7.352 5.605 10.891 6.362 9.411 9.464 2.512 11.539 6.631 12.381 10.423 7.675 15.977 9.147 6.860 15.016 1.000 5.536 6.991 7.297 10.040 5.945 5.256 8.449 5.003 10.766 13.120 17.179 12.291 2.946 6.428 4.243 7.677 12.298 11.944 8.806 8.520 4.598 4.673 7.844 9.352 11.167 4.089 13.008 2.606 8.302 1.693 13.768 11.763 4.058 1.057 10.146 11.035 4.572 9.411 10.519 14.009 12.514 11.501 5.159 1.668 8.493 4.662 11.372 7.026 8.741 15.511 5.235 8.978 14.264 8.238 4.153 5.431 8.316 5.590 10.103 1.184 6.088 12.621 12.261 4.051 7.241 5.720 7.681 9.781 14.155 8.057 3.213 16.124 11.897 15.219 8.001 9.476 1.820 9.640 10.006 12.049 9.750 6.248 12.397 5.411 
12 11.790 16.936 12.012 17.220 18.495 9.570 15.485 16.856 19.471 7.956 15.930 0.000 12.546 18.123 3.675 22.037 13.707 19.724 16.671 10.989 14.182 10.662 21.147 15.895 17.827 6.726 21.106 15.827 19.187 11.625 20.968 7.725 21.659 8.342 17.845 16.420 11.926 9.495 3.615 21.745 22.103 2.256 11.166 14.325 16.403 14.933 13.564 10.169 21.957 18.705 15.238 12.512 15.428 13.849 11.712 7.333 14.858 10.067 13.397 13.174 15.106 21.114 9.456 4.012 16.940 7.423 18.043 18.450 19.030 17.852 8.390 12.817 7.421 18.448 12.040 15.224 16.799 7.178 17.338 15.695 14.115 4.906 20.378 15.645 13.711 7.082 10.140 13.179 12.526 17.315 20.336 12.096 4.581 16.089 13.373 1.620 19.894 12.077 2.129 8.082 11.908 21.206 9.815 18.927 22.651 16.809 14.639 15.339 6.192 13.948 13.177 21.369 18.216 7.948 1.825 16.390 18.514 12.155 7.252 12.906 19.327 10.548 15.139 12.921 18.671 10.893 13.366 10.096 13.496 11.790 
13 7.454 7.092 12.307 4.921 15.575 5.034 16.278 4.316 10.748 11.305 12.442 12.546 0.000 18.578 14.658 12.487 11.973 14.552 4.127 3.796 1.652 5.665 10.705 14.052 5.632 5.936 14.785 5.204 10.207 14.799 14.440 14.475 14.828 5.757 7.105 10.854 1.033 8.503 10.073 11.351 14.074 14.284 15.922 5.981 4.072 11.777 14.945 6.701 14.223 7.748 16.465 13.714 18.356 14.746 1.808 5.266 4.780 2.480 12.203 6.030 15.117 12.474 3.091 10.806 6.558 9.958 16.854 17.020 19.693 7.183 15.315 8.566 5.163 13.680 4.172 10.790 4.254 14.800 10.505 13.090 3.038 10.383 16.379 4.876 2.442 5.776 2.428 1.244 7.399 12.661 10.753 8.265 10.597 7.047 17.250 13.481 12.871 3.481 10.493 7.854 9.535 15.430 5.371 11.144 12.844 12.412 16.176 2.860 14.388 14.034 15.991 15.242 19.252 13.535 11.821 6.543 15.608 3.981 5.375 2.810 19.917 15.689 13.229 2.880 7.726 1.666 2.935 8.076 0.984 7.454 
14 11.128 14.842 6.831 19.258 4.979 14.141 2.694 20.370 13.373 10.368 6.810 18.123 18.578 0.000 15.819 15.392 6.606 8.190 20.607 14.862 19.034 13.044 16.644 4.747 19.180 18.118 10.077 23.739 13.723 6.555 10.352 10.894 10.980 14.245 16.270 9.264 17.592 10.889 15.159 16.781 12.942 17.301 7.583 13.494 21.581 7.078 4.601 12.189 12.437 16.822 2.885 5.802 3.830 4.434 16.797 17.887 23.355 17.868 6.410 12.820 3.546 13.597 17.710 14.316 15.614 11.396 2.536 2.791 1.117 16.156 10.622 10.049 17.803 7.648 14.430 8.422 20.442 11.725 10.697 5.845 16.666 13.568 6.580 16.142 16.960 18.681 18.101 17.806 11.219 7.735 14.904 10.314 13.810 13.828 5.669 17.134 10.899 15.122 17.088 12.348 9.104 9.307 13.652 11.931 16.084 7.566 3.488 19.195 12.608 4.762 5.117 9.861 0.951 10.287 16.325 14.859 4.956 21.899 16.603 21.227 1.362 8.210 5.450 15.965 16.789 17.843 16.158 10.955 18.711 11.128 
15 11.912 17.728 10.559 18.931 17.085 10.667 13.329 18.843 19.686 6.654 14.970 3.675 14.658 15.819 0.000 22.355 12.566 18.852 18.729 12.263 16.210 11.383 21.834 14.455 19.447 9.361 20.464 18.606 19.506 9.286 20.398 4.936 21.132 9.477 18.850 16.006 13.864 9.304 4.587 22.382 21.917 1.702 8.391 15.027 18.692 14.019 11.479 10.585 21.687 19.728 12.986 10.657 12.695 11.869 13.466 9.827 17.690 12.270 12.143 13.768 13.221 21.185 11.678 4.013 17.902 6.809 16.190 16.628 16.609 18.832 5.364 12.641 9.879 17.573 13.131 14.645 18.807 4.161 17.184 14.506 15.604 4.739 19.117 16.858 15.311 9.849 12.398 15.037 12.689 16.525 20.769 11.973 4.416 16.733 10.578 2.061 19.553 13.354 4.683 8.340 11.367 20.396 10.742 18.899 23.027 16.003 12.367 17.264 3.220 12.202 10.712 20.651 15.756 5.608 3.048 17.240 17.099 15.050 9.316 15.567 16.905 7.746 13.820 14.352 19.690 13.002 14.805 10.031 15.531 11.912 
16 10.448 5.515 13.426 8.927 10.437 12.589 14.737 10.495 2.692 16.072 9.369 22.037 12.487 15.392 22.355 0.000 11.385 7.330 10.930 11.464 11.454 11.383 2.319 11.350 8.287 17.018 5.795 15.509 2.861 16.504 5.403 19.303 5.080 13.771 5.444 7.103 12.210 13.055 18.520 1.938 3.041 22.871 18.287 7.795 12.312 9.830 14.887 11.913 3.542 5.016 15.242 14.433 17.751 14.363 11.824 16.355 15.824 14.055 11.941 8.872 13.567 1.797 14.458 18.569 5.934 15.573 12.859 12.659 16.200 5.348 19.789 9.788 16.222 7.749 10.308 8.547 10.628 20.084 5.558 10.397 9.488 17.713 9.401 7.616 10.088 17.188 14.178 11.248 9.673 7.898 1.779 10.413 18.060 6.058 18.099 22.210 4.497 10.540 19.980 14.118 11.272 6.758 12.269 3.823 0.736 8.249 15.439 10.572 20.313 13.398 16.586 6.213 16.341 18.114 20.559 6.101 10.463 16.310 15.595 14.891 16.251 18.516 11.189 10.172 5.022 13.320 9.864 12.325 11.761 10.448 
17 4.524 9.003 2.171 12.993 4.831 7.660 4.443 13.971 8.813 5.943 2.444 13.707 11.973 6.606 12.566 11.385 0.000 6.307 14.172 8.267 12.469 6.474 11.862 2.391 13.022 12.028 8.033 17.139 8.930 5.120 8.035 8.451 8.791 7.955 10.479 4.282 10.987 4.784 10.229 12.197 9.992 13.625 6.910 7.150 15.070 1.615 3.719 5.704 9.646 11.181 4.751 3.053 7.068 3.284 10.192 11.691 16.750 11.345 0.557 6.312 3.199 9.793 11.237 9.697 9.676 6.290 5.114 5.390 7.721 10.383 8.748 3.481 11.592 5.042 7.831 2.855 14.031 9.320 5.846 1.989 10.164 8.802 6.673 9.874 10.417 12.544 11.578 11.218 4.640 4.087 10.279 3.709 9.127 7.877 6.865 13.193 7.535 8.521 12.153 6.395 2.571 7.863 7.154 7.562 12.121 3.576 4.654 12.705 9.819 2.343 5.336 8.163 7.297 7.337 11.907 8.871 4.854 15.345 10.420 14.631 7.948 7.175 1.527 9.391 11.144 11.269 9.608 4.619 12.122 4.524 
18 8.546 8.513 8.425 13.282 3.221 11.899 8.071 14.707 5.783 12.203 3.882 19.724 14.552 8.190 18.852 7.330 6.307 0.000 15.056 11.673 14.316 10.459 8.917 4.985 12.952 16.766 1.975 19.109 6.282 10.913 2.182 14.709 2.873 12.692 9.659 3.816 13.800 10.294 16.142 8.922 4.752 19.845 12.671 8.574 16.300 4.844 8.822 10.268 4.251 9.931 8.617 8.869 11.032 8.268 13.099 16.261 19.047 14.961 6.776 8.702 7.123 5.543 15.091 15.764 9.339 12.348 5.666 5.408 8.920 9.530 14.931 7.254 16.139 1.283 10.717 4.592 14.812 15.591 4.140 4.481 11.795 14.851 2.204 10.511 12.295 17.166 15.165 13.435 8.044 2.416 7.194 7.950 15.194 7.896 11.863 19.364 2.897 11.313 17.985 11.849 7.829 1.559 11.402 4.434 7.986 2.916 8.971 13.992 16.122 7.442 10.476 1.934 9.140 13.624 17.970 8.798 3.242 18.468 15.116 17.356 8.953 13.075 5.282 11.675 9.907 14.546 11.642 9.802 14.266 8.546 
19 9.949 6.576 15.025 2.004 16.832 8.567 18.614 0.442 10.033 14.830 13.955 16.671 4.127 20.607 18.729 10.930 14.172 15.056 0.000 7.014 2.520 8.689 8.745 15.880 2.674 10.023 14.739 4.588 9.435 17.854 14.339 18.163 14.528 9.534 5.732 11.831 4.867 11.711 14.143 9.335 13.241 18.403 19.183 7.118 1.381 13.537 17.577 9.802 13.533 5.936 18.897 16.452 21.045 17.279 5.338 9.369 5.019 6.604 14.526 7.865 17.367 11.506 7.215 14.821 5.769 13.573 18.550 18.622 21.693 5.855 18.969 10.712 9.270 14.481 6.742 12.269 0.308 18.576 10.943 14.810 4.047 14.329 17.138 4.600 3.947 9.807 6.536 3.750 9.596 13.678 9.447 10.666 14.568 7.191 20.233 17.601 12.751 6.160 14.620 11.435 12.064 15.554 8.755 10.921 11.066 13.578 18.715 1.583 18.251 16.441 18.851 15.228 21.389 17.140 15.932 6.258 16.866 6.332 9.492 4.864 21.880 19.038 15.159 5.078 5.935 5.789 4.730 11.131 3.204 9.949 
20 3.754 6.068 8.511 6.762 12.201 1.623 12.508 6.997 9.156 7.816 9.022 10.989 3.796 14.862 12.263 11.464 8.267 11.673 7.014 0.000 4.717 1.869 10.267 10.445 7.217 5.586 12.296 8.999 8.740 11.054 12.011 11.164 12.533 2.786 6.863 7.859 2.771 4.780 7.809 10.888 12.268 12.282 12.260 3.731 7.481 8.254 11.150 2.922 12.286 7.718 12.682 9.918 14.562 10.956 1.989 4.950 8.524 3.303 8.459 3.032 11.369 10.916 3.424 8.251 5.976 6.569 13.258 13.460 15.978 6.875 11.961 4.979 4.818 10.639 1.160 7.463 6.999 11.612 7.955 9.549 3.365 7.611 13.268 4.669 3.167 5.825 3.517 3.365 3.863 9.529 9.695 4.572 7.896 5.411 13.493 11.523 10.558 1.101 8.863 4.436 5.773 12.781 1.741 9.074 11.998 9.197 12.384 5.434 11.356 10.262 12.208 12.704 15.507 10.128 9.803 5.495 12.233 7.127 4.132 6.366 16.211 12.074 9.597 2.110 7.684 3.037 2.558 4.299 4.187 3.754 
21 8.040 6.298 13.063 3.333 15.667 6.187 16.868 2.674 9.985 12.493 12.621 14.182 1.652 19.034 16.210 11.454 12.469 14.316 2.520 4.717 0.000 6.512 9.518 14.390 4.070 7.588 14.330 4.834 9.412 15.741 13.960 15.766 14.274 7.080 6.011 10.774 2.351 9.493 11.623 10.157 13.312 15.889 16.977 5.838 2.764 12.062 15.673 7.610 13.516 6.541 17.102 14.488 19.125 15.424 2.884 6.918 4.738 4.125 12.761 6.234 15.660 11.645 4.734 12.310 5.638 11.195 17.150 17.275 20.141 6.107 16.588 8.993 6.813 13.560 4.701 10.933 2.620 16.146 10.189 13.370 2.529 11.835 16.264 4.027 2.101 7.421 4.080 1.353 7.829 12.622 9.780 8.816 12.068 6.513 18.163 15.088 12.365 4.041 12.118 9.061 10.170 15.048 6.432 10.573 11.743 12.436 16.864 1.225 15.788 14.646 16.837 14.803 19.761 14.776 13.415 5.812 15.701 4.873 6.979 3.436 20.348 16.790 13.608 3.079 6.525 3.290 2.883 8.976 0.687 8.040 
22 2.056 6.369 6.642 8.169 10.635 1.443 10.656 8.623 8.860 6.242 7.462 10.662 5.665 13.044 11.383 11.383 6.474 10.459 8.689 1.869 6.512 0.000 10.542 8.721 8.515 6.325 11.324 10.868 8.543 9.230 11.085 9.677 11.678 2.438 7.469 6.675 4.640 3.023 7.203 11.122 11.717 11.646 10.498 3.691 9.266 6.620 9.281 1.113 11.655 8.347 10.820 8.050 12.695 9.090 3.858 5.803 10.383 4.890 6.634 2.512 9.533 10.556 4.845 7.412 6.519 5.127 11.528 11.753 14.160 7.449 10.432 3.374 5.680 9.334 1.997 6.019 8.641 10.208 7.104 7.884 4.780 6.645 11.872 5.592 4.749 6.708 5.121 5.165 2.416 8.181 9.675 2.847 6.969 5.445 11.655 10.939 9.750 2.529 8.597 3.109 3.940 11.697 0.970 8.487 11.990 7.794 10.516 7.109 10.069 8.409 10.352 11.692 13.670 8.582 9.248 5.863 10.665 8.871 4.689 8.199 14.398 10.350 7.858 3.618 8.309 4.799 4.005 2.464 6.020 2.056 
23 10.011 4.215 13.736 6.755 11.810 11.581 15.651 8.305 3.271 15.863 10.178 21.147 10.705 16.644 21.834 2.319 11.862 8.917 8.745 10.267 9.518 10.542 0.000 12.277 6.077 15.675 7.673 13.333 2.977 16.893 7.257 19.232 7.084 12.806 3.618 7.709 10.565 12.657 17.743 0.648 5.202 22.184 18.633 6.851 10.122 10.432 15.526 11.252 5.654 2.978 16.122 14.894 18.622 15.033 10.288 14.991 13.706 12.509 12.405 8.077 14.417 3.603 12.968 17.923 4.349 15.176 14.148 14.009 17.536 3.556 19.801 9.634 14.859 9.062 9.149 9.026 8.439 19.955 6.126 11.235 7.817 17.113 11.090 5.948 8.400 15.777 12.605 9.494 9.244 8.931 1.746 10.159 17.450 5.108 18.717 21.480 6.025 9.247 19.044 13.497 11.237 8.637 11.338 4.713 2.325 9.177 16.236 8.540 20.072 14.056 17.188 8.133 17.578 18.042 19.787 4.775 11.840 14.390 14.366 12.937 17.620 18.785 11.960 8.687 2.995 11.720 8.321 11.905 9.900 10.011 
24 6.698 10.129 3.923 14.511 2.633 9.974 3.392 15.635 9.039 7.987 2.133 15.895 14.052 4.747 14.455 11.350 2.391 4.985 15.880 10.445 14.390 8.721 12.277 0.000 14.436 14.415 6.925 19.151 9.304 5.963 7.046 9.980 7.789 10.329 11.574 4.644 13.099 7.173 12.491 12.499 9.386 15.640 7.698 8.762 16.883 2.344 3.838 8.031 8.953 12.164 3.892 3.986 6.401 3.284 12.309 14.069 18.827 13.611 2.539 8.156 2.234 9.611 13.537 11.886 10.889 8.531 2.813 3.037 5.817 11.463 10.103 5.491 13.968 3.913 9.880 3.678 15.709 10.874 6.175 1.107 11.975 11.011 4.684 11.396 12.299 14.927 13.841 13.202 6.654 3.455 10.575 5.884 11.322 9.094 6.933 15.267 7.030 10.572 14.432 8.780 4.914 6.497 9.460 7.634 12.077 3.118 4.120 14.491 11.511 2.482 5.506 6.919 5.586 8.977 14.078 10.124 2.648 17.566 12.801 16.774 6.000 8.125 0.876 11.345 12.130 13.476 11.507 7.000 14.107 6.698 
25 9.255 4.484 14.213 0.760 15.044 8.838 17.425 2.232 7.608 14.747 12.391 17.827 5.632 19.180 19.447 8.287 13.022 12.952 2.674 7.217 4.070 8.515 6.077 14.436 0.000 11.453 12.425 7.259 7.012 17.235 12.013 18.192 12.132 9.983 3.326 10.067 5.973 11.452 14.925 6.663 10.712 19.347 18.723 5.903 4.046 12.134 16.623 9.583 11.037 3.348 17.768 15.611 20.063 16.260 6.116 10.762 7.676 7.976 13.446 6.968 16.149 8.971 8.557 15.446 3.659 13.633 16.963 16.981 20.231 3.456 18.940 9.716 10.645 12.528 6.536 10.759 2.366 18.715 8.953 13.335 3.853 14.827 15.102 3.180 4.149 11.361 7.981 4.705 8.728 11.855 6.870 9.847 15.108 5.372 19.503 18.565 10.455 6.158 15.714 11.551 11.245 13.288 8.872 8.643 8.400 11.837 17.667 2.870 18.529 15.357 18.045 12.917 20.018 17.088 16.853 4.346 15.078 8.712 10.581 7.223 20.392 18.667 13.800 5.109 3.353 7.112 4.660 10.775 4.661 9.255 
26 8.237 11.550 11.287 10.785 16.642 4.883 15.478 10.242 14.742 8.435 13.547 6.726 5.936 18.118 9.361 17.018 12.028 16.766 10.023 5.586 7.588 6.325 15.675 14.415 11.453 0.000 17.639 9.250 14.323 12.668 17.390 10.681 17.962 4.137 12.124 12.998 5.484 7.292 5.062 16.312 17.828 8.663 13.179 9.317 9.684 12.617 13.718 6.563 17.823 12.921 15.464 12.426 16.679 13.742 5.489 0.698 8.329 3.484 11.988 8.504 14.607 16.501 2.896 6.069 11.326 7.079 17.108 17.409 19.198 12.162 11.556 9.559 0.824 15.612 6.745 12.254 10.174 10.695 13.370 13.770 8.026 6.070 18.071 9.792 7.519 0.610 3.509 6.749 8.727 14.447 15.242 8.910 6.122 10.983 15.039 7.858 16.010 6.480 4.806 5.771 9.531 18.021 5.368 14.615 17.526 14.030 14.995 8.786 10.006 13.368 14.167 18.013 18.548 10.092 6.338 10.965 16.671 5.707 1.655 6.239 19.470 12.746 13.542 7.002 12.891 4.347 7.396 7.417 6.913 8.237 
27 9.571 8.181 10.192 12.853 5.151 12.761 10.046 14.357 4.869 13.813 5.592 21.106 14.785 10.077 20.464 5.795 8.033 1.975 14.739 12.296 14.330 11.324 7.673 6.925 12.425 17.639 0.000 19.015 5.446 12.809 0.423 16.482 0.907 13.675 9.100 4.736 14.137 11.613 17.497 7.562 2.940 21.372 14.581 8.862 16.049 6.478 10.761 11.310 2.411 9.203 10.592 10.742 13.003 10.207 13.496 17.086 19.058 15.507 8.536 9.265 9.088 4.099 15.710 17.205 8.973 13.824 7.576 7.287 10.746 8.971 16.749 8.369 16.959 3.054 11.244 5.889 14.473 17.354 4.353 6.329 11.869 16.292 3.681 10.362 12.417 17.990 15.695 13.603 8.963 3.958 6.050 9.091 16.640 7.818 13.828 20.851 1.988 11.773 19.280 13.096 9.220 0.968 12.291 3.818 6.383 4.478 10.942 13.844 17.837 9.357 12.428 0.493 11.022 15.369 19.392 8.576 5.169 18.759 16.012 17.546 10.754 14.965 7.152 11.958 9.186 14.999 11.851 11.046 14.374 9.571 
28 12.635 10.855 17.509 6.585 20.497 10.141 21.474 5.029 14.459 16.269 17.432 15.827 5.204 23.739 18.606 15.509 17.139 19.109 4.588 8.999 4.834 10.868 13.333 19.151 7.259 9.250 19.015 0.000 13.867 19.943 18.631 19.245 18.887 10.670 10.218 15.606 6.229 13.653 14.184 13.922 17.729 17.878 20.985 10.672 3.214 16.841 20.149 11.891 17.991 10.500 21.668 18.913 23.554 19.950 7.012 8.789 1.016 6.758 17.388 11.016 20.302 16.008 7.241 15.092 10.101 14.880 21.932 22.071 24.851 10.336 20.109 13.695 8.746 18.383 9.309 15.750 4.894 19.459 14.972 18.153 7.358 14.859 21.085 8.656 6.926 8.796 6.561 5.949 12.524 17.455 13.988 13.439 15.007 11.242 22.402 17.079 17.033 8.618 14.036 12.851 14.731 19.774 10.522 15.213 15.654 17.269 21.381 5.172 18.919 19.232 21.172 19.497 24.431 18.400 15.588 10.439 20.531 3.704 9.507 3.080 25.068 20.710 18.349 7.809 10.497 6.347 7.683 13.262 5.045 12.635 
29 7.594 3.128 10.863 7.490 8.967 9.782 12.675 9.032 0.598 13.279 7.201 19.187 10.207 13.723 19.506 2.861 8.930 6.282 9.435 8.740 9.412 8.543 2.977 9.304 7.012 14.323 5.446 13.867 0.000 14.000 5.028 16.564 5.120 10.947 3.713 4.736 9.788 10.213 15.662 3.268 3.900 20.010 15.759 5.021 10.784 7.469 12.568 9.053 4.127 3.757 13.145 11.975 15.645 12.070 9.312 13.675 14.030 11.518 9.478 6.037 11.440 2.269 11.873 15.709 3.790 12.735 11.250 11.136 14.642 3.586 17.085 6.990 13.541 6.229 7.580 6.080 9.155 17.325 3.150 8.258 7.169 14.854 8.486 5.396 7.765 14.530 11.661 8.966 6.818 5.990 1.359 7.591 15.201 3.352 15.767 19.349 3.526 7.881 17.138 11.257 8.524 6.348 9.444 1.864 3.522 6.213 13.261 8.727 17.519 11.093 14.239 5.938 14.650 15.373 17.699 3.664 8.998 14.147 12.851 12.799 14.738 15.941 8.984 7.655 3.740 10.838 7.406 9.477 9.601 7.594 
30 7.991 13.676 3.169 17.053 8.405 9.802 4.053 17.745 13.915 4.278 7.352 11.625 14.799 6.555 9.286 16.504 5.120 10.913 17.854 11.054 15.741 9.230 16.893 5.963 17.235 12.668 12.809 19.943 14.000 0.000 12.882 4.402 13.638 9.415 15.128 9.401 13.766 6.297 8.905 17.260 15.026 10.746 1.797 11.396 18.494 6.704 2.305 8.136 14.647 15.905 3.701 2.097 4.046 2.798 13.019 12.607 19.343 13.380 4.563 10.267 4.162 14.909 13.051 7.963 14.244 5.589 7.040 7.492 7.414 15.049 4.295 7.625 12.553 9.756 11.117 7.961 17.777 5.271 10.956 6.489 13.836 7.319 10.531 14.065 13.912 13.270 13.606 14.394 8.514 9.010 15.357 7.395 7.508 12.521 2.463 10.584 12.579 11.730 10.767 7.233 6.016 12.446 9.431 12.682 17.239 8.535 3.082 16.288 6.097 3.481 1.582 12.845 6.592 3.732 9.853 13.433 8.410 17.376 11.379 17.062 7.711 2.163 5.659 12.786 15.867 13.626 13.125 6.766 15.239 7.991 
31 9.371 7.789 10.202 12.447 5.397 12.517 10.226 13.955 4.449 13.754 5.605 20.968 14.440 10.352 20.398 5.403 8.035 2.182 14.339 12.011 13.960 11.085 7.257 7.046 12.013 17.390 0.423 18.631 5.028 12.882 0.000 16.484 0.758 13.454 8.690 4.560 13.806 11.473 17.356 7.153 2.609 21.278 14.663 8.538 15.653 6.456 10.873 11.106 2.090 8.785 10.769 10.804 13.202 10.320 13.175 16.828 18.683 15.204 8.549 8.980 9.234 3.691 15.419 17.089 8.576 13.723 7.836 7.562 11.046 8.560 16.772 8.195 16.700 3.140 10.947 5.779 14.072 17.350 4.057 6.394 11.509 16.176 4.031 9.981 12.061 17.731 15.390 13.252 8.744 3.948 5.628 8.918 16.526 7.452 13.970 20.745 1.598 11.464 19.121 12.935 9.109 1.380 12.054 3.423 6.004 4.462 11.101 13.459 17.813 9.450 12.551 0.910 11.299 15.361 19.267 8.193 5.417 18.417 15.769 17.192 11.062 15.032 7.224 11.623 8.768 14.683 11.507 10.889 14.014 9.371 
32 9.338 15.459 6.292 17.835 12.560 9.597 8.454 18.160 16.617 3.468 10.891 7.725 14.475 10.894 4.936 19.303 8.451 14.709 18.163 11.164 15.766 9.677 19.232 9.980 18.192 10.681 16.482 19.245 16.564 4.402 16.484 0.000 17.240 8.719 16.790 12.423 13.502 6.806 5.905 19.700 18.336 6.490 3.490 12.845 18.491 10.035 6.664 8.616 18.029 17.643 8.084 6.020 7.800 7.103 12.883 10.857 18.476 12.490 7.948 11.571 8.476 17.898 12.009 4.821 15.840 4.595 11.411 11.859 11.673 16.740 0.877 9.603 10.848 13.468 11.665 10.970 18.160 0.896 13.821 10.237 14.428 4.614 14.657 15.201 14.317 11.281 12.685 14.441 10.065 12.537 17.905 9.081 4.606 14.342 5.700 6.456 15.891 12.116 7.415 6.730 8.041 16.268 9.426 15.591 20.019 12.023 7.464 16.590 1.717 7.578 5.780 16.597 10.819 1.192 6.122 15.076 12.570 16.122 9.848 16.187 11.969 2.853 9.470 13.213 17.604 12.993 13.632 7.536 15.153 9.338 
33 10.013 8.033 10.958 12.603 6.058 13.102 10.941 14.134 4.525 14.493 6.362 21.659 14.828 10.980 21.132 5.080 8.791 2.873 14.528 12.533 14.274 11.678 7.084 7.789 12.132 17.962 0.907 18.887 5.120 13.638 0.758 17.240 0.000 14.066 8.828 5.240 14.231 12.167 18.046 6.915 2.116 21.997 15.417 8.989 15.862 7.209 11.620 11.743 1.582 8.848 11.486 11.561 13.904 11.066 13.622 17.389 18.978 15.689 9.306 9.508 9.967 3.480 15.924 17.796 8.794 14.441 8.482 8.189 11.638 8.700 17.529 8.864 17.260 3.890 11.448 6.500 14.254 18.105 4.594 7.150 11.860 16.884 4.542 10.266 12.425 18.289 15.868 13.624 9.366 4.704 5.541 9.588 17.234 7.797 14.706 21.458 1.982 11.941 19.795 13.611 9.824 1.754 12.648 3.702 5.625 5.216 11.828 13.718 18.562 10.201 13.294 1.180 11.924 16.114 19.968 8.473 6.076 18.809 16.352 17.554 11.642 15.788 7.979 12.044 8.834 15.141 11.904 11.570 14.362 10.013 
34 4.146 8.594 7.471 9.496 12.510 1.235 11.675 9.578 11.282 5.600 9.411 8.342 5.757 14.245 9.477 13.771 7.955 12.692 9.534 2.786 7.080 2.438 12.806 10.329 9.983 4.137 13.675 10.670 10.947 9.415 13.454 8.719 14.066 0.000 9.541 8.972 4.785 3.367 5.040 13.406 14.152 9.520 10.332 6.001 9.779 8.482 10.041 2.436 14.085 10.410 11.732 8.745 13.252 9.979 4.201 3.742 9.994 3.977 7.963 4.911 10.702 12.987 3.638 5.467 8.620 4.222 13.063 13.345 15.346 9.540 9.558 5.449 3.639 11.514 3.730 8.143 9.562 9.069 9.514 9.647 6.133 4.854 13.941 7.426 5.873 4.613 4.200 5.784 4.712 10.344 12.041 4.784 5.127 7.764 11.874 8.772 12.157 3.883 6.241 2.197 5.421 13.996 1.503 10.924 14.360 9.915 11.324 7.989 8.718 9.486 10.774 14.026 14.753 7.784 7.055 8.050 12.539 7.964 2.490 7.695 15.606 10.041 9.453 4.878 10.374 4.331 5.330 3.340 6.448 4.146 
35 7.464 1.476 11.986 3.777 11.905 8.307 14.742 5.323 4.311 13.332 9.464 17.845 7.105 16.270 18.850 5.444 10.479 9.659 5.732 6.863 6.011 7.469 3.618 11.574 3.326 12.124 9.100 10.218 3.713 15.128 8.690 16.790 8.828 9.541 0.000 7.022 6.948 10.005 14.565 4.266 7.517 19.043 16.755 3.947 7.092 9.364 14.183 8.350 7.802 0.878 15.135 13.310 17.536 13.762 6.691 11.434 10.451 8.902 10.961 5.229 13.461 5.791 9.373 14.865 0.957 12.440 13.950 13.927 17.284 0.130 17.451 7.512 11.303 9.308 5.813 7.929 5.447 17.430 5.755 10.467 4.201 14.113 11.829 2.342 4.782 12.199 8.993 5.884 6.774 8.729 3.799 7.847 14.435 2.617 17.233 18.307 7.129 5.793 15.723 10.556 9.146 9.962 8.143 5.319 5.750 8.773 15.113 5.157 17.413 12.814 15.726 9.593 17.145 15.624 16.593 1.722 11.938 10.871 10.882 9.447 17.424 16.797 11.028 5.122 0.840 8.106 4.735 9.262 6.335 7.464 
36 4.844 5.626 6.351 10.247 5.006 8.118 7.971 11.530 4.559 9.425 2.512 16.420 10.854 9.264 16.006 7.103 4.282 3.816 11.831 7.859 10.774 6.675 7.709 4.644 10.067 12.998 4.736 15.606 4.736 9.401 4.560 12.423 5.240 8.972 7.022 0.000 10.055 6.931 12.806 7.990 5.943 16.801 11.187 4.940 12.979 2.748 7.845 6.583 5.685 7.558 8.426 7.331 10.918 7.340 9.333 12.475 15.460 11.151 4.838 4.911 6.720 5.534 11.276 12.572 6.428 9.250 6.929 6.922 10.265 6.905 12.832 3.636 12.351 2.827 6.921 1.466 11.621 13.249 1.591 3.562 8.247 11.663 5.525 7.234 8.699 13.381 11.357 9.789 4.274 1.856 6.059 4.359 12.014 4.707 11.053 16.243 3.548 7.535 14.561 8.376 4.641 5.027 7.631 3.281 7.839 1.770 8.527 10.605 13.602 6.365 9.529 5.061 10.156 11.253 14.735 5.723 5.040 14.723 11.355 13.665 10.403 11.431 4.255 7.977 7.525 10.756 7.993 6.332 10.651 4.844 
37 6.464 6.724 11.281 5.321 14.691 4.012 15.270 4.987 10.303 10.299 11.539 11.926 1.033 17.592 13.864 12.210 10.987 13.800 4.867 2.771 2.351 4.640 10.565 13.099 5.973 5.484 14.137 6.229 9.788 13.766 13.806 13.502 14.231 4.785 6.948 10.055 0.000 7.470 9.278 11.213 13.602 13.574 14.897 5.278 4.996 10.845 13.921 5.669 13.717 7.668 15.450 12.685 17.327 13.727 0.795 4.790 5.766 2.030 11.204 5.173 14.118 12.055 2.590 9.959 6.290 8.964 15.907 16.084 18.708 7.010 14.336 7.609 4.673 12.882 3.239 9.907 4.946 13.850 9.815 12.156 2.749 9.492 15.570 4.627 2.168 5.425 2.077 1.269 6.448 11.836 10.448 7.279 9.721 6.523 16.216 12.776 12.258 2.563 9.838 6.849 8.528 14.742 4.339 10.580 12.617 11.564 15.155 3.427 13.465 13.024 14.958 14.583 18.255 12.544 11.092 6.151 14.724 4.669 4.682 3.682 18.935 14.669 12.268 2.188 7.642 1.180 2.383 7.044 1.684 6.464 
38 2.647 8.715 4.105 11.149 9.542 3.522 8.308 11.646 10.382 3.339 6.631 9.495 8.503 10.889 9.304 13.055 4.784 10.294 11.711 4.780 9.493 3.023 12.657 7.173 11.452 7.292 11.613 13.653 10.213 6.297 11.473 6.806 12.167 3.367 10.005 6.931 7.470 0.000 5.885 13.173 12.715 9.934 7.486 6.059 12.256 5.640 6.691 1.911 12.530 10.867 8.368 5.401 9.972 6.614 6.727 7.011 13.076 7.194 4.702 4.777 7.352 11.894 6.939 5.660 9.052 2.527 9.822 10.133 11.986 9.961 7.513 3.378 6.923 9.034 5.004 5.741 11.664 7.425 7.946 6.642 7.788 4.759 11.195 8.408 7.772 7.831 7.426 8.141 3.419 7.877 11.495 2.682 5.112 7.631 8.751 9.340 10.434 5.551 7.693 1.622 2.483 11.742 3.134 9.623 13.733 7.387 7.971 10.130 7.438 6.127 7.537 11.884 11.387 5.664 7.806 8.302 9.568 11.241 5.727 10.812 12.249 7.327 6.310 6.641 10.828 7.362 7.023 0.753 8.966 2.647 
39 8.195 13.555 8.693 14.387 15.051 6.268 12.471 14.260 15.923 4.792 12.381 3.615 10.073 15.159 4.587 18.520 10.229 16.142 14.143 7.809 11.623 7.203 17.743 12.491 14.925 5.062 17.497 14.184 15.662 8.905 17.356 5.905 18.046 5.040 14.565 12.806 9.278 5.885 0.000 18.324 18.501 4.480 8.908 10.893 14.117 11.382 10.559 6.613 18.349 15.438 12.300 9.394 12.912 10.763 8.896 5.415 13.307 7.705 9.961 9.695 11.929 17.543 7.122 1.085 13.635 3.960 14.797 15.183 16.140 14.560 6.752 9.203 5.446 14.871 8.765 11.620 14.223 5.760 13.732 12.207 11.103 1.596 16.875 12.465 10.778 5.622 7.843 10.459 8.941 13.728 16.845 8.483 1.406 12.647 11.003 3.744 16.280 8.910 1.953 4.477 8.315 17.612 6.430 15.337 19.151 13.227 11.735 12.684 4.989 10.722 10.487 17.766 15.374 5.604 2.045 13.031 15.072 10.746 4.759 11.115 16.432 8.370 11.700 9.861 15.401 8.422 10.315 6.482 10.944 8.195 
40 10.527 4.826 14.115 7.354 11.898 12.184 15.885 8.894 3.460 16.352 10.423 21.745 11.351 16.781 22.382 1.938 12.197 8.922 9.335 10.888 10.157 11.122 0.648 12.499 6.663 16.312 7.562 13.922 3.268 17.260 7.153 19.700 6.915 13.406 4.266 7.990 11.213 13.173 18.324 0.000 4.944 22.756 19.013 7.432 10.709 10.731 15.831 11.807 5.425 3.619 16.366 15.241 18.872 15.330 10.933 15.629 14.312 13.155 12.745 8.643 14.666 3.462 13.612 18.486 4.989 15.697 14.268 14.110 17.648 4.204 20.253 10.096 15.497 9.157 9.765 9.348 9.028 20.435 6.399 11.477 8.465 17.668 11.066 6.594 9.048 16.418 13.252 10.142 9.756 9.108 1.932 10.642 18.008 5.679 19.033 22.058 6.026 9.875 19.646 14.051 11.682 8.529 11.932 4.876 1.786 9.385 16.502 9.168 20.572 14.354 17.505 8.006 17.721 18.509 20.370 5.393 11.926 15.028 14.994 13.572 17.721 19.183 12.222 9.328 3.637 12.367 8.965 12.423 10.544 10.527 
41 10.315 7.022 12.149 11.260 7.971 13.080 12.674 12.825 3.333 15.364 7.675 22.103 14.074 12.942 21.917 3.041 9.992 4.752 13.241 12.268 13.312 11.717 5.202 9.386 10.712 17.828 2.940 17.729 3.900 15.026 2.609 18.336 2.116 14.152 7.517 5.943 13.602 12.715 18.501 4.944 0.000 22.646 16.822 8.563 14.607 8.376 13.149 11.979 0.534 7.366 13.208 12.929 15.677 12.601 13.075 17.212 17.918 15.241 10.536 9.337 11.613 1.741 15.549 18.372 7.686 15.127 10.417 10.157 13.652 7.397 18.707 9.338 17.080 5.509 11.128 7.374 12.951 19.174 4.773 8.596 11.041 17.474 6.621 9.294 11.633 18.093 15.400 12.837 9.591 6.031 3.868 10.044 17.826 7.083 16.310 22.053 2.457 11.525 20.146 14.024 10.556 3.860 12.673 3.230 3.531 6.492 13.496 12.612 19.543 11.685 14.849 3.291 13.891 17.175 20.487 7.542 7.993 18.029 16.278 16.694 13.671 17.139 9.429 11.435 7.359 14.608 11.223 12.049 13.493 10.315 
42 12.446 18.012 11.718 18.784 18.272 10.748 14.755 18.555 20.236 7.687 15.977 2.256 14.284 17.301 1.702 22.871 13.625 19.845 18.403 12.282 15.889 11.646 22.184 15.640 19.347 8.663 21.372 17.878 20.010 10.746 21.278 6.490 21.997 9.520 19.043 16.801 13.574 9.934 4.480 22.756 22.646 0.000 9.976 15.335 18.243 15.001 12.872 10.973 22.450 19.916 14.441 11.964 14.287 13.229 13.265 9.210 16.928 11.831 13.242 14.114 14.556 21.803 11.224 4.304 18.110 7.556 17.529 17.958 18.127 19.036 6.993 13.311 9.282 18.561 13.245 15.499 18.508 5.773 17.879 15.598 15.549 5.181 20.258 16.943 15.200 9.084 11.932 14.796 13.215 17.474 21.228 12.613 4.829 17.079 12.179 0.807 20.337 13.383 3.857 8.753 12.175 21.371 10.902 19.549 23.520 16.956 13.825 17.001 4.798 13.483 12.221 21.591 17.283 7.020 2.495 17.495 18.288 14.241 8.912 14.899 18.424 9.334 14.957 14.315 19.879 12.618 14.769 10.619 15.202 12.446 
43 9.473 15.318 4.898 18.499 10.062 10.888 5.383 19.102 15.687 4.806 9.147 11.166 15.922 7.583 8.391 18.287 6.910 12.671 19.183 12.260 16.977 10.498 18.633 7.698 18.723 13.179 14.581 20.985 15.759 1.797 14.663 3.490 15.417 10.332 16.755 11.187 14.897 7.486 8.908 19.013 16.822 9.976 0.000 12.952 19.740 8.499 3.914 9.386 16.441 17.550 4.926 3.895 4.312 4.452 14.180 13.210 20.326 14.304 6.353 11.778 5.761 16.701 13.919 7.873 15.853 6.215 8.491 8.948 8.277 16.681 3.065 9.244 13.172 11.530 12.448 9.741 19.126 4.232 12.735 8.272 15.211 7.398 12.189 15.575 15.237 13.788 14.522 15.624 10.055 10.803 17.117 8.945 7.510 14.162 2.213 9.942 14.376 13.025 10.631 8.139 7.609 14.195 10.570 14.468 19.022 10.331 4.326 17.605 5.182 5.229 2.537 14.605 7.411 3.320 9.491 15.046 10.064 18.212 12.045 18.027 8.570 0.645 7.440 14.106 17.511 14.638 14.470 8.054 16.438 9.473 
44 3.538 2.703 8.327 5.843 9.843 4.801 11.581 6.877 5.425 9.385 6.860 14.325 5.981 13.494 15.027 7.795 7.150 8.574 7.118 3.731 5.838 3.691 6.851 8.762 5.903 9.317 8.862 10.672 5.021 11.396 8.538 12.845 8.989 6.001 3.947 4.940 5.278 6.059 10.893 7.432 8.563 15.335 12.952 0.000 8.156 6.419 10.721 4.453 8.608 4.809 11.901 9.715 14.166 10.364 4.638 8.680 10.522 6.717 7.556 1.285 10.315 7.184 6.994 11.085 2.996 8.509 11.445 11.533 14.576 3.902 13.514 3.816 8.547 7.744 2.576 5.168 6.948 13.483 4.538 7.693 3.318 10.292 10.450 2.731 3.759 9.549 6.889 4.867 2.898 6.785 6.048 4.009 10.624 1.764 13.619 14.630 7.008 2.973 12.238 6.690 5.381 9.466 4.511 5.408 8.367 6.601 11.778 5.761 13.476 9.472 12.150 9.305 14.287 11.682 12.938 2.248 9.877 9.925 7.831 8.783 14.762 12.952 8.050 3.113 4.770 6.152 3.070 5.315 5.716 3.538 
45 10.719 7.869 15.773 3.386 17.961 8.936 19.498 1.818 11.381 15.245 15.016 16.403 4.072 21.581 18.692 12.312 15.070 16.300 1.381 7.481 2.764 9.266 10.122 16.883 4.046 9.684 16.049 3.214 10.784 18.494 15.653 18.491 15.862 9.779 7.092 12.979 4.996 12.256 14.117 10.709 14.607 18.243 19.740 8.156 0.000 14.540 18.366 10.369 14.892 7.316 19.754 17.202 21.828 18.098 5.618 9.071 3.710 6.428 15.392 8.768 18.270 12.875 7.028 14.872 7.077 13.934 19.596 19.689 22.677 7.214 19.320 11.591 8.987 15.678 7.411 13.323 1.685 18.845 12.170 15.832 4.916 14.455 18.354 5.794 4.667 9.393 6.314 4.117 10.444 14.833 10.824 11.474 14.668 8.409 20.908 17.436 14.060 6.771 14.410 11.805 12.850 16.849 9.193 12.231 12.444 14.706 19.539 2.396 18.452 17.295 19.567 16.536 22.337 17.517 15.807 7.515 17.995 5.352 9.379 3.964 22.874 19.553 16.133 5.752 7.315 5.698 5.478 11.731 3.341 10.719 
46 4.565 7.900 3.779 12.187 4.037 7.959 5.382 13.294 7.307 7.366 1.000 14.933 11.777 7.078 14.019 9.830 1.615 4.844 13.537 8.254 12.062 6.620 10.432 2.344 12.134 12.617 6.478 16.841 7.469 6.704 6.456 10.035 7.209 8.482 9.364 2.748 10.845 5.640 11.382 10.731 8.376 15.001 8.499 6.419 14.540 0.000 5.100 6.080 8.032 10.004 5.795 4.616 8.250 4.602 10.062 12.206 16.542 11.488 2.163 5.830 4.104 8.207 11.466 10.950 8.633 7.527 5.091 5.243 8.158 9.259 10.354 3.276 12.096 3.561 7.611 1.448 13.367 10.897 4.337 1.314 9.635 10.040 5.556 9.066 9.967 13.090 11.714 10.893 4.405 2.520 8.802 3.785 10.378 6.827 8.305 14.527 5.919 8.298 13.265 7.251 3.168 6.379 7.441 6.009 10.567 1.999 5.836 12.147 11.360 3.625 6.781 6.639 7.891 8.905 13.161 7.852 4.066 15.378 10.971 14.527 8.343 8.781 1.671 9.032 9.968 11.290 9.179 5.277 11.796 4.565 
