param n := 80;
param m := 8;
param L := 30;
param Q := 3;
param T := 600;
param t :
    1   2   3   4   5   6   7   8   9  10  11  12  13  14  15  16  17  18  19  20  21  22  23  24  25  26  27  28  29  30  31  32  33  34  35  36  37  38  39  40  41  42  43  44  45  46  47  48  49  50  51  52  53  54  55  56  57  58  59  60  61  62  63  64  65  66  67  68  69  70  71  72  73  74  75  76  77  78  79  80  81  82  83  84  85  86  87  88  89  90  91  92  93  94  95  96  97  98  99 100 101 102 103 104 105 106 107 108 109 110 111 112 113 114 115 116 117 118 119 120 121 122 123 124 125 126 127 128 129 130 131 132 133 134 135 136 137 138 139 140 141 142 143 144 145 146 147 148 149 150 151 152 153 154 155 156 157 158 159 160 161 162 :=
1 0.000 4.680 3.906 6.861 2.073 8.858 1.216 7.052 9.724 11.561 6.263 10.328 7.744 12.260 7.518 9.627 6.078 3.600 7.420 7.551 5.466 5.814 8.517 10.974 3.682 1.710 9.773 5.287 4.673 6.497 5.630 9.028 9.780 5.697 8.276 8.480 10.182 8.340 8.673 8.503 2.756 3.840 4.336 5.476 10.036 6.194 4.225 6.091 12.733 3.751 9.118 6.101 8.731 4.888 11.945 2.127 8.320 9.592 9.934 4.976 8.647 8.312 2.815 5.859 10.049 8.882 5.276 7.513 5.854 5.177 8.001 7.492 7.461 9.955 10.258 13.061 10.995 11.851 9.942 4.527 8.277 11.460 2.302 10.199 10.265 10.541 2.643 10.373 0.939 6.764 12.509 3.927 9.655 9.103 6.853 5.609 9.229 9.639 9.076 0.998 9.963 7.594 5.019 8.600 3.920 7.041 11.122 5.403 7.130 8.785 9.663 6.377 7.382 9.879 9.590 5.553 11.304 10.658 4.257 8.344 9.621 4.064 5.156 9.631 8.782 5.705 7.512 11.978 5.612 8.359 7.978 5.354 1.760 5.046 8.531 4.347 8.639 1.629 1.055 9.863 6.205 8.889 4.860 2.782 6.394 7.907 7.255 3.948 4.941 4.805 4.594 11.072 10.823 8.294 7.655 6.320 2.784 5.597 11.837 12.616 9.585 0.000 
2 4.680 0.000 4.423 3.632 3.756 11.058 5.814 6.283 14.107 15.720 10.149 10.614 11.651 8.471 10.285 8.865 9.387 1.640 7.110 7.429 8.501 9.115 7.011 15.204 5.853 5.967 14.075 2.760 5.251 11.128 9.442 9.377 11.296 6.981 5.055 8.477 12.175 12.234 9.737 12.982 4.589 5.559 3.917 6.383 13.085 10.637 8.805 3.166 15.066 4.303 11.769 1.666 4.152 9.050 11.048 6.758 8.213 13.940 13.345 5.737 11.017 10.576 7.203 1.815 6.296 10.662 9.567 12.186 10.308 9.084 5.634 5.388 9.679 6.626 9.477 17.494 6.794 14.354 5.592 8.463 4.432 14.274 6.266 14.429 14.353 15.086 4.385 13.823 4.091 10.786 10.995 7.665 14.134 10.068 10.396 8.894 12.423 6.404 5.514 5.183 14.018 11.146 0.363 13.281 6.995 3.552 15.725 10.047 11.807 5.826 7.293 6.772 11.945 12.430 9.162 9.654 11.275 8.317 8.435 3.825 14.299 6.468 7.553 8.236 11.737 10.240 12.132 13.991 5.674 12.856 3.298 4.832 3.990 9.684 9.856 7.981 5.852 6.303 5.693 9.828 1.849 7.433 9.184 3.889 4.083 8.100 9.135 6.058 5.082 8.574 0.325 15.698 15.476 5.349 3.139 6.316 4.141 9.076 14.599 15.116 8.046 4.680 
3 3.906 4.423 0.000 4.079 5.078 12.689 4.191 3.146 13.078 15.097 10.066 13.612 11.505 9.199 11.411 12.406 9.982 4.755 10.329 3.747 9.362 9.720 4.649 14.461 7.316 3.722 10.567 6.716 0.931 9.483 9.471 12.301 6.955 2.581 5.166 11.582 7.767 8.376 5.494 9.827 1.276 1.319 6.859 2.042 8.757 7.581 7.541 3.366 10.645 0.170 7.377 4.801 8.215 5.753 14.714 4.875 4.549 12.992 9.142 1.393 12.503 6.156 4.636 4.223 10.716 12.625 6.374 10.176 7.306 9.002 9.763 9.402 5.262 11.030 13.046 16.267 8.451 9.933 7.708 8.363 8.854 9.882 3.513 10.812 13.876 13.601 5.918 14.231 3.008 7.139 14.942 7.819 12.871 5.871 6.391 9.515 8.156 10.792 9.932 4.902 10.226 7.100 4.545 10.999 3.140 7.929 14.008 7.629 9.525 5.436 5.964 2.700 10.519 13.767 5.770 6.203 14.477 6.905 5.262 6.633 12.103 2.330 8.946 12.064 7.409 8.999 10.479 9.590 8.567 11.588 7.020 1.485 4.976 7.276 12.141 8.244 10.128 4.782 4.232 12.997 6.250 11.260 6.093 5.743 3.115 11.071 4.715 1.870 7.859 8.674 4.609 13.875 13.501 9.654 6.059 9.304 5.891 9.494 10.198 10.694 11.932 3.906 
4 6.861 3.632 4.079 0.000 6.855 14.544 7.647 3.739 16.571 18.418 13.016 14.238 14.522 5.400 13.621 12.407 12.519 5.132 10.731 5.050 11.708 12.244 3.780 17.835 9.171 7.425 14.630 6.323 4.335 13.180 12.341 13.008 9.455 5.818 1.487 12.101 10.600 12.368 7.772 13.904 5.120 5.360 7.523 5.150 12.299 11.640 11.025 0.780 13.532 4.096 10.761 2.409 5.361 9.824 14.516 8.508 5.680 16.447 12.879 4.689 14.467 9.395 8.521 1.893 8.595 14.213 10.440 14.017 11.355 11.922 8.925 8.789 8.597 9.274 13.002 19.879 4.381 13.002 3.659 11.272 6.954 13.190 7.400 14.855 17.109 17.293 7.635 16.959 5.968 11.200 14.299 10.558 16.464 7.984 10.348 12.022 11.828 9.149 8.116 7.698 14.223 11.020 3.398 14.932 7.213 6.574 17.791 11.555 13.441 2.202 3.689 4.983 14.147 15.856 6.281 10.282 14.873 4.699 9.315 2.977 16.022 6.357 10.911 11.668 10.992 12.515 14.197 12.280 9.300 15.166 4.001 3.241 6.971 11.192 13.452 10.934 8.936 8.241 7.611 13.439 4.600 10.884 10.144 7.214 1.234 11.732 7.884 5.900 8.690 11.478 3.957 17.694 17.366 8.407 2.649 9.948 7.450 12.130 13.449 13.713 11.449 6.861 
5 2.073 3.756 5.078 6.855 0.000 7.818 3.200 8.069 10.409 11.969 6.393 8.577 7.896 12.086 6.777 7.644 5.695 2.214 5.461 8.821 4.857 5.420 9.330 11.462 2.365 3.781 11.705 3.414 5.978 7.681 5.687 7.264 11.585 7.319 8.340 6.613 12.095 10.389 10.342 10.343 4.243 5.453 2.263 6.966 12.094 8.093 5.340 6.162 14.723 4.908 11.129 5.401 7.359 6.921 9.972 3.989 9.626 10.231 12.007 6.377 7.694 10.251 4.827 5.382 8.193 7.636 7.265 8.853 7.752 5.330 5.954 5.434 9.377 8.000 8.282 13.803 10.524 13.860 9.343 4.715 6.507 13.504 4.371 12.157 10.599 11.478 0.853 10.144 2.390 8.803 10.468 3.911 10.484 10.756 8.926 5.198 11.294 7.673 7.194 1.860 11.975 9.667 4.118 10.039 5.910 5.231 12.178 7.086 8.635 8.992 10.163 7.758 8.387 9.051 10.831 7.589 9.490 11.197 6.295 7.577 10.978 5.905 4.099 7.580 10.826 6.682 8.648 13.911 3.647 9.229 6.867 6.326 0.356 6.753 7.080 4.227 6.624 3.417 3.010 8.021 4.815 6.828 6.844 0.737 6.757 6.069 9.094 5.697 2.949 4.818 3.542 12.187 12.028 6.309 6.894 4.377 0.823 5.348 13.877 14.629 7.524 2.073 
6 8.858 11.058 12.689 14.544 7.818 0.000 9.117 15.796 7.855 7.810 4.673 4.364 4.791 19.501 1.718 6.192 3.424 9.446 5.429 16.398 3.538 3.567 17.130 7.765 5.454 9.879 14.570 8.970 13.512 8.349 4.623 4.009 18.308 14.510 16.024 4.703 18.434 14.624 17.406 12.869 11.609 12.683 7.219 14.330 17.368 11.567 7.484 13.904 20.544 12.525 16.976 12.681 13.188 11.646 7.325 9.095 17.174 7.572 16.788 13.833 0.429 16.551 10.084 12.862 11.879 0.992 11.553 9.522 11.327 4.998 8.672 8.217 15.815 10.983 6.392 10.465 17.672 19.575 16.395 5.323 11.172 18.903 10.504 15.158 6.627 9.531 6.979 4.268 9.696 13.180 8.803 5.352 8.457 17.845 14.089 3.677 16.492 10.657 11.009 7.877 15.507 14.655 11.377 10.662 12.308 10.168 10.506 9.918 10.066 16.728 17.971 15.235 8.012 1.523 18.436 12.191 5.368 19.007 11.243 14.542 10.945 12.745 3.751 7.351 16.388 7.319 8.624 20.095 5.730 7.912 13.362 14.056 7.811 9.835 2.078 4.950 9.494 8.739 8.970 4.863 11.180 7.305 11.223 7.348 14.562 4.441 15.797 12.723 6.119 4.880 10.757 10.762 11.029 9.654 13.937 5.396 7.123 3.969 19.300 20.282 7.598 8.858 
7 1.216 5.814 4.191 7.647 3.200 9.117 0.000 7.267 8.968 10.928 5.921 11.042 7.330 13.033 7.635 10.554 6.047 4.810 8.340 7.561 5.603 5.806 8.827 10.305 4.352 0.775 8.560 6.494 4.786 5.541 5.366 9.766 9.230 5.451 8.997 9.306 9.490 7.193 8.291 7.289 2.920 3.724 5.444 5.374 9.067 4.978 3.403 6.868 11.905 4.063 8.272 7.150 9.907 3.721 12.850 0.945 8.280 8.863 8.879 4.985 8.858 7.599 1.627 6.848 11.262 9.269 4.077 6.463 4.638 4.887 9.154 8.632 6.796 11.154 11.174 12.240 11.901 10.993 10.905 4.271 9.493 10.530 1.428 8.992 9.690 9.647 3.626 10.115 1.770 5.604 13.503 3.865 8.825 8.731 5.814 5.623 8.236 10.835 10.287 1.555 8.779 6.537 6.141 7.498 3.228 8.256 10.167 4.233 6.013 9.428 10.135 6.334 6.501 9.986 9.576 4.390 12.060 11.092 3.097 9.379 8.544 3.635 5.569 10.651 7.861 4.888 6.560 11.244 6.562 7.529 9.107 5.676 2.860 3.871 9.058 4.297 9.815 0.602 0.198 10.654 7.397 9.932 3.658 3.865 7.024 8.716 6.704 3.658 5.926 4.629 5.752 10.089 9.802 9.482 8.696 7.239 3.821 5.516 10.915 11.749 10.625 1.216 
8 7.052 6.283 3.146 3.739 8.069 15.796 7.267 0.000 15.980 18.070 13.179 16.437 14.597 7.300 14.548 14.990 13.128 7.228 13.036 1.311 12.503 12.866 1.641 17.414 10.379 6.708 12.156 8.978 2.493 12.288 12.598 15.139 5.745 2.877 3.853 14.349 6.944 9.673 4.059 11.794 4.365 3.684 9.571 2.387 8.962 9.778 10.524 3.532 9.853 3.301 7.357 5.777 9.048 7.946 17.241 7.851 1.987 15.917 9.718 2.416 15.622 5.958 7.407 5.132 12.134 15.689 8.579 12.817 9.565 12.126 11.917 11.658 5.273 12.692 15.620 19.061 7.287 9.384 7.015 11.491 10.381 9.675 6.355 12.264 16.893 16.351 8.921 17.359 6.147 8.830 17.270 10.963 15.709 4.249 7.660 12.661 8.628 12.520 11.536 8.048 11.486 8.210 6.228 13.480 5.280 9.752 16.661 10.209 12.068 3.613 3.313 1.650 13.363 16.901 2.892 8.206 17.233 4.071 7.614 6.704 14.589 4.347 12.046 14.473 7.737 11.938 13.248 8.571 11.354 14.452 7.696 1.745 8.015 9.885 15.144 11.389 12.103 7.840 7.330 15.755 7.820 13.665 8.405 8.676 2.562 13.879 4.507 4.015 10.661 11.811 6.570 16.487 16.053 11.588 6.381 12.077 8.853 12.638 9.900 10.069 14.299 7.052 
9 9.724 14.107 13.078 16.571 10.409 7.855 8.968 15.980 0.000 2.279 4.355 12.154 3.248 21.971 6.538 13.516 5.797 12.623 11.963 15.957 6.692 5.965 17.604 1.564 8.956 9.356 8.705 13.397 13.508 3.761 5.020 11.510 15.843 13.567 17.954 11.875 15.383 10.000 15.658 7.198 11.807 12.296 11.549 13.761 13.196 7.358 5.565 15.795 16.527 12.969 13.543 15.686 17.692 8.664 15.059 8.204 16.534 0.283 12.205 13.573 7.435 13.784 8.577 15.529 17.720 8.788 8.169 3.801 7.346 5.220 14.675 14.108 13.393 17.120 13.878 3.395 20.701 15.557 19.605 5.755 16.394 14.617 9.632 9.274 1.831 1.683 9.989 4.518 10.603 9.165 16.432 6.591 0.749 16.076 10.589 6.119 12.410 16.766 16.714 8.982 10.004 10.795 14.468 4.193 10.882 15.135 2.660 6.111 4.728 18.396 19.039 14.728 2.660 7.157 17.806 8.816 13.201 19.959 8.707 17.917 3.819 11.740 7.963 14.425 12.737 4.085 2.959 16.595 11.131 1.566 17.276 14.539 10.135 6.345 9.633 6.392 15.537 8.366 8.980 12.490 15.185 14.095 8.112 10.522 15.992 11.393 13.761 12.000 11.012 5.783 13.926 2.946 3.320 15.474 17.226 11.303 10.288 5.729 14.983 16.097 14.595 9.724 
10 11.561 15.720 15.097 18.418 11.969 7.810 10.928 18.070 2.279 0.000 5.598 12.165 4.143 23.811 6.899 13.882 6.720 14.165 12.621 18.111 7.680 6.949 19.679 0.716 10.216 11.386 10.832 14.693 15.583 5.989 6.310 11.751 18.117 15.740 19.836 12.286 17.663 12.252 17.905 9.392 13.821 14.393 12.795 15.902 15.452 9.637 7.558 17.651 18.775 14.978 15.821 17.345 19.068 10.916 15.132 10.233 18.711 2.239 14.440 15.678 7.435 16.060 10.701 17.248 18.731 8.799 10.434 6.076 9.623 6.639 15.581 15.036 15.658 18.027 14.153 2.696 22.430 17.809 21.288 7.257 17.565 16.857 11.717 11.383 1.397 3.170 11.438 3.702 12.473 11.444 16.610 8.060 2.877 18.326 12.868 7.146 14.674 17.676 17.752 10.734 12.165 13.072 16.083 6.364 13.057 16.346 3.921 8.366 7.004 20.324 21.057 16.875 4.893 6.734 19.992 11.087 13.129 22.000 10.931 19.544 5.804 13.891 8.933 14.927 15.013 6.134 5.234 18.866 12.089 3.821 18.780 16.573 11.731 8.585 9.806 7.772 16.448 10.328 10.916 12.658 16.627 14.713 10.363 11.969 17.921 11.882 16.012 14.127 12.094 7.165 15.511 4.306 4.872 16.454 18.859 12.129 11.723 6.835 17.219 18.336 15.134 11.561 
11 6.263 10.149 10.066 13.016 6.393 4.673 5.921 13.179 4.355 5.598 0.000 8.472 1.510 18.371 2.977 9.428 1.578 8.576 7.703 13.466 2.368 1.674 14.715 5.142 4.655 6.553 9.900 9.131 10.705 3.681 0.712 7.596 14.510 11.258 14.470 7.788 14.422 10.095 13.881 8.199 8.816 9.628 7.251 11.258 12.994 7.025 3.161 12.267 16.263 9.926 12.804 11.789 13.485 7.414 11.210 5.492 14.163 4.120 12.307 10.901 4.264 12.594 6.292 11.729 13.368 5.371 7.198 4.893 6.819 1.094 10.323 9.755 11.965 12.767 9.860 7.671 16.901 15.280 15.734 1.746 12.076 14.525 7.052 10.489 4.215 5.794 5.840 4.202 7.202 8.738 12.453 2.488 4.678 14.322 9.813 1.795 12.124 12.412 12.365 5.340 10.865 10.298 10.511 6.086 8.720 10.830 6.691 5.369 5.396 15.022 15.923 12.229 3.479 4.815 15.463 7.872 9.576 16.912 7.135 13.969 6.527 9.380 3.624 10.226 12.136 2.660 4.060 15.964 6.779 3.705 13.182 11.547 6.175 5.344 5.906 2.175 11.184 5.371 5.850 8.616 11.031 9.834 6.926 6.371 12.646 7.256 12.101 9.497 6.662 1.575 9.930 6.844 6.942 11.120 13.287 6.978 6.125 1.383 14.920 15.951 10.372 6.263 
12 10.328 10.614 13.612 14.238 8.577 4.364 11.042 16.437 12.154 12.165 8.472 0.000 8.981 18.472 5.658 2.539 6.934 9.281 3.508 17.320 6.476 6.932 17.480 12.128 6.694 11.801 18.036 7.946 14.529 12.059 8.162 1.312 20.100 15.891 15.616 2.138 20.496 17.624 18.912 16.371 12.816 14.020 6.876 15.541 20.001 14.698 10.617 13.766 22.944 13.442 19.310 11.983 11.322 14.314 2.969 11.373 18.132 11.872 19.631 14.943 4.759 18.614 12.410 12.367 9.058 3.387 14.388 13.330 14.408 8.378 6.201 5.982 17.779 7.991 2.401 14.827 16.416 22.021 15.123 8.426 8.991 21.503 12.459 18.602 10.990 13.813 7.783 8.556 10.919 16.068 4.497 8.054 12.716 19.329 16.685 6.920 19.142 7.733 8.418 9.524 18.789 17.348 10.841 14.550 14.212 8.387 14.782 13.139 13.717 16.413 17.906 16.309 11.950 5.541 19.286 14.941 1.111 18.930 13.793 13.344 14.984 14.384 5.743 3.839 18.860 10.914 12.531 22.274 5.084 12.036 11.919 14.732 8.749 12.965 2.571 7.789 6.814 10.873 10.856 0.947 10.002 4.206 14.001 7.879 14.622 2.559 17.581 14.226 5.778 8.027 10.289 15.016 15.234 7.171 12.870 4.366 7.753 7.339 21.894 22.770 4.146 10.328 
13 7.744 11.651 11.505 14.522 7.896 4.791 7.330 14.597 3.248 4.143 1.510 8.981 0.000 19.880 3.327 10.268 2.628 10.070 8.740 14.830 3.571 2.834 16.151 3.749 6.073 7.921 10.197 10.550 12.112 3.995 2.210 8.279 15.622 12.573 15.973 8.627 15.437 10.750 15.095 8.512 10.244 11.003 8.653 12.612 13.783 7.724 4.288 13.770 17.100 11.369 13.744 13.295 14.926 8.403 11.851 6.820 15.507 2.979 12.997 12.286 4.363 13.653 7.533 13.239 14.656 5.664 8.098 4.961 7.570 2.601 11.548 10.991 13.079 13.999 10.637 6.383 18.409 16.112 17.239 3.250 13.439 15.297 8.379 10.792 2.747 4.858 7.323 2.957 8.681 9.521 13.199 3.997 3.747 15.534 10.721 3.020 12.926 13.646 13.665 6.836 11.292 11.134 12.013 5.989 9.976 12.212 5.816 6.113 5.664 16.517 17.393 13.589 3.370 4.445 16.807 8.785 10.051 18.375 8.207 15.469 6.173 10.689 4.842 11.182 13.029 3.316 3.990 16.901 8.020 3.124 14.659 12.989 7.683 6.171 6.431 3.671 12.415 6.760 7.274 9.270 12.496 10.869 7.881 7.850 14.135 8.146 13.274 10.837 7.980 3.080 11.429 6.037 6.260 12.389 14.788 8.130 7.602 2.694 15.687 16.751 11.357 7.744 
14 12.260 8.471 9.199 5.400 12.086 19.501 13.033 7.300 21.971 23.811 18.371 18.472 19.880 0.000 18.753 16.282 17.781 10.108 15.038 8.280 16.927 17.506 5.992 23.232 14.308 12.765 19.398 10.680 9.142 18.549 17.686 17.364 12.399 10.134 4.054 16.385 13.736 16.955 10.838 18.893 10.376 10.341 12.291 9.559 16.144 16.727 16.420 6.175 16.435 9.260 14.518 6.824 7.467 14.879 18.067 13.873 8.443 21.847 16.978 9.336 19.476 13.126 13.803 6.715 10.765 19.046 15.512 19.338 16.469 17.280 12.472 12.554 12.525 11.784 16.793 25.272 2.183 16.179 3.401 16.633 9.821 16.661 12.675 19.535 22.494 22.670 12.805 22.230 11.368 16.014 17.440 15.896 21.857 10.840 14.929 17.284 15.883 11.819 10.790 13.081 18.779 15.503 8.137 20.195 12.180 10.121 23.142 16.821 18.716 3.814 4.244 8.948 19.532 20.894 8.151 15.251 18.902 4.176 14.433 5.128 21.296 11.254 16.021 15.272 14.979 17.910 19.563 15.056 13.930 20.559 6.585 7.953 12.247 16.464 18.160 16.257 12.141 13.630 13.003 17.582 8.505 14.584 15.262 12.334 6.093 16.135 11.752 10.829 13.425 16.817 8.759 23.030 22.678 11.653 5.634 14.473 12.583 17.424 16.826 16.770 14.995 12.260 
15 7.518 10.285 11.411 13.621 6.777 1.718 7.635 14.548 6.538 6.899 2.977 5.658 3.327 18.753 0.000 7.029 1.728 8.646 5.745 15.064 2.054 1.902 15.952 6.717 4.456 8.381 12.862 8.525 12.191 6.658 2.906 4.975 16.751 13.076 15.108 5.408 16.825 12.912 15.915 11.162 10.270 11.286 6.653 12.943 15.681 9.853 5.781 12.939 18.878 11.251 15.329 11.944 12.886 9.974 8.527 7.524 15.822 6.260 15.083 12.480 1.338 14.951 8.487 12.047 12.027 2.409 9.861 7.857 9.615 3.291 8.823 8.306 14.237 11.240 7.356 9.440 17.034 17.906 15.784 3.655 11.071 17.217 8.985 13.449 5.586 8.177 5.986 3.814 8.403 11.478 9.896 3.789 7.071 16.357 12.416 2.046 14.806 10.897 11.088 6.522 13.790 12.968 10.626 9.024 10.775 9.950 9.140 8.202 8.372 15.769 16.912 13.873 6.384 2.363 17.101 10.506 6.736 17.940 9.593 13.942 9.373 11.269 2.732 8.033 14.724 5.609 6.986 18.461 5.489 6.387 12.886 12.825 6.705 8.123 3.104 3.367 9.682 7.212 7.503 5.952 10.678 7.818 9.540 6.429 13.515 4.984 14.256 11.282 5.689 3.214 10.006 9.364 9.576 9.751 13.303 5.374 6.185 2.285 17.613 18.605 8.236 7.518 
16 9.627 8.865 12.406 12.407 7.644 6.192 10.554 14.990 13.516 13.882 9.428 2.539 10.268 16.282 7.029 0.000 7.854 7.767 2.214 15.992 7.139 7.764 15.867 13.740 6.347 11.259 18.323 6.107 13.337 12.733 8.957 2.191 19.188 14.850 13.706 1.645 19.737 17.554 17.861 16.727 11.803 13.023 5.558 14.418 19.620 14.810 10.928 12.024 22.355 12.241 18.745 10.055 8.974 14.116 2.328 11.076 16.804 13.244 19.402 13.786 6.510 17.896 12.080 10.514 6.533 5.221 14.300 14.046 14.493 9.043 3.832 3.735 17.022 5.457 0.641 16.463 14.176 21.478 12.896 8.906 6.603 21.071 11.898 18.858 12.604 15.110 6.985 10.452 10.030 15.960 3.093 8.329 13.989 18.257 16.359 7.680 18.789 5.206 5.937 8.999 18.909 17.069 9.037 15.308 13.536 6.165 16.049 13.378 14.277 14.525 16.096 15.089 12.839 7.591 17.879 14.774 2.642 17.098 13.538 11.175 15.898 13.544 6.060 1.303 18.394 11.547 13.369 21.556 4.015 13.127 9.697 13.354 7.899 13.145 4.118 8.182 4.348 10.522 10.357 1.609 7.951 1.737 13.889 6.908 12.947 2.181 16.721 13.315 4.698 8.580 8.548 16.236 16.366 4.749 10.762 3.315 6.859 8.116 21.452 22.243 1.608 9.627 
17 6.078 9.387 9.982 12.519 5.695 3.424 6.047 13.128 5.797 6.720 1.578 6.934 2.628 17.781 1.728 7.854 0.000 7.762 6.174 13.563 0.961 0.275 14.588 6.369 3.599 6.770 11.247 8.025 10.716 5.135 1.250 6.025 15.073 11.498 13.999 6.212 15.118 11.203 14.284 9.556 8.793 9.748 6.116 11.406 13.954 8.152 4.060 11.801 17.151 9.828 13.606 11.052 12.421 8.247 9.639 5.857 14.304 5.543 13.364 10.975 3.063 13.250 6.796 11.072 12.032 3.970 8.134 6.397 7.907 1.578 8.921 8.364 12.550 11.372 8.283 9.009 16.181 16.178 14.969 1.933 10.846 15.489 7.353 11.828 5.326 7.312 5.002 4.449 6.997 9.757 10.875 2.187 6.190 14.727 10.688 0.497 13.078 11.018 11.044 5.086 12.129 11.241 9.743 7.617 9.124 9.636 8.229 6.509 6.819 14.613 15.654 12.352 5.041 3.980 15.593 8.778 8.042 16.668 7.871 13.159 8.097 9.662 2.218 8.674 12.997 4.018 5.608 16.743 5.394 5.274 12.244 11.431 5.550 6.415 4.383 1.755 9.787 5.584 5.931 7.046 10.052 8.308 7.811 5.505 12.293 5.685 12.593 9.705 5.374 1.498 9.136 8.397 8.513 9.762 12.493 5.513 5.253 0.561 15.886 16.877 8.828 6.078 
18 3.600 1.640 4.755 5.132 2.214 9.446 4.810 7.228 12.623 14.165 8.576 9.281 10.070 10.108 8.646 7.767 7.762 0.000 5.825 8.232 6.867 7.491 8.200 13.668 4.214 5.148 13.325 1.999 5.675 9.817 7.865 8.007 11.695 7.308 6.597 7.162 12.427 11.711 10.248 12.098 4.464 5.621 2.427 6.797 12.951 9.777 7.474 4.556 15.233 4.601 11.774 3.304 5.208 8.354 10.038 5.726 9.042 12.445 13.060 6.147 9.394 10.700 6.354 3.419 6.542 9.084 8.803 10.944 9.439 7.526 5.036 4.651 9.797 6.594 8.400 16.017 8.425 14.449 7.208 6.920 4.721 14.248 5.585 13.728 12.789 13.677 2.764 12.190 3.294 10.184 10.193 6.106 12.692 10.620 10.016 7.270 12.221 6.309 5.612 3.864 13.420 10.773 1.987 12.092 6.696 3.540 14.359 8.984 10.650 7.333 8.705 7.379 10.567 10.803 10.114 8.998 10.027 9.741 7.722 5.407 13.070 6.375 5.913 7.329 11.623 8.859 10.802 14.262 4.230 11.431 4.653 5.590 2.499 8.631 8.324 6.401 5.483 5.206 4.655 8.554 2.655 6.522 8.397 2.257 5.357 6.730 9.356 6.033 3.584 7.003 1.375 14.356 14.174 5.050 4.734 4.922 2.509 7.466 14.597 15.221 7.186 3.600 
19 7.420 7.110 10.329 10.731 5.461 5.429 8.340 13.036 11.963 12.621 7.703 3.508 8.740 15.038 5.745 2.214 6.174 5.825 0.000 13.978 5.341 6.033 14.018 12.385 4.169 9.046 16.199 4.442 11.258 10.784 7.152 2.327 17.035 12.723 12.108 1.371 17.554 15.362 15.744 14.627 9.660 10.879 3.479 12.316 17.406 12.656 8.858 10.268 20.152 10.162 16.538 8.480 8.091 11.914 4.525 8.871 14.792 11.703 17.193 11.695 5.630 15.704 9.871 8.859 6.452 4.613 12.112 12.101 12.335 7.164 3.255 2.843 14.835 5.564 2.839 15.087 13.023 19.270 11.726 6.941 5.888 18.858 9.686 16.724 11.275 13.485 4.778 9.469 7.851 13.766 5.226 6.293 12.363 16.146 14.146 5.910 16.576 5.233 5.602 6.786 16.744 14.858 7.334 13.370 11.334 5.068 14.393 11.263 12.264 12.905 14.403 13.026 10.996 6.947 15.908 12.574 4.202 15.425 11.332 9.917 14.031 11.366 4.141 2.575 16.181 9.597 11.491 19.368 1.815 11.397 8.540 11.358 5.703 11.016 3.505 6.199 4.066 8.314 8.143 2.731 6.539 2.134 11.699 4.727 11.139 1.129 14.553 11.150 2.514 6.659 6.785 14.546 14.619 4.250 9.414 1.102 4.663 6.335 19.239 20.035 2.683 7.420 
20 7.551 7.429 3.747 5.050 8.821 16.398 7.561 1.311 15.957 18.111 13.466 17.320 14.830 8.280 15.064 15.992 13.563 8.232 13.978 0.000 13.010 13.310 2.304 17.436 11.058 6.914 11.436 10.064 2.886 12.214 12.927 16.012 4.453 2.417 5.094 15.262 5.682 8.893 2.769 11.239 4.796 3.839 10.499 2.222 7.868 9.376 10.639 4.819 8.571 3.916 6.244 7.043 10.347 7.600 18.270 8.012 0.814 15.917 8.706 2.588 16.196 4.848 7.415 6.394 13.396 16.362 8.216 12.614 9.199 12.446 13.048 12.761 4.261 13.923 16.627 18.922 8.470 8.135 8.274 11.831 11.622 8.480 6.460 11.491 16.994 16.194 9.663 17.667 6.704 8.226 18.368 11.378 15.629 2.941 6.934 13.114 7.611 13.740 12.772 8.545 10.656 7.406 7.406 13.168 5.084 10.942 16.430 10.011 11.812 4.757 4.097 1.243 13.308 17.426 2.039 7.760 18.157 4.627 7.364 8.014 14.267 4.221 12.666 15.539 6.704 11.989 13.134 7.275 12.250 14.405 8.998 2.644 8.723 9.711 15.888 11.809 13.276 8.096 7.655 16.676 9.038 14.730 8.102 9.474 3.865 14.769 3.490 4.004 11.548 12.183 7.700 16.229 15.760 12.767 7.690 12.983 9.630 13.050 8.686 8.805 15.378 7.551 
21 5.466 8.501 9.362 11.708 4.857 3.538 5.603 12.503 6.692 7.680 2.368 6.476 3.571 16.927 2.054 7.139 0.961 6.867 5.341 13.010 0.000 0.737 13.922 7.319 2.671 6.358 11.566 7.069 10.138 5.639 1.822 5.451 14.772 11.033 13.192 5.515 14.901 11.309 13.893 9.896 8.216 9.234 5.159 10.891 13.925 8.305 4.185 11.005 17.056 9.204 13.468 10.167 11.466 8.184 9.043 5.558 13.768 6.445 13.413 10.426 3.257 13.017 6.552 10.212 11.085 3.852 8.146 6.940 8.034 1.928 7.993 7.431 12.277 10.442 7.607 9.943 15.291 16.094 14.069 1.967 9.886 15.456 6.975 12.136 6.284 8.162 4.123 5.324 6.356 9.806 10.201 1.821 7.044 14.334 10.623 0.574 13.051 10.088 10.094 4.468 12.361 11.219 8.853 8.191 8.776 8.675 9.058 6.703 7.259 13.828 14.922 11.819 5.701 4.417 15.047 8.758 7.587 15.944 7.750 12.250 8.759 9.238 1.276 7.880 12.903 4.468 6.231 16.574 4.455 6.056 11.309 10.785 4.744 6.560 4.011 1.438 8.857 5.206 5.465 6.475 9.111 7.470 7.793 4.611 11.539 4.958 12.264 9.240 4.415 1.553 8.241 9.205 9.281 8.820 11.589 4.615 4.360 0.994 15.853 16.811 8.017 5.466 
22 5.814 9.115 9.720 12.244 5.420 3.567 5.806 12.866 5.965 6.949 1.674 6.932 2.834 17.506 1.902 7.764 0.275 7.491 6.033 13.310 0.737 0.000 14.321 6.582 3.337 6.534 11.187 7.776 10.459 5.127 1.232 5.983 14.862 11.257 13.723 6.127 14.924 11.083 14.056 9.500 8.535 9.499 5.868 11.157 13.801 8.041 3.931 11.526 16.984 9.565 13.428 10.780 12.170 8.082 9.594 5.640 14.053 5.715 13.230 10.722 3.223 13.051 6.590 10.798 11.823 4.057 7.987 6.405 7.789 1.484 8.728 8.167 12.343 11.177 8.208 9.206 15.909 16.013 14.699 1.758 10.616 15.336 7.123 11.765 5.553 7.453 4.730 4.724 6.731 9.621 10.803 1.941 6.333 14.499 10.525 0.222 12.926 10.823 10.831 4.821 12.043 11.088 9.471 7.638 8.901 9.400 8.360 6.407 6.792 14.338 15.382 12.101 5.092 4.199 15.341 8.624 8.043 16.397 7.692 12.890 8.152 9.427 2.012 8.552 12.829 3.987 5.645 16.559 5.192 5.379 11.983 11.166 5.275 6.299 4.400 1.509 9.593 5.352 5.686 7.007 9.792 8.166 7.657 5.235 12.020 5.588 12.376 9.463 5.149 1.315 8.866 8.517 8.614 9.557 12.223 5.338 4.983 0.420 15.733 16.717 8.699 5.814 
23 8.517 7.011 4.649 3.780 9.330 17.130 8.827 1.641 17.604 19.679 14.715 17.480 16.151 5.992 15.952 15.867 14.588 8.200 14.018 2.304 13.922 14.321 0.000 19.028 11.681 8.300 13.672 9.770 4.098 13.922 14.116 16.201 6.503 4.445 3.243 15.362 7.809 11.152 4.883 13.379 5.908 5.311 10.610 4.009 10.153 11.399 12.125 3.911 10.609 4.790 8.526 6.133 9.086 9.574 18.059 9.449 2.485 17.536 11.009 4.054 16.979 7.137 9.037 5.539 12.372 16.963 10.205 14.458 11.192 13.649 12.569 12.375 6.565 13.050 16.483 20.698 6.365 10.268 6.367 13.008 10.728 10.693 7.973 13.750 18.488 17.990 10.181 18.875 7.591 10.394 17.955 12.444 17.341 4.936 9.165 14.112 9.914 12.918 11.891 9.503 12.935 9.672 6.877 15.116 6.919 10.279 18.302 11.850 13.708 2.686 1.794 3.179 14.993 18.290 2.611 9.816 18.216 2.440 9.252 6.498 16.225 5.987 13.383 15.240 9.005 13.552 14.885 9.260 12.414 16.080 7.730 3.169 9.319 11.526 16.353 12.864 12.649 9.410 8.877 16.749 8.302 14.440 10.039 9.882 2.936 14.927 5.793 5.655 11.742 13.311 7.324 18.128 17.692 12.123 6.338 13.117 10.080 14.114 10.875 10.897 15.041 8.517 
24 10.974 15.204 14.461 17.835 11.462 7.765 10.305 17.414 1.564 0.716 5.142 12.128 3.749 23.232 6.717 13.740 6.369 13.668 12.385 17.436 7.319 6.582 19.028 0.000 9.791 10.744 10.153 14.270 14.931 5.288 5.851 11.640 17.404 15.058 19.243 12.125 16.947 11.542 17.201 8.695 13.185 13.733 12.383 15.230 14.741 8.922 6.919 17.064 18.067 14.345 15.105 16.817 18.627 10.209 15.085 9.590 18.028 1.534 13.735 15.017 7.372 15.346 10.031 16.702 18.401 8.744 9.723 5.361 8.909 6.148 15.278 14.725 14.948 17.727 14.040 2.723 21.885 17.100 20.756 6.748 17.184 16.150 11.059 10.709 1.141 2.574 10.962 3.846 11.878 10.728 16.533 7.565 2.174 17.620 12.153 6.769 13.961 17.375 17.412 10.170 11.478 12.357 15.567 5.669 12.373 15.952 3.403 7.658 6.288 19.718 20.424 16.201 4.188 6.801 19.307 10.375 13.122 21.360 10.233 19.028 5.149 13.215 8.586 14.746 14.298 5.477 4.520 18.152 11.761 3.111 18.300 15.933 11.214 7.882 9.707 7.300 16.144 9.703 10.300 12.574 16.164 14.496 9.657 11.495 17.313 11.695 15.306 13.459 11.729 6.688 15.003 3.776 4.308 16.130 18.340 11.841 11.252 6.433 16.513 17.630 14.942 10.974 
25 3.682 5.853 7.316 9.171 2.365 5.454 4.352 10.379 8.956 10.216 4.655 6.694 6.073 14.308 4.456 6.347 3.599 4.214 4.169 11.058 2.671 3.337 11.681 9.791 0.000 5.107 12.049 4.480 8.180 6.952 3.956 5.415 13.455 9.357 10.658 4.988 13.808 11.208 12.350 10.504 6.332 7.486 2.597 9.088 13.373 8.490 4.820 8.500 16.257 7.148 12.624 7.518 8.855 7.782 8.588 4.759 11.852 8.739 13.089 8.540 5.329 11.923 5.782 7.596 8.820 5.312 7.953 8.246 8.167 3.741 5.952 5.374 11.095 8.331 6.942 12.314 12.634 15.342 11.404 3.276 7.438 14.856 5.765 12.567 8.820 10.253 1.540 7.989 4.391 9.616 9.394 2.467 9.176 12.778 10.076 3.122 12.526 7.977 7.804 2.831 12.576 10.768 6.201 9.508 7.523 6.181 11.065 7.132 8.280 11.331 12.527 9.941 7.385 6.695 13.086 8.436 7.709 13.562 7.218 9.581 10.292 7.743 1.742 6.668 12.197 5.798 7.788 15.580 2.584 8.023 8.646 8.635 2.366 6.870 4.863 2.576 6.777 4.225 4.163 6.311 6.455 6.052 7.543 1.975 9.119 4.390 10.926 7.627 2.192 3.176 5.585 11.145 11.102 6.631 8.923 3.115 1.729 3.386 15.244 16.096 6.709 3.682 
26 1.710 5.967 3.722 7.425 3.781 9.879 0.775 6.708 9.356 11.386 6.553 11.801 7.921 12.765 8.381 11.259 6.770 5.148 9.046 6.914 6.358 6.534 8.300 10.744 5.107 0.000 8.182 6.945 4.215 5.794 6.032 10.521 8.457 4.737 8.713 10.041 8.719 6.641 7.536 7.018 2.452 3.082 6.043 4.706 8.365 4.675 3.828 6.648 11.156 3.614 7.525 7.176 10.109 3.216 13.565 1.154 7.611 9.271 8.230 4.365 9.614 6.829 1.236 6.812 11.671 10.041 3.657 6.593 4.343 5.548 9.707 9.201 6.022 11.625 11.884 12.563 11.749 10.251 10.810 4.951 9.867 9.812 0.658 8.580 10.188 9.919 4.294 10.755 1.890 5.076 14.181 4.598 9.158 7.977 5.151 6.357 7.545 11.315 10.715 2.286 8.295 5.888 6.272 7.541 2.454 8.660 10.377 4.188 6.046 9.087 9.685 5.677 6.810 10.725 8.911 3.872 12.813 10.616 2.582 9.369 8.618 2.892 6.343 11.314 7.137 5.277 6.803 10.478 7.254 7.871 9.224 5.189 3.460 3.820 9.832 5.028 10.335 1.194 0.950 11.399 7.647 10.581 3.254 4.481 6.697 9.455 5.932 2.954 6.602 5.328 5.947 10.271 9.942 9.979 8.699 7.944 4.464 6.231 10.194 11.010 11.276 1.710 
27 9.773 14.075 10.567 14.630 11.705 14.570 8.560 12.156 8.705 10.832 9.900 18.036 10.197 19.398 12.862 18.323 11.247 13.325 16.199 11.436 11.566 11.187 13.672 10.153 12.049 8.182 0.000 15.054 10.352 6.255 9.999 16.949 9.120 9.282 15.548 16.819 8.148 2.584 9.755 1.701 9.730 9.270 13.863 9.839 5.258 3.617 7.439 13.932 8.317 10.573 6.306 15.079 18.225 5.025 20.451 7.717 11.634 8.872 4.052 10.092 14.164 7.242 6.973 14.603 19.821 15.213 4.526 5.262 3.957 9.705 17.612 17.065 7.392 19.701 18.881 10.078 18.962 7.430 18.274 9.610 18.038 6.382 7.812 0.595 10.490 7.758 11.945 12.790 10.063 3.430 21.406 10.042 7.999 10.046 4.507 11.161 4.743 19.376 18.847 9.875 1.395 4.065 14.352 4.516 7.427 16.813 7.351 4.946 4.543 15.599 15.444 10.517 6.863 14.588 12.625 4.441 19.144 16.061 5.641 17.128 5.066 8.275 12.372 18.717 5.475 7.252 6.260 8.770 14.606 7.509 17.240 11.530 11.351 5.183 15.565 10.263 18.320 8.288 8.736 17.957 15.812 18.085 4.929 12.299 13.558 16.220 8.094 8.730 14.087 10.013 14.088 6.987 6.353 18.014 16.506 15.164 12.198 10.768 6.692 7.807 18.751 9.773 
28 5.287 2.760 6.716 6.323 3.414 8.970 6.494 8.978 13.397 14.693 9.131 7.946 10.550 10.680 8.525 6.107 8.025 1.999 4.442 10.064 7.069 7.776 9.770 14.270 4.480 6.945 15.054 0.000 7.624 10.996 8.427 6.755 13.669 9.285 7.673 5.812 14.421 13.574 12.195 13.736 6.462 7.618 1.910 8.755 14.928 11.458 8.678 5.917 17.232 6.566 13.769 4.038 4.398 10.159 8.292 7.352 10.864 13.189 15.003 8.102 9.009 12.699 8.101 4.436 4.784 8.421 10.563 12.209 11.118 8.180 3.048 2.703 11.796 4.681 6.717 16.772 8.747 16.448 7.457 7.652 3.109 16.239 7.443 15.486 13.297 14.616 3.495 12.276 5.172 12.019 8.304 6.815 13.569 12.556 11.942 7.568 14.186 4.377 3.796 5.272 15.239 12.698 2.934 13.417 8.663 1.824 15.377 10.500 12.033 8.477 10.009 9.286 11.613 10.436 11.869 10.816 8.551 11.021 9.525 5.610 14.327 8.370 5.901 5.496 13.605 9.935 11.931 16.255 3.273 12.365 4.394 7.426 3.769 10.164 7.491 7.008 3.489 6.793 6.318 7.124 2.216 4.690 10.147 2.994 6.843 5.495 11.349 8.032 2.864 7.620 2.446 15.419 15.307 3.073 5.048 3.793 3.191 7.859 16.590 17.219 5.321 5.287 
29 4.673 5.251 0.931 4.335 5.978 13.512 4.786 2.493 13.508 15.583 10.705 14.529 12.112 9.142 12.191 13.337 10.716 5.675 11.258 2.886 10.138 10.459 4.098 14.931 8.180 4.215 10.352 7.624 0.000 9.840 10.137 13.218 6.064 1.738 5.203 12.506 6.928 8.039 4.574 9.754 1.924 1.243 7.789 1.138 8.118 7.593 8.033 3.712 9.832 1.097 6.671 5.445 8.887 5.743 15.645 5.359 3.673 13.439 8.599 0.486 13.313 5.393 4.952 4.830 11.520 13.479 6.378 10.432 7.346 9.661 10.669 10.316 4.518 11.875 13.977 16.626 8.614 9.154 7.993 9.032 9.668 9.166 3.876 10.550 14.401 13.929 6.811 14.894 3.818 6.930 15.866 8.537 13.255 4.945 6.015 10.259 7.575 11.647 10.764 5.670 9.894 6.685 5.341 11.170 3.039 8.785 14.279 7.841 9.724 5.330 5.592 1.781 10.905 14.552 4.924 6.111 15.401 6.465 5.327 7.100 12.280 2.113 9.780 12.991 6.781 9.454 10.815 8.740 9.492 11.989 7.641 1.191 5.860 7.503 13.022 8.967 11.014 5.353 4.857 13.922 7.050 12.187 6.148 6.654 3.210 11.992 3.912 1.690 8.784 9.366 5.459 14.123 13.716 10.534 6.576 10.230 6.796 10.213 9.467 9.908 12.857 4.673 
30 6.497 11.128 9.483 13.180 7.681 8.349 5.541 12.288 3.761 5.989 3.681 12.059 3.995 18.549 6.658 12.733 5.135 9.817 10.784 12.214 5.639 5.127 13.922 5.288 6.952 5.794 6.255 10.996 9.840 0.000 3.897 11.086 12.174 9.816 14.501 11.131 11.810 6.795 11.916 4.556 8.231 8.612 9.339 10.030 9.896 3.847 2.344 12.400 13.235 9.388 10.023 12.597 15.020 4.933 14.682 4.676 12.779 3.753 9.048 9.873 7.936 10.133 4.888 12.348 15.655 9.047 4.478 1.316 3.756 3.711 12.900 12.324 9.688 15.251 13.227 6.789 17.440 12.250 16.424 3.844 14.101 11.389 5.982 6.848 5.074 4.125 7.507 6.789 7.282 5.682 15.815 4.533 3.422 12.338 7.011 5.149 9.059 14.901 14.636 5.964 7.304 7.323 11.478 2.586 7.132 12.814 4.630 2.395 1.720 14.881 15.413 10.991 1.102 8.337 14.048 5.149 13.169 16.305 4.947 14.841 3.351 8.005 6.678 13.359 9.258 1.188 1.019 13.147 9.483 2.198 14.405 10.914 7.353 2.596 9.517 4.586 13.716 4.961 5.597 12.110 12.467 12.849 4.380 8.002 12.491 10.558 10.024 8.285 9.144 4.153 11.001 4.575 4.358 13.539 14.151 9.878 7.809 4.723 11.774 12.857 13.457 6.497 
31 5.630 9.442 9.471 12.341 5.687 4.623 5.366 12.598 5.020 6.310 0.712 8.162 2.210 17.686 2.906 8.957 1.250 7.865 7.152 12.927 1.822 1.232 14.116 5.851 3.956 6.032 9.999 8.427 10.137 3.897 0.000 7.211 14.142 10.761 13.800 7.327 14.114 10.010 13.447 8.306 8.233 9.089 6.553 10.731 12.821 6.948 2.912 11.595 16.053 9.327 12.545 11.085 12.777 7.160 10.820 5.015 13.639 4.793 12.192 10.351 4.240 12.265 5.876 11.032 12.701 5.215 7.000 5.173 6.715 0.484 9.683 9.112 11.603 12.121 9.415 8.360 16.200 15.074 15.029 1.108 11.386 14.356 6.562 10.581 4.926 6.407 5.128 4.761 6.569 8.594 12.011 1.791 5.301 13.890 9.588 1.279 11.946 11.766 11.695 4.687 10.894 10.111 9.804 6.408 8.275 10.135 7.279 5.296 5.571 14.363 15.292 11.697 3.883 4.988 14.937 7.659 9.272 16.287 6.829 13.261 6.943 8.893 3.027 9.699 11.907 2.769 4.423 15.697 6.142 4.254 12.470 10.946 5.473 5.223 5.622 1.464 10.540 4.839 5.282 8.236 10.319 9.274 6.698 5.659 11.995 6.776 11.700 8.985 5.994 0.871 9.221 7.410 7.468 10.462 12.580 6.378 5.413 0.843 14.752 15.761 9.831 5.630 
32 9.028 9.377 12.301 13.008 7.264 4.009 9.766 15.139 11.510 11.751 7.596 1.312 8.279 17.364 4.975 2.191 6.025 8.007 2.327 16.012 5.451 5.983 16.201 11.640 5.415 10.521 16.949 6.755 13.218 11.086 7.211 0.000 18.795 14.579 14.404 1.003 19.203 16.441 17.601 15.301 11.504 12.709 5.591 14.228 18.758 13.553 9.511 12.516 21.672 12.132 18.038 10.789 10.349 13.095 3.614 10.127 16.825 11.233 18.416 13.631 4.340 17.324 11.162 11.149 8.366 3.033 13.193 12.379 13.254 7.377 5.322 5.018 16.485 7.358 2.403 14.362 15.342 20.755 14.046 7.358 8.076 20.253 11.178 17.506 10.500 13.137 6.473 8.275 9.609 14.873 4.922 6.919 12.024 18.018 15.447 5.940 17.903 7.066 7.630 8.239 17.655 16.120 9.617 13.620 12.922 7.353 14.093 12.024 12.708 15.193 16.663 14.998 11.065 5.401 17.983 13.730 2.296 17.691 12.562 12.241 14.122 13.080 4.587 3.411 17.602 9.919 11.627 20.986 3.790 11.247 10.853 13.430 7.439 11.833 1.948 6.686 6.028 9.616 9.578 1.025 8.866 3.533 12.800 6.566 13.358 1.279 16.278 12.918 4.478 6.981 9.052 14.302 14.475 6.320 11.741 3.085 6.441 6.372 20.643 21.507 3.684 9.028 
33 9.780 11.296 6.955 9.455 11.585 18.308 9.230 5.745 15.843 18.117 14.510 20.100 15.622 12.399 16.751 19.188 15.073 11.695 17.035 4.453 14.772 14.862 6.503 17.404 13.455 8.457 9.120 13.669 6.064 12.174 14.142 18.795 0.000 4.387 9.537 18.194 1.359 6.620 1.687 9.578 7.385 6.166 13.641 4.926 4.272 8.515 11.368 9.129 4.124 7.103 2.837 11.247 14.647 7.272 21.514 9.226 4.024 15.882 5.418 5.579 18.024 2.067 8.280 10.599 17.512 18.498 7.696 12.102 8.499 13.668 16.717 16.346 2.546 17.919 19.829 18.287 12.851 3.780 12.720 13.160 15.679 4.341 7.816 8.957 17.245 15.609 12.335 18.578 9.202 6.797 21.844 12.969 15.339 1.567 5.308 14.706 4.450 17.699 16.796 10.644 7.965 5.312 11.357 12.226 6.007 14.841 15.578 9.779 11.185 9.139 8.162 4.596 13.247 19.053 4.325 7.032 21.055 8.345 7.415 12.431 13.217 5.717 14.796 18.951 3.646 12.383 12.884 2.826 15.226 14.297 13.321 6.569 11.374 9.605 18.266 13.386 17.078 9.571 9.395 19.597 13.057 18.154 7.818 12.314 8.238 17.639 2.531 5.889 14.522 13.580 11.516 15.293 14.723 16.598 12.065 15.960 12.399 14.515 4.457 4.395 18.836 9.780 
34 5.697 6.981 2.581 5.818 7.319 14.510 5.451 2.877 13.567 15.740 11.258 15.891 12.573 10.134 13.076 14.850 11.498 7.308 12.723 2.417 11.033 11.257 4.445 15.058 9.357 4.737 9.282 9.285 1.738 9.816 10.761 14.579 4.387 0.000 6.427 13.924 5.194 6.821 3.024 8.934 3.076 1.875 9.293 0.671 6.488 6.987 8.329 5.286 8.094 2.723 4.986 7.156 10.600 5.192 17.171 5.767 2.971 13.534 7.075 1.259 14.273 3.673 5.075 6.530 13.258 14.575 5.813 10.197 6.799 10.278 12.333 11.959 2.817 13.602 15.491 16.508 9.904 7.421 9.424 9.687 11.403 7.464 4.206 9.403 14.650 13.778 8.110 15.456 4.985 5.956 17.465 9.316 13.225 3.438 4.796 11.073 6.014 13.368 12.496 6.648 8.650 5.377 7.078 10.760 2.685 10.505 14.014 7.595 9.396 6.366 6.183 1.270 10.913 15.432 4.260 5.385 16.807 6.879 4.947 8.700 11.862 1.884 10.846 14.576 5.175 9.636 10.726 7.013 10.928 12.010 9.335 2.588 7.143 7.298 14.219 9.748 12.709 5.931 5.575 15.336 8.787 13.777 5.688 8.032 4.609 13.387 2.178 1.794 10.219 10.065 7.181 13.815 13.350 12.235 8.215 11.666 8.141 10.964 7.755 8.173 14.456 5.697 
35 8.276 5.055 5.166 1.487 8.340 16.024 8.997 3.853 17.954 19.836 14.470 15.616 15.973 4.054 15.108 13.706 13.999 6.597 12.108 5.094 13.192 13.723 3.243 19.243 10.658 8.713 15.548 7.673 5.203 14.501 13.800 14.404 9.537 6.427 0.000 13.480 10.776 13.186 7.860 14.941 6.325 6.356 8.967 5.794 12.780 12.732 12.394 2.205 13.660 5.219 11.189 3.652 6.020 10.891 15.757 9.826 5.558 17.837 13.474 5.462 15.950 9.794 9.752 3.256 9.415 15.682 11.520 15.284 12.464 13.376 10.116 10.032 9.070 10.203 14.286 21.237 3.478 13.226 3.184 12.725 7.922 13.528 8.624 15.729 18.539 18.623 9.122 18.436 7.366 12.131 15.446 12.022 17.822 7.995 11.152 13.502 12.396 10.118 9.062 9.140 15.034 11.779 4.791 16.150 8.214 7.721 19.089 12.774 14.668 0.833 2.516 5.383 15.491 17.341 5.853 11.298 16.214 3.437 10.422 3.329 17.250 7.308 12.398 12.902 11.522 13.882 15.513 12.347 10.729 16.526 4.702 4.018 8.453 12.416 14.904 12.403 10.041 9.596 8.975 14.796 5.788 12.133 11.253 8.699 2.051 13.131 8.317 6.867 10.134 12.940 5.377 18.976 18.626 9.513 3.308 11.362 8.936 13.604 13.753 13.900 12.668 8.276 
36 8.480 8.477 11.582 12.101 6.613 4.703 9.306 14.349 11.875 12.286 7.788 2.138 8.627 16.385 5.408 1.645 6.212 7.162 1.371 15.262 5.515 6.127 15.362 12.125 4.988 10.041 16.819 5.812 12.506 11.131 7.327 1.003 18.194 13.924 13.480 0.000 18.658 16.162 16.948 15.201 10.849 12.064 4.777 13.543 18.356 13.348 9.394 11.631 21.192 11.413 17.565 9.851 9.346 12.761 3.637 9.746 16.076 11.604 18.074 12.933 4.985 16.791 10.770 10.230 7.410 3.774 12.904 12.440 13.039 7.429 4.329 4.016 15.936 6.424 2.096 14.848 14.353 20.292 13.057 7.322 7.075 19.833 10.693 17.363 10.992 13.465 5.865 8.923 8.991 14.577 4.687 6.787 12.344 17.358 15.064 6.049 17.512 6.122 6.649 7.757 17.455 15.756 8.704 13.698 12.397 6.354 14.404 11.874 12.699 14.276 15.770 14.282 11.209 6.166 17.211 13.409 2.896 16.793 12.203 11.259 14.270 12.494 4.480 2.659 17.166 9.948 11.745 20.458 3.015 11.484 9.861 12.657 6.820 11.657 2.635 6.611 5.054 9.212 9.112 1.416 7.894 2.633 12.501 5.893 12.494 0.604 15.691 12.305 3.722 6.981 8.152 14.591 14.723 5.330 10.768 2.280 5.795 6.485 20.219 21.051 2.897 8.480 
37 10.182 12.175 7.767 10.600 12.095 18.434 9.490 6.944 15.383 17.663 14.422 20.496 15.437 13.736 16.825 19.737 15.118 12.427 17.554 5.682 14.901 14.924 7.809 16.947 13.808 8.719 8.148 14.421 6.928 11.810 14.114 19.203 1.359 5.194 10.776 18.658 0.000 5.762 2.933 8.794 8.008 6.813 14.232 5.805 3.061 8.027 11.261 10.219 2.941 7.900 1.896 12.265 15.694 7.035 22.065 9.350 5.325 15.445 4.264 6.443 18.127 1.893 8.350 11.623 18.446 18.694 7.367 11.596 8.065 13.652 17.464 17.064 2.722 18.795 20.376 17.646 14.133 2.460 13.953 13.187 16.595 2.983 8.063 7.925 16.874 15.016 12.798 18.389 9.707 6.224 22.482 13.082 14.835 2.896 4.804 14.783 3.406 18.559 17.690 10.977 6.913 4.624 12.268 11.588 6.285 15.695 14.908 9.434 10.669 10.416 9.495 5.647 12.850 19.080 5.683 6.682 21.484 9.699 7.290 13.573 12.527 6.194 15.041 19.582 2.747 12.145 12.439 1.835 15.739 13.865 14.388 7.583 11.854 9.306 18.544 13.485 17.875 9.758 9.669 20.045 13.977 18.796 7.557 12.831 9.370 18.088 3.072 6.450 15.044 13.620 12.374 14.602 14.011 17.409 13.172 16.464 12.892 14.557 3.101 3.125 19.486 10.182 
