param n := 24;
param m := 4;
param L := 45;
param Q := 6;
param T := 360;
param t :
    1   2   3   4   5   6   7   8   9  10  11  12  13  14  15  16  17  18  19  20  21  22  23  24  25  26  27  28  29  30  31  32  33  34  35  36  37  38  39  40  41  42  43  44  45  46  47  48  49  50 :=
1 0.000 5.798 9.850 8.850 5.764 9.770 5.690 5.868 3.291 6.222 1.200 8.717 6.863 9.135 8.930 9.100 7.418 10.642 7.888 7.692 12.240 6.074 9.460 12.638 3.548 8.995 9.169 2.686 7.847 9.568 9.078 4.664 9.644 7.181 5.465 8.416 3.950 4.374 7.112 6.326 6.551 6.069 10.031 1.474 7.394 3.601 10.420 9.230 1.323 0.000 
2 5.798 0.000 4.110 13.716 4.104 13.523 3.033 5.610 3.088 8.314 6.240 3.396 12.168 8.955 12.765 14.632 13.210 16.190 6.501 4.944 6.571 7.788 15.103 18.435 8.582 7.216 14.810 8.419 8.076 14.547 4.414 7.402 6.563 12.769 10.175 2.666 7.472 8.039 12.277 8.957 10.257 10.081 15.496 4.789 9.835 2.937 10.631 7.649 5.793 5.798 
3 9.850 4.110 0.000 17.131 6.225 17.292 5.299 8.861 7.154 11.897 10.349 3.306 16.268 11.557 15.699 18.407 17.265 19.958 7.553 7.036 3.602 10.313 19.211 22.452 12.681 9.236 18.659 12.503 11.013 18.591 4.760 10.457 6.090 16.604 13.674 2.069 11.439 11.338 15.891 11.696 14.121 13.295 19.216 8.699 12.355 6.562 13.210 8.150 9.903 9.850 
4 8.850 13.716 17.131 0.000 11.083 14.654 11.862 14.590 12.019 13.941 9.435 17.043 9.619 17.467 2.985 3.098 6.420 3.983 11.199 16.539 20.232 7.420 9.021 8.292 9.548 17.760 3.914 7.744 16.177 11.959 17.693 6.739 13.783 3.385 3.546 16.329 11.523 5.793 1.915 6.012 12.677 3.912 3.119 9.140 6.015 10.793 18.435 11.891 9.884 8.850 
5 5.764 4.104 6.225 11.083 0.000 15.312 1.099 8.850 5.316 10.821 6.809 7.243 12.586 12.441 9.479 12.740 12.468 14.250 2.586 8.910 9.650 4.095 14.892 17.315 9.298 11.083 13.127 8.260 11.367 15.328 8.458 4.343 3.880 11.100 7.776 6.026 9.146 5.353 10.055 5.472 11.995 7.184 13.447 4.290 6.154 2.546 14.053 3.903 6.609 5.764 
6 9.770 13.523 17.292 14.654 15.312 0.000 14.935 8.606 10.553 5.463 8.600 14.613 5.074 7.819 16.441 12.624 8.617 13.487 17.620 11.150 18.033 15.609 7.332 11.944 6.373 10.122 12.018 8.146 7.321 3.832 13.888 14.066 19.119 11.336 12.888 15.288 6.209 13.349 12.849 15.444 3.332 14.173 13.516 11.163 16.429 12.830 7.314 18.974 8.721 9.770 
7 5.690 3.033 5.299 11.862 1.099 14.935 0.000 8.035 4.626 10.216 6.615 6.145 12.552 11.588 10.421 13.332 12.746 14.864 3.508 7.901 8.637 5.110 15.048 17.728 9.135 10.112 13.665 8.312 10.561 15.221 7.362 5.160 4.204 11.617 8.458 4.949 8.729 6.075 10.714 6.440 11.604 8.002 14.086 4.250 7.180 2.141 13.224 4.740 6.340 5.690 
8 5.868 5.610 8.861 14.590 8.850 8.606 8.035 0.000 3.623 3.144 5.156 6.012 9.053 3.616 14.790 14.300 11.483 15.749 11.436 2.740 9.453 11.202 12.406 16.631 5.982 3.174 14.157 7.136 2.526 10.661 5.340 10.101 12.059 12.392 11.314 6.805 3.867 10.105 12.760 11.849 5.737 11.919 15.288 6.263 12.904 6.450 5.203 12.739 4.712 5.868 
9 3.291 3.088 7.154 12.019 5.316 10.553 4.626 3.623 0.000 5.600 3.350 5.502 9.120 7.237 11.711 12.390 10.454 13.929 7.887 4.623 9.101 7.654 12.147 15.728 5.536 6.338 12.443 5.635 6.096 11.460 5.787 6.684 8.802 10.469 8.529 5.431 4.414 6.887 10.350 8.427 7.247 8.849 13.321 2.984 9.457 2.841 8.797 9.218 2.855 3.291 
10 6.222 8.314 11.897 13.941 10.821 5.463 10.216 3.144 5.600 0.000 5.100 9.150 6.598 3.734 14.774 13.001 9.613 14.309 13.336 5.760 12.589 12.243 9.956 14.451 4.443 5.204 12.691 6.204 2.598 7.735 8.457 10.881 14.402 11.210 11.097 9.867 2.457 10.549 12.031 12.544 2.753 12.028 13.999 7.235 13.611 8.278 4.494 14.691 4.903 6.222 
11 1.200 6.240 10.349 9.435 6.809 8.600 6.615 5.156 3.350 5.100 0.000 8.843 6.019 8.202 9.818 9.304 7.107 10.807 9.027 7.291 12.451 7.264 8.863 12.383 2.521 8.328 9.265 2.298 6.904 8.612 9.005 5.829 10.679 7.375 6.226 8.746 2.766 5.449 7.608 7.456 5.360 7.001 10.272 2.568 8.520 4.479 9.402 10.377 0.517 1.200 
12 8.717 3.396 3.306 17.043 7.243 14.613 6.145 6.012 5.502 9.150 8.843 0.000 14.346 8.334 16.161 17.771 15.950 19.323 9.332 3.817 3.646 11.132 17.521 21.226 10.836 5.945 17.880 11.135 7.907 16.378 1.511 10.798 8.615 15.871 13.497 1.508 9.203 11.420 15.535 12.339 11.622 13.464 18.670 7.969 13.193 6.319 9.963 10.270 8.339 8.717 
13 6.863 12.168 16.268 9.619 12.586 5.074 12.552 9.053 9.120 6.598 6.019 14.346 0.000 10.237 11.601 7.572 3.598 8.531 14.483 11.771 17.990 11.743 3.374 7.881 3.587 11.740 7.005 4.362 9.190 2.861 14.132 10.177 16.453 6.273 8.239 14.525 5.242 9.245 7.865 11.253 4.112 9.620 8.488 8.323 12.133 10.444 10.531 15.764 6.408 6.863 
14 9.135 8.955 11.557 17.467 12.441 7.819 11.588 3.616 7.237 3.734 8.202 8.334 10.237 0.000 18.018 16.698 13.345 18.029 15.026 4.526 11.144 14.763 13.547 18.117 8.112 2.592 16.411 9.742 1.299 10.939 7.137 13.592 15.506 14.878 14.416 9.513 5.977 13.488 15.573 15.329 6.178 15.184 17.698 9.757 16.394 10.065 1.684 16.315 7.855 9.135 
15 8.930 12.765 15.699 2.985 9.479 16.441 10.421 14.790 11.711 14.774 9.818 16.161 11.601 18.018 0.000 6.042 8.848 6.953 9.012 16.334 19.038 5.441 11.611 11.274 10.656 17.879 6.833 8.718 16.720 14.198 17.032 5.366 11.570 5.827 3.696 15.227 12.319 4.841 3.917 4.014 14.023 2.876 6.099 8.727 3.581 9.857 19.193 9.478 10.170 8.930 
16 9.100 14.632 18.407 3.098 12.740 12.624 13.332 14.300 12.390 13.001 9.304 17.771 7.572 16.698 6.042 0.000 4.014 1.557 13.371 16.593 21.197 9.622 6.221 5.273 8.588 17.439 0.831 7.164 15.459 9.493 18.177 8.559 15.907 1.930 5.031 17.298 10.759 7.442 2.792 8.357 11.221 6.071 0.999 9.847 8.633 11.857 17.420 14.249 9.811 9.100 
17 7.418 13.210 17.265 6.420 12.468 8.617 12.746 11.483 10.454 9.613 7.107 15.950 3.598 13.345 8.848 4.014 0.000 4.940 13.829 14.042 19.553 10.476 2.835 5.278 5.501 14.471 3.410 4.823 12.182 5.561 16.049 9.033 16.135 3.063 6.119 15.800 7.666 7.919 4.932 9.598 7.486 7.536 4.901 8.629 10.265 10.853 13.858 14.963 7.612 7.418 
18 10.642 16.190 19.958 3.983 14.250 13.487 14.864 15.749 13.929 14.309 10.807 19.323 8.531 18.029 6.953 1.557 4.940 0.000 14.786 18.088 22.754 11.012 6.607 4.442 9.945 18.869 1.618 8.626 16.809 10.112 19.715 10.025 17.341 3.460 6.499 18.856 12.135 8.925 4.221 9.696 12.377 7.432 0.877 11.405 9.873 13.411 18.675 15.613 11.318 10.642 
19 7.888 6.501 7.553 11.199 2.586 17.620 3.508 11.436 7.887 13.336 9.027 9.332 14.483 15.026 9.012 13.371 13.829 14.786 0.000 11.407 11.149 3.789 16.445 18.307 11.423 13.619 13.889 10.123 13.951 17.301 10.676 4.886 2.586 11.969 8.357 7.953 11.535 6.036 10.584 5.189 14.337 7.370 13.933 6.459 5.433 5.074 16.638 1.362 8.906 7.888 
20 7.692 4.944 7.036 16.539 8.910 11.150 7.901 2.740 4.623 5.760 7.291 3.817 11.771 4.526 16.334 16.593 14.042 18.088 11.407 0.000 6.917 12.062 15.109 19.250 8.575 2.318 16.528 9.480 4.128 13.391 2.768 11.244 11.428 14.665 13.101 5.005 6.546 11.507 14.797 12.968 8.442 13.472 17.563 7.607 13.970 6.956 6.175 12.588 6.789 7.692 
21 12.240 6.571 3.602 20.232 9.650 18.033 8.637 9.453 9.101 12.589 12.451 3.646 17.990 11.144 19.038 21.197 19.553 22.754 11.149 6.917 0.000 13.738 21.166 24.824 14.482 8.566 21.355 14.731 11.002 19.979 4.152 13.707 9.623 19.323 16.708 3.913 12.827 14.481 18.840 15.075 15.158 16.496 22.066 11.350 15.803 9.447 12.631 11.742 11.952 12.240 
22 6.074 7.788 10.313 7.420 4.095 15.609 5.110 11.202 7.654 12.243 7.264 11.132 11.743 14.763 5.441 9.622 10.476 11.012 3.789 12.062 13.738 0.000 13.220 14.656 9.236 13.975 10.174 7.556 13.535 14.603 12.194 1.570 6.368 8.321 4.657 10.038 10.024 2.572 6.830 1.447 12.530 3.585 10.154 5.050 2.072 5.123 16.212 4.639 7.360 6.074 
23 9.460 15.103 19.211 9.021 14.892 7.332 15.048 12.406 12.147 9.956 8.863 17.521 3.374 13.547 11.611 6.221 2.835 6.607 16.445 15.109 21.166 13.220 0.000 4.683 6.688 15.113 5.440 6.775 12.538 3.626 17.402 11.736 18.659 5.784 8.948 17.578 8.563 10.650 7.700 12.401 7.373 10.368 6.894 10.820 13.091 13.037 13.717 17.626 9.320 9.460 
24 12.638 18.435 22.452 8.292 17.315 11.944 17.728 16.631 15.728 14.451 12.383 21.226 7.881 18.117 11.274 5.273 5.278 4.442 18.307 19.250 24.824 14.656 4.683 0.000 10.675 19.512 4.561 10.094 17.049 8.135 21.319 13.423 20.767 6.342 9.999 21.048 12.770 12.273 7.940 13.487 11.979 11.208 5.224 13.762 13.856 15.956 18.370 19.290 12.890 12.638 
25 3.548 8.582 12.681 9.548 9.298 6.373 9.135 5.982 5.536 4.443 2.521 10.836 3.587 8.112 10.656 8.588 5.501 9.945 11.423 8.575 14.482 9.236 6.688 10.675 0.000 8.995 8.330 1.943 6.871 6.094 10.737 7.696 13.176 6.771 6.965 10.952 2.197 7.026 7.633 9.123 3.425 8.091 9.588 5.015 10.136 6.999 8.923 12.756 2.852 3.548 
26 8.995 7.216 9.236 17.760 11.083 10.122 10.112 3.174 6.338 5.204 8.328 5.945 11.740 2.592 17.879 17.439 14.471 18.869 13.619 2.318 8.566 13.975 15.113 19.512 8.995 0.000 17.268 10.284 2.809 12.898 4.636 13.013 13.736 15.541 14.458 7.251 6.807 13.129 15.934 14.760 7.940 15.004 18.431 9.227 15.794 8.958 4.085 14.832 7.878 8.995 
27 9.169 14.810 18.659 3.914 13.127 12.018 13.665 14.157 12.443 12.691 9.265 17.880 7.005 16.411 6.833 0.831 3.410 1.618 13.889 16.528 21.355 10.174 5.440 4.561 8.330 17.268 0.000 7.051 15.192 8.785 18.219 9.034 16.399 2.056 5.533 17.474 10.522 7.898 3.388 8.957 10.784 6.671 1.506 10.023 9.297 12.098 17.063 14.812 9.779 9.169 
28 2.686 8.419 12.503 7.744 8.260 8.146 8.312 7.136 5.635 6.204 2.298 11.135 4.362 9.742 8.718 7.164 4.823 8.626 10.123 9.480 14.731 7.556 6.775 10.094 1.943 10.284 7.051 0.000 8.462 7.182 11.296 5.990 12.112 5.258 5.024 10.985 3.780 5.207 5.839 7.299 5.355 6.155 8.152 4.064 8.284 6.268 10.696 11.412 2.811 2.686 
29 7.847 8.076 11.013 16.177 11.367 7.321 10.561 2.526 6.096 2.598 6.904 7.907 9.190 1.299 16.720 15.459 12.182 16.809 13.951 4.128 11.002 13.535 12.538 17.049 6.871 2.809 15.192 8.462 0.000 10.138 6.879 12.336 14.571 13.623 13.117 8.946 4.712 12.207 14.287 14.067 5.231 13.890 16.458 8.509 15.134 8.936 2.704 15.260 6.561 7.847 
30 9.568 14.547 18.591 11.959 15.328 3.832 15.221 10.661 11.460 7.735 8.612 16.378 2.861 10.939 14.198 9.493 5.561 10.112 17.301 13.391 19.979 14.603 3.626 8.135 6.094 12.898 8.785 7.182 10.138 0.000 15.959 13.038 19.206 8.577 10.988 16.741 7.195 12.100 10.346 14.095 4.983 12.392 10.285 11.041 14.955 13.089 10.786 18.594 8.937 9.568 
31 9.078 4.414 4.760 17.693 8.458 13.888 7.362 5.340 5.787 8.457 9.005 1.511 14.132 7.137 17.032 18.177 16.049 19.715 10.676 2.768 4.152 12.194 17.402 21.319 10.737 4.636 18.219 11.296 6.879 15.959 0.000 11.709 10.092 16.255 14.158 3.013 8.900 12.222 16.092 13.323 11.072 14.262 19.108 8.553 14.229 7.193 8.712 11.671 8.489 9.078 
32 4.664 7.402 10.457 6.739 4.343 14.066 5.160 10.101 6.684 10.881 5.829 10.798 10.177 13.592 5.366 8.559 9.033 10.025 4.886 11.244 13.707 1.570 11.736 13.423 7.696 13.013 9.034 5.990 12.336 13.038 11.709 0.000 7.366 7.088 3.530 9.870 8.594 1.150 5.804 1.750 11.023 2.847 9.196 3.841 2.805 4.516 14.980 5.941 5.978 4.664 
33 9.644 6.563 6.090 13.783 3.880 19.119 4.204 12.059 8.802 14.402 10.679 8.615 16.453 15.506 11.570 15.907 16.135 17.341 2.586 11.428 9.623 6.368 18.659 20.767 13.176 13.736 16.399 12.112 14.571 19.206 10.092 7.366 0.000 14.446 10.879 7.117 12.920 8.508 13.128 7.775 15.791 9.941 16.493 8.170 7.989 6.290 17.175 2.345 10.457 9.644 
34 7.181 12.769 16.604 3.385 11.100 11.336 11.617 12.392 10.469 11.210 7.375 15.871 6.273 14.878 5.827 1.930 3.063 3.460 11.969 14.665 19.323 8.321 5.784 6.342 6.771 15.541 2.056 5.258 13.623 8.577 16.255 7.088 14.446 0.000 3.672 15.434 8.912 5.940 1.925 7.201 9.602 4.958 2.901 7.980 7.681 10.043 15.667 12.952 7.881 7.181 
35 5.465 10.175 13.674 3.546 7.776 12.888 8.458 11.314 8.529 11.097 6.226 13.497 8.239 14.416 3.696 5.031 6.119 6.499 8.357 13.101 16.708 4.657 8.948 9.999 6.965 14.458 5.533 5.024 13.117 10.988 14.158 3.530 10.879 3.672 0.000 12.799 8.640 2.430 2.283 3.548 10.350 1.427 5.679 5.610 4.146 7.262 15.540 9.294 6.620 5.465 
36 8.416 2.666 2.069 16.329 6.026 15.288 4.949 6.805 5.431 9.867 8.746 1.508 14.525 9.513 15.227 17.298 15.800 18.856 7.953 5.005 3.913 10.038 17.578 21.048 10.952 7.251 17.474 10.985 8.946 16.741 3.013 9.870 7.117 15.434 12.799 0.000 9.553 10.598 14.927 11.316 12.161 12.626 18.160 7.454 12.110 5.538 11.175 8.831 8.268 8.416 
37 3.950 7.472 11.439 11.523 9.146 6.209 8.729 3.867 4.414 2.457 2.766 9.203 5.242 5.977 12.319 10.759 7.666 12.135 11.535 6.546 12.827 10.024 8.563 12.770 2.197 6.807 10.522 3.780 4.712 7.195 8.900 8.594 12.920 8.912 8.640 9.553 0.000 8.174 9.619 10.209 2.877 9.586 11.758 5.161 11.268 6.636 6.929 12.897 2.695 3.950 
38 4.374 8.039 11.338 5.793 5.353 13.349 6.075 10.105 6.887 10.549 5.449 11.420 9.245 13.488 4.841 7.442 7.919 8.925 6.036 11.507 14.481 2.572 10.650 12.273 7.026 13.129 7.898 5.207 12.207 12.100 12.222 1.150 8.508 5.940 2.430 10.598 8.174 0.000 4.712 2.098 10.421 2.045 8.108 3.914 3.120 5.103 14.794 7.079 5.690 4.374 
39 7.112 12.277 15.891 1.915 10.055 12.849 10.714 12.760 10.350 12.031 7.608 15.535 7.865 15.573 3.917 2.792 4.932 4.221 10.584 14.797 18.840 6.830 7.700 7.940 7.633 15.934 3.388 5.839 14.287 10.346 16.092 5.804 13.128 1.925 2.283 14.927 9.619 4.712 0.000 5.576 10.778 3.288 3.396 7.570 5.919 9.406 16.525 11.458 8.073 7.112 
40 6.326 8.957 11.696 6.012 5.472 15.444 6.440 11.849 8.427 12.544 7.456 12.339 11.253 15.329 4.014 8.357 9.598 9.696 5.189 12.968 15.075 1.447 12.401 13.487 9.123 14.760 8.957 7.299 14.067 14.095 13.323 1.750 7.775 7.201 3.548 11.316 10.209 2.098 5.576 0.000 12.513 2.288 8.829 5.587 1.070 6.148 16.700 5.919 7.648 6.326 
41 6.551 10.257 14.121 12.677 11.995 3.332 11.604 5.737 7.247 2.753 5.360 11.622 4.112 6.178 14.023 11.221 7.486 12.377 14.337 8.442 15.158 12.530 7.373 11.979 3.425 7.940 10.784 5.355 5.231 4.983 11.072 11.023 15.791 9.602 10.350 12.161 2.877 10.421 10.778 12.513 0.000 11.510 12.196 7.897 13.539 9.502 6.422 15.696 5.432 6.551 
42 6.069 10.081 13.295 3.912 7.184 14.173 8.002 11.919 8.849 12.028 7.001 13.464 9.620 15.184 2.876 6.071 7.536 7.432 7.370 13.472 16.496 3.585 10.368 11.208 8.091 15.004 6.671 6.155 13.890 12.392 14.262 2.847 9.941 4.958 1.427 12.626 9.586 2.045 3.288 2.288 11.510 0.000 6.571 5.865 2.743 7.146 16.400 8.185 7.329 6.069 
43 10.031 15.496 19.216 3.119 13.447 13.516 14.086 15.288 13.321 13.999 10.272 18.670 8.488 17.698 6.099 0.999 4.901 0.877 13.933 17.563 22.066 10.154 6.894 5.224 9.588 18.431 1.506 8.152 16.458 10.285 19.108 9.196 16.493 2.901 5.679 18.160 11.758 8.108 3.396 8.829 12.196 6.571 0.000 10.723 8.996 12.685 18.414 14.747 10.776 10.031 
44 1.474 4.789 8.699 9.140 4.290 11.163 4.250 6.263 2.984 7.235 2.568 7.969 8.323 9.757 8.727 9.847 8.629 11.405 6.459 7.607 11.350 5.050 10.820 13.762 5.015 9.227 10.023 4.064 8.509 11.041 8.553 3.841 8.170 7.980 5.610 7.454 5.161 3.914 7.570 5.587 7.897 5.865 10.723 0.000 6.646 2.228 11.172 7.811 2.475 1.474 
45 7.394 9.835 12.355 6.015 6.154 16.429 7.180 12.904 9.457 13.611 8.520 13.193 12.133 16.394 3.581 8.633 10.265 9.873 5.433 13.970 15.803 2.072 13.091 13.856 10.136 15.794 9.297 8.284 15.134 14.955 14.229 2.805 7.989 7.681 4.146 12.110 11.268 3.120 5.919 1.070 13.539 2.743 8.996 6.646 0.000 7.093 17.769 5.933 8.717 7.394 
46 3.601 2.937 6.562 10.793 2.546 12.830 2.141 6.450 2.841 8.278 4.479 6.319 10.444 10.065 9.857 11.857 10.853 13.411 5.074 6.956 9.447 5.123 13.037 15.956 6.999 8.958 12.098 6.268 8.936 13.089 7.193 4.516 6.290 10.043 7.262 5.538 6.636 5.103 9.406 6.148 9.502 7.146 12.685 2.228 7.093 0.000 11.637 6.421 4.200 3.601 
47 10.420 10.631 13.210 18.435 14.053 7.314 13.224 5.203 8.797 4.494 9.402 9.963 10.531 1.684 19.193 17.420 13.858 18.675 16.638 6.175 12.631 16.212 13.717 18.370 8.923 4.085 17.063 10.696 2.704 10.786 8.712 14.980 17.175 15.667 15.540 11.175 6.929 14.794 16.525 16.700 6.422 16.400 18.414 11.172 17.769 11.637 0.000 17.939 9.109 10.420 
48 9.230 7.649 8.150 11.891 3.903 18.974 4.740 12.739 9.218 14.691 10.377 10.270 15.764 16.315 9.478 14.249 14.963 15.613 1.362 12.588 11.742 4.639 17.626 19.290 12.756 14.832 14.812 11.412 15.260 18.594 11.671 5.941 2.345 12.952 9.294 8.831 12.897 7.079 11.458 5.919 15.696 8.185 14.747 7.811 5.933 6.421 17.939 0.000 10.264 9.230 
49 1.323 5.793 9.903 9.884 6.609 8.721 6.340 4.712 2.855 4.903 0.517 8.339 6.408 7.855 10.170 9.811 7.612 11.318 8.906 6.789 11.952 7.360 9.320 12.890 2.852 7.878 9.779 2.811 6.561 8.937 8.489 5.978 10.457 7.881 6.620 8.268 2.695 5.690 8.073 7.648 5.432 7.329 10.776 2.475 8.717 4.200 9.109 10.264 0.000 1.323 
50 0.000 5.798 9.850 8.850 5.764 9.770 5.690 5.868 3.291 6.222 1.200 8.717 6.863 9.135 8.930 9.100 7.418 10.642 7.888 7.692 12.240 6.074 9.460 12.638 3.548 8.995 9.169 2.686 7.847 9.568 9.078 4.664 9.644 7.181 5.465 8.416 3.950 4.374 7.112 6.326 6.551 6.069 10.031 1.474 7.394 3.601 10.420 9.230 1.323 0.000 ;
param d := 
1 0
2 4
3 5
4 4
5 2
6 6
7 5
8 4
9 4
10 3
11 1
12 6
13 1
14 1
15 2
16 3
17 3
18 6
19 6
20 3
21 3
22 1
23 1
24 6
25 6
26 4
27 5
28 4
29 2
30 6
31 5
32 4
33 4
34 3
35 1
36 6
37 1
38 1
39 2
40 3
41 3
42 6
43 6
44 3
45 3
46 1
47 1
48 6
49 6
50 0;
param q := 
1 0
2 4
3 5
4 4
5 2
6 6
7 5
8 4
9 4
10 3
11 1
12 6
13 1
14 1
15 2
16 3
17 3
18 6
19 6
20 3
21 3
22 1
23 1
24 6
25 6
26 -4
27 -5
28 -4
29 -2
30 -6
31 -5
32 -4
33 -4
34 -3
35 -1
36 -6
37 -1
38 -1
39 -2
40 -3
41 -3
42 -6
43 -6
44 -3
45 -3
46 -1
47 -1
48 -6
49 -6
50 0;
param e := 
1 0
2 0
3 0
4 0
5 0
6 0
7 0
8 0
9 0
10 0
11 0
12 0
13 0
14 182
15 119
16 277
17 184
18 298
19 210
20 106
21 147
22 34
23 189
24 270
25 268
26 155
27 313
28 284
29 235
30 339
31 331
32 337
33 313
34 178
35 178
36 313
37 71
38 0
39 0
40 0
41 0
42 0
43 0
44 0
45 0
46 0
47 0
48 0
49 0
50 0;
param l := 
1 360
2 1440
3 1440
4 1440
5 1440
6 1440
7 1440
8 1440
9 1440
10 1440
11 1440
12 1440
13 1440
14 197
15 134
16 292
17 199
18 313
19 225
20 121
21 162
22 49
23 204
24 285
25 283
26 170
27 328
28 299
29 250
30 354
31 346
32 352
33 328
34 193
35 193
36 328
37 86
38 1440
39 1440
40 1440
41 1440
42 1440
43 1440
44 1440
45 1440
46 1440
47 1440
48 1440
49 1440
50 360;

