param n := 32;
param m := 4;
param L := 45;
param Q := 6;
param T := 480;
param t :
    1   2   3   4   5   6   7   8   9  10  11  12  13  14  15  16  17  18  19  20  21  22  23  24  25  26  27  28  29  30  31  32  33  34  35  36  37  38  39  40  41  42  43  44  45  46  47  48  49  50  51  52  53  54  55  56  57  58  59  60  61  62  63  64  65  66 :=
1 0.000 5.116 1.293 9.410 3.149 4.755 1.243 7.986 6.262 8.882 5.253 5.300 10.105 12.329 5.452 11.790 6.832 8.913 9.534 3.789 7.100 6.023 10.124 7.637 5.383 10.433 9.497 10.178 9.043 9.863 3.402 6.578 9.937 9.416 13.686 11.323 6.995 7.979 6.639 9.716 12.992 4.627 10.802 9.104 5.757 4.026 9.489 9.389 9.923 0.956 7.105 1.875 7.420 3.982 8.887 7.938 8.074 13.944 13.381 5.501 6.500 9.362 6.172 6.807 10.267 0.000 
2 5.116 0.000 5.195 13.937 5.518 8.594 5.416 3.719 8.706 13.646 9.632 9.420 15.189 16.007 4.294 10.351 3.446 13.929 5.611 7.548 2.221 8.793 8.109 12.608 9.293 6.183 14.504 14.784 12.539 5.247 4.840 3.036 8.781 12.340 11.926 15.840 7.021 5.842 9.734 7.004 10.783 9.256 10.258 5.061 8.418 2.636 6.031 13.800 9.476 4.895 5.780 6.766 10.755 6.422 6.556 11.014 11.588 18.536 9.251 10.208 10.951 10.332 10.386 8.298 6.199 5.116 
3 1.293 5.195 0.000 10.258 4.416 5.934 2.534 7.530 7.550 9.601 4.536 4.446 10.439 11.400 6.419 12.900 6.223 8.768 10.148 5.015 6.920 7.299 11.131 7.431 6.527 9.879 9.338 9.643 8.031 9.459 2.238 7.179 11.057 10.646 14.772 12.150 5.775 7.027 5.493 8.803 14.007 5.549 11.997 8.529 7.041 3.465 8.745 10.289 8.690 2.207 6.059 1.678 6.343 5.271 9.817 9.167 7.054 14.709 12.728 5.020 7.442 10.644 5.381 8.093 9.660 1.293 
4 9.410 13.937 10.258 0.000 8.610 5.461 8.634 17.285 6.808 1.324 9.761 10.380 4.532 14.997 11.501 14.351 16.227 7.559 16.152 6.443 16.132 6.340 14.185 7.649 4.800 19.777 7.845 10.666 13.296 19.080 12.442 13.860 12.915 5.315 16.093 1.918 15.683 17.284 12.696 19.058 16.300 4.789 12.431 18.469 6.650 13.430 18.899 0.537 18.409 9.198 16.290 8.858 12.709 7.958 13.896 5.037 12.720 4.599 22.768 8.786 2.987 9.370 10.384 8.262 19.643 9.410 
5 3.149 5.518 4.416 8.610 0.000 3.156 1.998 9.137 3.455 8.532 8.008 8.192 10.704 15.179 3.248 8.864 8.410 10.609 7.951 2.184 7.737 3.399 7.467 9.523 3.841 11.645 11.189 12.493 12.020 10.764 6.259 5.337 7.009 6.987 10.793 10.473 9.825 10.185 9.749 11.767 10.261 4.290 7.717 10.435 3.049 5.919 11.172 8.411 12.744 2.209 9.547 4.636 10.474 1.001 6.479 5.584 11.069 13.182 14.710 7.961 5.675 6.237 8.967 3.702 11.607 3.149 
6 4.755 8.594 5.934 5.461 3.156 0.000 3.652 12.104 2.544 5.484 7.810 8.220 8.031 14.705 6.110 10.254 11.213 8.814 10.826 1.061 10.811 2.030 9.469 8.016 0.700 14.618 9.350 11.272 11.967 13.813 8.144 8.413 8.530 4.757 12.165 7.318 11.709 12.669 10.269 14.362 11.988 1.841 8.631 13.358 2.052 8.516 13.960 5.255 14.620 4.201 11.847 5.171 10.728 2.528 8.860 3.288 11.113 10.026 17.663 7.331 2.583 6.126 8.731 3.909 14.537 4.755 
7 1.243 5.416 2.534 8.634 1.998 3.652 0.000 8.650 5.020 8.251 6.070 6.218 9.854 13.229 4.740 10.810 7.638 9.148 9.155 2.633 7.554 4.791 9.282 7.956 4.315 11.146 9.735 10.747 10.033 10.457 4.605 6.280 8.952 8.226 12.728 10.551 8.208 9.017 7.755 10.714 12.122 3.873 9.713 9.848 4.518 4.890 10.361 8.557 11.138 0.568 8.212 2.660 8.476 2.758 8.152 6.752 9.078 13.219 14.154 6.124 5.662 8.148 7.021 5.589 11.024 1.243 
8 7.986 3.719 7.530 17.285 9.137 12.104 8.650 0.000 12.411 16.849 11.273 10.872 17.966 16.521 7.906 13.358 1.543 16.092 7.536 11.044 1.786 12.475 11.023 14.726 12.802 2.514 16.633 16.296 13.142 1.942 6.042 6.044 11.997 16.039 14.695 19.202 6.105 3.542 10.368 3.871 13.378 12.511 13.592 1.348 12.104 4.066 2.521 17.201 7.578 8.087 4.265 9.206 11.423 10.080 9.488 14.692 12.300 21.865 5.573 12.106 14.311 13.978 11.804 12.012 2.483 7.986 
9 6.262 8.706 7.550 6.808 3.455 2.544 5.020 12.411 0.000 7.252 10.184 10.537 10.199 17.188 5.144 7.876 11.803 11.326 9.519 2.810 10.880 0.548 7.405 10.558 2.678 14.890 11.852 13.816 14.345 13.909 9.589 7.627 6.253 3.635 9.752 8.415 13.188 13.640 12.448 15.207 9.709 4.370 6.153 13.737 0.545 9.372 14.555 6.436 16.118 5.437 12.995 7.221 13.006 2.455 7.101 2.395 13.458 11.036 17.957 9.795 4.515 3.590 11.127 1.507 14.893 6.262 
10 8.882 13.646 9.601 1.324 8.532 5.484 8.251 16.849 7.252 0.000 8.653 9.286 3.348 13.686 11.593 15.010 15.710 6.235 16.308 6.351 15.804 6.739 14.652 6.353 4.903 19.312 6.523 9.343 12.059 18.692 11.723 13.859 13.480 6.340 16.809 2.721 14.831 16.599 11.596 18.387 16.913 4.390 13.143 17.985 7.002 12.901 18.326 1.805 17.488 8.799 15.558 8.099 11.549 8.009 14.229 5.818 11.517 5.115 22.258 7.638 2.903 10.143 9.222 8.751 19.148 8.882 
11 5.253 9.632 4.536 9.761 8.008 7.810 6.070 11.273 10.184 8.653 0.000 0.653 7.954 7.172 10.697 16.869 9.775 5.028 14.674 7.383 11.087 9.749 15.333 3.696 8.086 13.295 5.509 5.155 4.163 13.197 5.237 11.704 15.012 12.292 18.793 11.365 6.972 9.519 2.943 11.247 18.185 6.361 15.675 11.975 9.641 7.441 11.751 10.023 9.201 6.114 8.308 3.427 3.032 8.532 14.134 10.926 3.307 13.473 15.774 1.107 7.824 13.711 0.962 11.216 12.966 5.253 
12 5.300 9.420 4.446 10.380 8.192 8.220 6.218 10.872 10.537 9.286 0.653 0.000 8.601 7.031 10.749 17.027 9.357 5.599 14.587 7.728 10.774 10.120 15.422 4.289 8.534 12.831 6.058 5.449 3.845 12.783 4.870 11.621 15.169 12.772 18.941 12.001 6.373 8.983 2.316 10.693 18.286 6.848 15.895 11.523 9.992 7.129 11.247 10.632 8.557 6.203 7.766 3.558 2.520 8.777 14.180 11.386 2.926 14.123 15.254 1.756 8.374 14.028 0.968 11.510 12.490 5.300 
13 10.105 15.189 10.439 4.532 10.704 8.031 9.854 17.966 10.199 3.348 7.954 8.601 0.000 11.312 13.930 18.065 16.651 3.826 18.654 8.654 17.203 9.658 17.484 4.597 7.606 20.308 3.866 6.820 10.414 19.886 12.255 15.974 16.443 9.683 19.914 4.928 14.813 17.052 10.735 18.840 19.904 6.437 16.265 18.957 9.858 13.902 19.057 5.063 17.155 10.328 15.902 8.771 10.387 10.420 16.881 9.071 10.110 6.044 23.090 6.847 5.685 13.341 8.192 11.703 20.070 10.105 
14 12.329 16.007 11.400 14.997 15.179 14.705 13.229 16.521 17.188 13.686 7.172 7.031 11.312 0.000 17.772 24.037 14.994 7.555 21.427 14.434 16.926 16.714 22.453 7.372 14.846 17.885 7.446 4.494 3.469 18.243 11.174 18.492 22.180 18.788 25.958 16.054 10.630 13.627 6.292 14.908 25.317 13.032 22.837 16.759 16.653 13.463 16.013 15.419 11.038 13.233 12.502 10.572 5.254 15.689 21.197 17.562 4.422 17.325 19.581 7.394 14.043 20.762 6.213 18.316 17.445 12.329 
15 5.452 4.294 6.419 11.501 3.248 6.110 4.740 7.906 5.144 11.593 10.697 10.749 13.930 17.772 0.000 6.610 7.731 13.791 4.735 5.302 6.192 5.423 4.713 12.653 6.722 10.241 14.375 15.486 14.443 9.119 7.490 2.484 4.837 8.664 8.417 13.281 10.626 10.033 11.890 11.291 7.589 7.496 6.117 9.251 5.051 6.096 10.308 11.226 13.363 4.592 9.768 7.280 12.762 3.585 3.437 7.537 13.467 15.969 13.256 10.848 8.693 6.073 11.623 4.304 10.336 5.452 
16 11.790 10.351 12.900 14.351 8.864 10.254 10.810 13.358 7.876 15.010 16.869 17.027 18.065 24.037 6.610 0.000 13.681 19.025 6.361 10.032 11.586 8.422 2.342 18.109 10.530 15.216 19.575 21.236 20.824 13.905 14.100 7.403 1.858 9.476 1.939 15.643 17.153 16.170 18.392 17.136 2.023 12.078 2.003 14.595 8.261 12.585 15.880 13.895 19.786 10.851 16.112 13.471 19.208 8.468 3.872 9.322 19.859 17.988 17.884 16.805 12.381 5.081 17.825 6.385 15.468 11.790 
17 6.832 3.446 6.223 16.227 8.410 11.213 7.638 1.543 11.803 15.710 9.775 9.357 16.651 14.994 7.731 13.681 0.000 14.641 8.273 10.154 2.406 11.804 11.386 13.274 11.902 3.657 15.175 14.770 11.605 3.425 4.566 6.278 12.179 15.392 15.157 18.143 4.685 2.544 8.826 3.560 13.921 11.437 13.690 2.306 11.445 2.809 2.763 16.179 6.501 7.071 2.935 7.881 9.882 9.393 9.827 13.994 10.759 20.775 6.549 10.635 13.281 13.729 10.282 11.584 3.445 6.832 
18 8.913 13.929 8.768 7.559 10.609 8.814 9.148 16.092 11.326 6.235 5.028 5.599 3.826 7.555 13.791 19.025 14.641 0.000 18.303 9.009 15.674 10.787 17.988 1.368 8.676 18.230 0.587 3.118 6.660 18.032 10.077 15.406 17.249 11.963 20.950 8.502 11.968 14.543 7.411 16.275 20.669 6.973 17.445 16.894 10.861 12.101 16.748 8.022 13.990 9.467 13.335 7.163 6.874 10.684 17.087 10.970 6.466 9.870 20.782 4.033 7.272 14.836 4.927 12.723 17.924 8.913 
19 9.534 5.611 10.148 16.152 7.951 10.826 9.155 7.536 9.519 16.308 14.674 14.587 18.654 21.427 4.735 6.361 8.273 18.303 0.000 10.037 5.906 9.900 4.117 17.094 11.416 9.041 18.890 19.706 17.979 7.707 10.364 2.971 5.589 12.704 7.343 17.878 12.543 10.809 15.221 11.406 5.936 12.226 7.291 8.623 9.554 8.243 9.989 15.845 14.752 8.855 11.086 11.405 16.210 8.310 2.982 11.821 17.011 20.536 11.567 15.029 13.406 9.033 15.528 8.312 9.349 9.534 
20 3.789 7.548 5.015 6.443 2.184 1.061 2.633 11.044 2.810 6.351 7.383 7.728 8.654 14.434 5.302 10.032 10.154 9.009 10.037 0.000 9.763 2.418 9.023 8.079 1.758 13.557 9.569 11.250 11.541 12.759 7.191 7.509 8.242 5.632 11.966 8.323 10.779 11.642 9.657 13.324 11.661 2.225 8.552 12.297 2.265 7.469 12.904 6.268 13.702 3.168 10.845 4.452 10.197 1.770 8.267 4.153 10.650 11.029 16.602 7.043 3.493 6.335 8.331 3.897 13.476 3.789 
21 7.100 2.221 6.920 16.132 7.737 10.811 7.554 1.786 10.880 15.804 11.087 10.774 17.203 16.926 6.192 11.586 2.406 15.674 5.906 9.763 0.000 10.988 9.255 14.324 11.511 4.057 16.237 16.219 13.478 3.035 5.925 4.258 10.211 14.514 12.955 18.039 6.979 4.913 10.653 5.576 11.664 11.419 11.807 3.096 10.611 3.647 4.302 16.005 8.906 7.012 5.320 8.576 11.709 8.633 7.714 13.209 12.576 20.730 7.102 11.799 13.145 12.259 11.735 10.377 4.146 7.100 
22 6.023 8.793 7.299 6.340 3.399 2.030 4.791 12.475 0.548 6.739 9.749 10.120 9.658 16.714 5.423 8.422 11.804 10.787 9.900 2.418 10.988 0.000 7.913 10.032 2.130 14.969 11.310 13.298 13.912 14.023 9.389 7.894 6.788 3.589 10.300 7.990 12.993 13.563 12.075 15.162 10.247 3.841 6.701 13.790 0.381 9.303 14.564 5.986 15.925 5.243 12.877 6.867 12.604 2.411 7.556 2.221 13.035 10.636 18.037 9.328 3.976 4.096 10.686 2.045 14.954 6.023 
23 10.124 8.109 11.131 14.185 7.467 9.469 9.282 11.023 7.405 14.652 15.333 15.422 17.484 22.453 4.713 2.342 11.386 17.988 4.117 9.023 9.255 7.913 0.000 16.961 9.881 12.877 18.558 19.959 19.147 11.569 12.113 5.113 1.645 9.827 3.827 15.682 15.012 13.893 16.602 14.816 2.876 11.203 3.253 12.255 7.662 10.447 13.544 13.782 17.578 9.224 13.888 11.907 17.473 7.306 1.559 9.318 18.173 18.192 15.568 15.394 11.851 5.610 16.273 5.924 13.126 10.124 
24 7.637 12.608 7.431 7.649 9.523 8.016 7.956 14.726 10.558 6.353 3.696 4.289 4.597 7.372 12.653 18.109 13.274 1.368 17.094 8.079 14.324 10.032 16.961 0.000 7.972 16.863 1.914 3.307 5.871 16.666 8.710 14.174 16.305 11.580 20.043 8.855 10.660 13.195 6.229 14.935 19.690 6.191 16.605 15.526 10.065 10.742 15.388 8.056 12.769 8.240 11.991 5.850 5.803 9.685 15.996 10.467 5.515 10.525 19.425 2.673 6.818 14.121 3.697 11.894 16.558 7.637 
25 5.383 9.293 6.527 4.800 3.841 0.700 4.315 12.802 2.678 4.903 8.086 8.534 7.606 14.846 6.722 10.530 11.902 8.676 11.416 1.758 11.511 2.130 9.881 7.972 0.000 15.316 9.192 11.261 12.218 14.513 8.752 9.061 8.856 4.284 12.419 6.639 12.296 13.327 10.649 15.030 12.320 1.818 8.830 14.053 2.271 9.194 14.646 4.575 15.195 4.871 12.487 5.653 11.053 3.159 9.354 2.857 11.392 9.347 18.359 7.523 2.008 6.165 8.983 4.145 15.233 5.383 
26 10.433 6.183 9.879 19.777 11.645 14.618 11.146 2.514 14.890 19.312 13.295 12.831 20.308 17.885 10.241 15.216 3.657 18.230 9.041 13.557 4.057 14.969 12.877 16.863 15.316 0.000 18.753 18.161 14.641 1.336 8.164 8.161 14.013 18.523 16.374 21.694 7.255 4.263 11.988 3.408 14.977 14.996 15.664 1.352 14.595 6.440 1.935 19.702 7.800 10.581 5.394 11.539 13.015 12.582 11.400 17.188 13.881 24.350 3.069 14.206 16.808 16.298 13.721 14.432 0.495 10.433 
27 9.497 14.504 9.338 7.845 11.189 9.350 9.735 16.633 11.852 6.523 5.509 6.058 3.866 7.446 14.375 19.575 15.175 0.587 18.890 9.569 16.237 11.310 18.558 1.914 9.192 18.753 0.000 2.956 6.830 18.573 10.610 15.993 17.805 12.387 21.499 8.675 12.413 15.028 7.777 16.749 21.230 7.511 17.981 17.420 11.393 12.655 17.251 8.324 14.366 10.054 13.815 7.740 7.182 11.253 17.665 11.430 6.716 9.893 21.280 4.548 7.733 15.345 5.339 13.260 18.441 9.497 
28 10.178 14.784 9.643 10.666 12.493 11.272 10.747 16.296 13.816 9.343 5.155 5.449 6.820 4.494 15.486 21.236 14.770 3.118 19.706 11.250 16.219 13.298 19.959 3.307 11.261 18.161 2.956 0.000 4.514 18.191 10.319 16.741 19.409 14.868 23.175 11.607 11.265 14.132 6.345 15.732 22.743 9.465 19.802 16.881 13.312 12.572 16.480 11.118 12.729 10.929 12.911 8.304 5.467 12.772 18.895 13.772 4.753 12.833 20.407 4.677 10.113 17.393 4.498 15.114 17.791 10.178 
29 9.043 12.539 8.031 13.296 12.020 11.967 10.033 13.142 14.345 12.059 4.163 3.845 10.414 3.469 14.443 20.824 11.605 6.660 17.979 11.541 13.478 13.912 19.147 5.871 12.218 14.641 6.830 4.514 0.000 14.912 7.705 15.056 18.968 16.372 22.727 14.665 7.424 10.420 2.828 11.839 22.021 10.458 19.732 13.463 13.802 9.995 12.817 13.640 8.388 9.975 9.249 7.384 1.785 12.622 17.848 15.039 0.978 16.393 16.550 4.746 11.771 17.860 3.237 15.350 14.220 9.043 
30 9.863 5.247 9.459 19.080 10.764 13.813 10.457 1.942 13.909 18.692 13.197 12.783 19.886 18.243 9.119 13.905 3.425 18.032 7.707 12.759 3.035 14.023 11.569 16.666 14.513 1.336 18.573 18.191 14.912 0.000 7.974 6.943 12.736 17.542 15.044 20.994 7.674 4.805 12.175 4.387 13.643 14.329 14.399 1.563 13.645 5.997 2.812 18.974 8.643 9.900 5.786 11.136 13.224 11.667 10.105 16.244 14.099 23.673 4.147 14.042 16.097 15.141 13.706 13.365 1.700 9.863 
31 3.402 4.840 2.238 12.442 6.259 8.144 4.605 6.042 9.589 11.723 5.237 4.870 12.255 11.174 7.490 14.100 4.566 10.077 10.364 7.191 5.925 9.389 12.113 8.710 8.752 8.164 10.610 10.319 7.705 7.974 0.000 7.522 12.313 12.817 15.889 14.319 3.604 4.881 4.894 6.675 14.959 7.774 13.451 6.821 9.104 2.314 6.803 12.493 6.535 4.153 3.848 3.628 5.920 7.204 10.666 11.340 6.762 16.838 10.843 6.070 9.665 12.457 5.823 9.953 7.878 3.402 
32 6.578 3.036 7.179 13.860 5.337 8.413 6.280 6.044 7.627 13.859 11.704 11.621 15.974 18.492 2.484 7.403 6.278 15.406 2.971 7.509 4.258 7.894 5.113 14.174 9.061 8.161 15.993 16.741 15.056 6.943 7.522 0.000 5.958 11.137 8.911 15.676 10.042 8.780 12.325 9.749 7.748 9.611 7.550 7.342 7.519 5.547 8.554 13.613 12.505 5.939 8.806 8.444 13.296 5.903 3.554 10.021 14.084 18.375 11.084 12.066 10.982 8.244 12.560 6.744 8.330 6.578 
33 9.937 8.781 11.057 12.915 7.009 8.530 8.952 11.997 6.253 13.480 15.012 15.169 16.443 22.180 4.837 1.858 12.179 17.249 5.589 8.242 10.211 6.788 1.645 16.305 8.856 14.013 17.805 19.409 18.968 12.736 12.313 5.958 0.000 8.332 3.784 14.326 15.445 14.622 16.548 15.691 3.464 10.333 1.708 13.280 6.589 10.890 14.511 12.486 18.134 8.996 14.487 11.613 17.356 6.638 2.681 7.951 18.004 16.777 16.810 14.956 10.764 4.023 15.968 4.745 14.223 9.937 
34 9.416 12.340 10.646 5.315 6.987 4.757 8.226 16.039 3.635 6.340 12.292 12.772 9.683 18.788 8.664 9.476 15.392 11.963 12.704 5.632 14.514 3.589 9.827 11.580 4.284 18.523 12.387 14.868 16.372 17.542 12.817 11.137 8.332 0.000 11.066 6.258 16.410 17.128 14.923 18.744 11.489 5.930 7.482 17.361 3.948 12.878 18.152 4.792 19.333 8.724 16.407 9.919 15.292 6.000 9.978 1.479 15.585 8.513 21.590 11.632 4.765 4.397 13.155 4.433 18.521 9.416 
35 13.686 11.926 14.772 16.093 10.793 12.165 12.728 14.695 9.752 16.809 18.793 18.941 19.914 25.958 8.417 1.939 15.157 20.950 7.343 11.966 12.955 10.300 3.827 20.043 12.419 16.374 21.499 23.175 22.727 15.044 15.889 8.911 3.784 11.066 0.000 17.299 18.838 17.680 20.265 18.531 1.499 13.995 3.667 15.873 10.156 14.271 17.202 15.621 21.400 12.753 17.706 15.388 21.097 10.407 5.371 11.056 21.760 19.557 18.888 18.740 14.237 6.734 19.748 8.276 16.666 13.686 
36 11.323 15.840 12.150 1.918 10.473 7.318 10.551 19.202 8.415 2.721 11.365 12.001 4.928 16.054 13.281 15.643 18.143 8.502 17.878 8.323 18.039 7.990 15.682 8.855 6.639 21.694 8.675 11.607 14.665 20.994 14.319 15.676 14.326 6.258 17.299 0.000 17.507 19.174 14.308 20.953 17.632 6.706 13.674 20.387 8.327 15.345 20.811 2.065 20.191 11.115 18.166 10.716 14.235 9.779 15.510 6.376 14.167 2.709 24.685 10.339 4.897 10.578 11.910 9.804 21.560 11.323 
37 6.995 7.021 5.775 15.683 9.825 11.709 8.208 6.105 13.188 14.831 6.972 6.373 14.813 10.630 10.626 17.153 4.685 11.968 12.543 10.779 6.979 12.993 15.012 10.660 12.296 7.255 12.413 11.265 7.424 7.674 3.604 10.042 15.445 16.410 18.838 17.507 0.000 3.003 4.927 4.472 17.764 11.179 16.721 6.154 12.706 4.570 5.398 15.792 2.931 7.754 1.889 6.861 5.889 10.787 13.487 14.931 6.728 19.907 9.172 8.047 13.048 15.967 7.090 13.498 6.818 6.995 
38 7.979 5.842 7.027 17.284 10.185 12.669 9.017 3.542 13.640 16.599 9.519 8.983 17.052 13.627 10.033 16.170 2.544 14.543 10.809 11.642 4.913 13.563 13.893 13.195 13.327 4.263 15.028 14.132 10.420 4.805 4.881 8.780 14.622 17.128 17.680 19.174 3.003 0.000 7.847 1.796 16.458 12.556 16.087 3.246 13.227 4.268 2.397 17.311 4.040 8.474 1.224 8.509 8.845 11.186 12.334 15.682 9.698 21.713 6.286 10.526 14.447 15.897 9.802 13.617 3.818 7.979 
39 6.639 9.734 5.493 12.696 9.749 10.269 7.755 10.368 12.448 11.596 2.943 2.316 10.735 6.292 11.890 18.392 8.826 7.411 15.221 9.657 10.653 12.075 16.602 6.229 10.649 11.988 7.777 6.345 2.828 12.175 4.894 12.325 16.548 14.923 20.265 14.308 4.927 7.847 0.000 9.399 19.478 9.038 17.440 10.765 11.906 7.172 10.227 12.947 6.589 7.594 6.638 5.237 1.059 10.469 15.247 13.505 1.934 16.388 14.092 3.993 10.640 15.833 2.544 13.279 11.589 6.639 
40 9.716 7.004 8.803 19.058 11.767 14.362 10.714 3.871 15.207 18.387 11.247 10.693 18.840 14.908 11.291 17.136 3.560 16.275 11.406 13.324 5.576 15.162 14.816 14.935 15.030 3.408 16.749 15.732 11.839 4.387 6.675 9.749 15.691 18.744 18.531 20.953 4.472 1.796 9.399 0.000 17.235 14.316 17.227 2.944 14.816 5.873 1.575 19.076 4.410 10.162 2.951 10.302 10.356 12.764 13.266 17.312 11.185 23.501 4.712 12.273 16.203 17.275 11.480 15.083 2.913 9.716 
41 12.992 10.783 14.007 16.300 10.261 11.988 12.122 13.378 9.709 16.913 18.185 18.286 19.904 25.317 7.589 2.023 13.921 20.669 5.936 11.661 11.664 10.247 2.876 19.690 12.320 14.977 21.230 22.743 22.021 13.643 14.959 7.748 3.464 11.489 1.499 17.632 17.764 16.458 19.478 17.235 0.000 13.782 4.026 14.525 10.053 13.218 15.871 15.854 20.250 12.085 16.549 14.760 20.350 10.005 4.300 11.287 21.047 19.999 17.441 18.216 14.223 7.092 19.129 8.202 15.283 12.992 
42 4.627 9.256 5.549 4.789 4.290 1.841 3.873 12.511 4.370 4.390 6.361 6.848 6.437 13.032 7.496 12.078 11.437 6.973 12.226 2.225 11.419 3.841 11.203 6.191 1.818 14.996 7.511 9.465 10.458 14.329 7.774 9.611 10.333 5.930 13.995 6.706 11.179 12.556 9.038 14.316 13.782 0.000 10.472 13.684 3.891 8.642 14.114 4.764 14.016 4.430 11.608 4.338 9.366 3.995 10.489 4.582 9.657 9.354 17.980 5.736 1.893 7.931 7.232 5.750 14.856 4.627 
43 10.802 10.258 11.997 12.431 7.717 8.631 9.713 13.592 6.153 13.143 15.675 15.895 16.265 22.837 6.117 2.003 13.690 17.445 7.291 8.552 11.807 6.701 3.253 16.605 8.830 15.664 17.981 19.802 19.732 14.399 13.451 7.550 1.708 7.482 3.667 13.674 16.721 16.087 17.440 17.227 4.026 10.472 0.000 14.892 6.591 12.211 16.094 11.963 19.478 9.846 15.877 12.348 18.188 7.149 4.386 7.394 18.784 15.995 18.489 15.504 10.600 3.097 16.637 4.723 15.860 10.802 
44 9.104 5.061 8.529 18.469 10.435 13.358 9.848 1.348 13.737 17.985 11.975 11.523 18.957 16.759 9.251 14.595 2.306 16.894 8.623 12.297 3.096 13.790 12.255 15.526 14.053 1.352 17.420 16.881 13.463 1.563 6.821 7.342 13.280 17.361 15.873 20.387 6.154 3.246 10.765 2.944 14.525 13.684 14.892 0.000 13.420 5.098 1.399 18.404 7.097 9.281 4.266 10.188 11.803 11.389 10.735 16.003 12.675 23.034 4.309 12.873 15.508 15.324 12.423 13.357 1.179 9.104 
45 5.757 8.418 7.041 6.650 3.049 2.052 4.518 12.104 0.545 7.002 9.641 9.992 9.858 16.653 5.051 8.261 11.445 10.861 9.554 2.265 10.611 0.381 7.662 10.065 2.271 14.595 11.393 13.312 13.802 13.645 9.104 7.519 6.589 3.948 10.156 8.327 12.706 13.227 11.906 14.816 10.053 3.891 6.591 13.420 0.000 8.963 14.204 6.310 15.637 4.952 12.556 6.681 12.461 2.055 7.253 2.599 12.914 10.983 17.664 9.260 4.194 4.114 10.585 1.880 14.584 5.757 
46 4.026 2.636 3.465 13.430 5.919 8.516 4.890 4.066 9.372 12.901 7.441 7.129 13.902 13.463 6.096 12.585 2.809 12.101 8.243 7.469 3.647 9.303 10.447 10.742 9.194 6.440 12.655 12.572 9.995 5.997 2.314 5.547 10.890 12.878 14.271 15.345 4.570 4.268 7.172 5.873 13.218 8.642 12.211 5.098 8.963 0.000 5.480 13.394 7.267 4.327 3.737 5.141 8.211 6.919 8.929 11.441 9.062 17.970 9.358 8.176 10.498 11.722 8.092 9.380 6.251 4.026 
47 9.489 6.031 8.745 18.899 11.172 13.960 10.361 2.521 14.555 18.326 11.751 11.247 19.057 16.013 10.308 15.880 2.763 16.748 9.989 12.904 4.302 14.564 13.544 15.388 14.646 1.935 17.251 16.480 12.817 2.812 6.803 8.554 14.511 18.152 17.202 20.811 5.398 2.397 10.227 1.575 15.871 14.114 16.094 1.399 14.204 5.480 0.000 18.872 5.890 9.795 3.589 10.347 11.234 12.152 12.010 16.756 12.090 23.417 4.046 12.716 15.976 16.363 12.100 14.290 1.457 9.489 
48 9.389 13.800 10.289 0.537 8.411 5.255 8.557 17.201 6.436 1.805 10.023 10.632 5.063 15.419 11.226 13.895 16.179 8.022 15.845 6.268 16.005 5.986 13.782 8.056 4.575 19.702 8.324 11.118 13.640 18.974 12.493 13.613 12.486 4.792 15.621 2.065 15.792 17.311 12.947 19.076 15.854 4.764 11.963 18.404 6.310 13.394 18.872 0.000 18.550 9.124 16.339 8.943 12.998 7.715 13.535 4.573 13.039 4.773 22.709 9.075 2.898 8.891 10.679 7.867 19.580 9.389 
49 9.923 9.476 8.690 18.409 12.744 14.620 11.138 7.578 16.118 17.488 9.201 8.557 17.155 11.038 13.363 19.786 6.501 13.990 14.752 13.702 8.906 15.925 17.578 12.769 15.195 7.800 14.366 12.729 8.388 8.643 6.535 12.505 18.134 19.333 21.400 20.191 2.931 4.040 6.589 4.410 20.250 14.016 19.478 7.097 15.637 7.267 5.890 18.550 0.000 10.685 3.701 9.678 7.293 13.711 16.029 17.854 7.977 22.508 8.754 10.308 15.865 18.853 9.075 16.404 7.307 9.923 
50 0.956 4.895 2.207 9.198 2.209 4.201 0.568 8.087 5.437 8.799 6.114 6.203 10.328 13.233 4.592 10.851 7.071 9.467 8.855 3.168 7.012 5.243 9.224 8.240 4.871 10.581 10.054 10.929 9.975 9.900 4.153 5.939 8.996 8.724 12.753 11.115 7.754 8.474 7.594 10.162 12.085 4.430 9.846 9.281 4.952 4.327 9.795 9.124 10.685 0.000 7.691 2.690 8.367 3.084 8.027 7.256 9.009 13.780 13.587 6.269 6.228 8.440 7.050 5.893 10.457 0.956 
51 7.105 5.780 6.059 16.290 9.547 11.847 8.212 4.265 12.995 15.558 8.308 7.766 15.902 12.502 9.768 16.112 2.935 13.335 11.086 10.845 5.320 12.877 13.888 11.991 12.487 5.394 13.815 12.911 9.249 5.786 3.848 8.806 14.487 16.407 17.706 18.166 1.889 1.224 6.638 2.951 16.549 11.608 15.877 4.266 12.556 3.737 3.589 16.339 3.701 7.691 0.000 7.459 7.646 10.543 12.336 14.944 8.505 20.671 7.509 9.325 13.501 15.458 8.579 13.094 4.972 7.105 
52 1.875 6.766 1.678 8.858 4.636 5.171 2.660 9.206 7.221 8.099 3.427 3.558 8.771 10.572 7.280 13.471 7.881 7.163 11.405 4.452 8.576 6.867 11.907 5.850 5.653 11.539 7.740 8.304 7.384 11.136 3.628 8.444 11.613 9.919 15.388 10.716 6.861 8.509 5.237 10.302 14.760 4.338 12.348 10.188 6.681 5.141 10.347 8.943 9.678 2.690 7.459 0.000 5.873 5.266 10.717 8.458 6.436 13.213 14.356 3.626 6.191 10.601 4.369 8.053 11.308 1.875 
53 7.420 10.755 6.343 12.709 10.474 10.728 8.476 11.423 13.006 11.549 3.032 2.520 10.387 5.254 12.762 19.208 9.882 6.874 16.210 10.197 11.709 12.604 17.473 5.803 11.053 13.015 7.182 5.467 1.785 13.224 5.920 13.296 17.356 15.292 21.097 14.235 5.889 8.845 1.059 10.356 20.350 9.366 18.188 11.803 12.461 8.211 11.234 12.998 7.293 8.367 7.646 5.873 0.000 11.139 16.147 13.906 0.877 16.190 15.061 3.924 10.856 16.457 2.327 13.918 12.609 7.420 
54 3.982 6.422 5.271 7.958 1.001 2.528 2.758 10.080 2.455 8.009 8.532 8.777 10.420 15.689 3.585 8.468 9.393 10.684 8.310 1.770 8.633 2.411 7.306 9.685 3.159 12.582 11.253 12.772 12.622 11.667 7.204 5.903 6.638 6.000 10.407 9.779 10.787 11.186 10.469 12.764 10.005 3.995 7.149 11.389 2.055 6.919 12.152 7.715 13.711 3.084 10.543 5.266 11.139 0.000 6.502 4.615 11.688 12.483 15.649 8.367 5.110 5.391 9.494 2.831 12.556 3.982 
55 8.887 6.556 9.817 13.896 6.479 8.860 8.152 9.488 7.101 14.229 14.134 14.180 16.881 21.197 3.437 3.872 9.827 17.087 2.982 8.267 7.714 7.556 1.559 15.996 9.354 11.400 17.665 18.895 17.848 10.105 10.666 3.554 2.681 9.978 5.371 15.510 13.487 12.334 15.247 13.266 4.300 10.489 4.386 10.735 7.253 8.929 12.010 13.535 16.029 8.027 12.336 10.717 16.147 6.502 0.000 9.251 16.871 18.104 14.152 14.273 11.359 6.095 15.059 5.728 11.632 8.887 
56 7.938 11.014 9.167 5.037 5.584 3.288 6.752 14.692 2.395 5.818 10.926 11.386 9.071 17.562 7.537 9.322 13.994 10.970 11.821 4.153 13.209 2.221 9.318 10.467 2.857 17.188 11.430 13.772 15.039 16.244 11.340 10.021 7.951 1.479 11.056 6.376 14.931 15.682 13.505 17.312 11.287 4.582 7.394 16.003 2.599 11.441 16.756 4.573 17.854 7.256 14.944 8.458 13.906 4.615 9.251 0.000 14.229 8.881 20.257 10.316 3.698 4.341 11.810 3.531 17.170 7.938 
57 8.074 11.588 7.054 12.720 11.069 11.113 9.078 12.300 13.458 11.517 3.307 2.926 10.110 4.422 13.467 19.859 10.759 6.466 17.011 10.650 12.576 13.035 18.173 5.515 11.392 13.881 6.716 4.753 0.978 14.099 6.762 14.084 18.004 15.585 21.760 14.167 6.728 9.698 1.934 11.185 21.047 9.657 18.784 12.675 12.914 9.062 12.090 13.039 7.977 9.009 8.505 6.436 0.877 11.688 16.871 14.229 0.000 16.012 15.894 4.016 11.045 16.954 2.435 14.433 13.472 8.074 
58 13.944 18.536 14.709 4.599 13.182 10.026 13.219 21.865 11.036 5.115 13.473 14.123 6.044 17.325 15.969 17.988 20.775 9.870 20.536 11.029 20.730 10.636 18.192 10.525 9.347 24.350 9.893 12.833 16.393 23.673 16.838 18.375 16.777 8.513 19.557 2.709 19.907 21.713 16.388 23.501 19.999 9.354 15.995 23.034 10.983 17.970 23.417 4.773 22.508 13.780 20.671 13.213 16.190 12.483 18.104 8.881 16.012 0.000 27.323 12.397 7.586 12.908 13.902 12.378 24.203 13.944 
59 13.381 9.251 12.728 22.768 14.710 17.663 14.154 5.573 17.957 22.258 15.774 15.254 23.090 19.581 13.256 17.884 6.549 20.782 11.567 16.602 7.102 18.037 15.568 19.425 18.359 3.069 21.280 20.407 16.550 4.147 10.843 11.084 16.810 21.590 18.888 24.685 9.172 6.286 14.092 4.712 17.441 17.980 18.489 4.309 17.664 9.358 4.046 22.709 8.754 13.587 7.509 14.356 15.061 15.649 14.152 20.257 15.894 27.323 0.000 16.752 19.812 19.287 16.085 17.478 3.130 13.381 
60 5.501 10.208 5.020 8.786 7.961 7.331 6.124 12.106 9.795 7.638 1.107 1.756 6.847 7.394 10.848 16.805 10.635 4.033 15.029 7.043 11.799 9.328 15.394 2.673 7.523 14.206 4.548 4.677 4.746 14.042 6.070 12.066 14.956 11.632 18.740 10.339 8.047 10.526 3.993 12.273 18.216 5.736 15.504 12.873 9.260 8.176 12.716 9.075 10.308 6.269 9.325 3.626 3.924 8.367 14.273 10.316 4.016 12.397 16.752 0.000 7.035 13.368 1.606 10.932 13.894 5.501 
61 6.500 10.951 7.442 2.987 5.675 2.583 5.662 14.311 4.515 2.903 7.824 8.374 5.685 14.043 8.693 12.381 13.281 7.272 13.406 3.493 13.145 3.976 11.851 6.818 2.008 16.808 7.733 10.113 11.771 16.097 9.665 10.982 10.764 4.765 14.237 4.897 13.048 14.447 10.640 16.203 14.223 1.893 10.600 15.508 4.194 10.498 15.976 2.898 15.865 6.228 13.501 6.191 10.856 5.110 11.359 3.698 11.045 7.586 19.812 7.035 0.000 7.747 8.614 6.020 16.684 6.500 
62 9.362 10.332 10.644 9.370 6.237 6.126 8.148 13.978 3.590 10.143 13.711 14.028 13.341 20.762 6.073 5.081 13.729 14.836 9.033 6.335 12.259 4.096 5.610 14.121 6.165 16.298 15.345 17.393 17.860 15.141 12.457 8.244 4.023 4.397 6.734 10.578 15.967 15.897 15.833 17.275 7.092 7.931 3.097 15.324 4.114 11.722 16.363 8.891 18.853 8.440 15.458 10.601 16.457 5.391 6.095 4.341 16.954 12.908 19.287 13.368 7.747 0.000 14.663 2.560 16.405 9.362 
63 6.172 10.386 5.381 10.384 8.967 8.731 7.021 11.804 11.127 9.222 0.962 0.968 8.192 6.213 11.623 17.825 10.282 4.927 15.528 8.331 11.735 10.686 16.273 3.697 8.983 13.721 5.339 4.498 3.237 13.706 5.823 12.560 15.968 13.155 19.748 11.910 7.090 9.802 2.544 11.480 19.129 7.232 16.637 12.423 10.585 8.092 12.100 10.679 9.075 7.050 8.579 4.369 2.327 9.494 15.059 11.810 2.435 13.902 16.085 1.606 8.614 14.663 0.000 12.173 13.369 6.172 
64 6.807 8.298 8.093 8.262 3.702 3.909 5.589 12.012 1.507 8.751 11.216 11.510 11.703 18.316 4.304 6.385 11.584 12.723 8.312 3.897 10.377 2.045 5.924 11.894 4.145 14.432 13.260 15.114 15.350 13.365 9.953 6.744 4.745 4.433 8.276 9.804 13.498 13.617 13.279 15.083 8.202 5.750 4.723 13.357 1.880 9.380 14.290 7.867 16.404 5.893 13.094 8.053 13.918 2.831 5.728 3.531 14.433 12.378 17.478 10.932 6.020 2.560 12.173 0.000 14.484 6.807 
65 10.267 6.199 9.660 19.643 11.607 14.537 11.024 2.483 14.893 19.148 12.966 12.490 20.070 17.445 10.336 15.468 3.445 17.924 9.349 13.476 4.146 14.954 13.126 16.558 15.233 0.495 18.441 17.791 14.220 1.700 7.878 8.330 14.223 18.521 16.666 21.560 6.818 3.818 11.589 2.913 15.283 14.856 15.860 1.179 14.584 6.251 1.457 19.580 7.307 10.457 4.972 11.308 12.609 12.556 11.632 17.170 13.472 24.203 3.130 13.894 16.684 16.405 13.369 14.484 0.000 10.267 
66 0.000 5.116 1.293 9.410 3.149 4.755 1.243 7.986 6.262 8.882 5.253 5.300 10.105 12.329 5.452 11.790 6.832 8.913 9.534 3.789 7.100 6.023 10.124 7.637 5.383 10.433 9.497 10.178 9.043 9.863 3.402 6.578 9.937 9.416 13.686 11.323 6.995 7.979 6.639 9.716 12.992 4.627 10.802 9.104 5.757 4.026 9.489 9.389 9.923 0.956 7.105 1.875 7.420 3.982 8.887 7.938 8.074 13.944 13.381 5.501 6.500 9.362 6.172 6.807 10.267 0.000 ;
param d := 
1 0
2 5
3 2
4 4
5 1
6 2
7 3
8 6
9 6
10 5
11 3
12 3
13 3
14 4
15 4
16 3
17 1
18 6
19 2
20 5
21 4
22 5
23 5
24 3
25 3
26 5
27 3
28 5
29 5
30 6
31 4
32 2
33 4
34 5
35 2
36 4
37 1
38 2
39 3
40 6
41 6
42 5
43 3
44 3
45 3
46 4
47 4
48 3
49 1
50 6
51 2
52 5
53 4
54 5
55 5
56 3
57 3
58 5
59 3
60 5
61 5
62 6
63 4
64 2
65 4
66 0;
param q := 
1 0
2 5
3 2
4 4
5 1
6 2
7 3
8 6
9 6
10 5
11 3
12 3
13 3
14 4
15 4
16 3
17 1
18 6
19 2
20 5
21 4
22 5
23 5
24 3
25 3
26 5
27 3
28 5
29 5
30 6
31 4
32 2
33 4
34 -5
35 -2
36 -4
37 -1
38 -2
39 -3
40 -6
41 -6
42 -5
43 -3
44 -3
45 -3
46 -4
47 -4
48 -3
49 -1
50 -6
51 -2
52 -5
53 -4
54 -5
55 -5
56 -3
57 -3
58 -5
59 -3
60 -5
61 -5
62 -6
63 -4
64 -2
65 -4
66 0;
param e := 
1 0
2 0
3 0
4 0
5 0
6 0
7 0
8 0
9 0
10 0
11 0
12 0
13 0
14 0
15 0
16 0
17 0
18 167
19 286
20 16
21 213
22 271
23 22
24 27
25 130
26 280
27 305
28 300
29 124
30 191
31 94
32 244
33 370
34 61
35 442
36 133
37 457
38 237
39 113
40 209
41 461
42 414
43 439
44 69
45 424
46 444
47 66
48 236
49 352
50 0
51 0
52 0
53 0
54 0
55 0
56 0
57 0
58 0
59 0
60 0
61 0
62 0
63 0
64 0
65 0
66 0;
param l := 
1 480
2 1440
3 1440
4 1440
5 1440
6 1440
7 1440
8 1440
9 1440
10 1440
11 1440
12 1440
13 1440
14 1440
15 1440
16 1440
17 1440
18 182
19 301
20 31
21 228
22 286
23 37
24 42
25 145
26 295
27 320
28 315
29 139
30 206
31 109
32 259
33 385
34 76
35 457
36 148
37 472
38 252
39 128
40 224
41 476
42 429
43 454
44 84
45 439
46 459
47 81
48 251
49 367
50 1440
51 1440
52 1440
53 1440
54 1440
55 1440
56 1440
57 1440
58 1440
59 1440
60 1440
61 1440
62 1440
63 1440
64 1440
65 1440
66 480;

