param n := 40;
param m := 4;
param L := 45;
param Q := 6;
param T := 600;
param t :
    1   2   3   4   5   6   7   8   9  10  11  12  13  14  15  16  17  18  19  20  21  22  23  24  25  26  27  28  29  30  31  32  33  34  35  36  37  38  39  40  41  42  43  44  45  46  47  48  49  50  51  52  53  54  55  56  57  58  59  60  61  62  63  64  65  66  67  68  69  70  71  72  73  74  75  76  77  78  79  80  81  82 :=
1 0.000 7.823 5.165 13.156 8.518 8.841 11.689 8.936 9.816 6.138 2.434 8.679 1.317 4.578 5.908 4.582 4.463 3.559 7.593 5.025 11.486 9.112 8.664 8.724 6.374 7.953 8.241 8.491 9.230 7.645 13.181 5.480 7.576 3.740 10.099 3.219 6.861 4.140 0.344 8.518 12.206 8.397 4.887 12.669 7.966 4.774 8.815 8.754 9.201 5.265 9.915 8.747 2.453 7.385 8.941 12.895 12.512 7.038 2.863 8.290 7.327 11.301 9.153 1.625 7.986 6.084 9.544 5.752 8.781 3.617 7.971 1.104 10.531 3.013 11.472 1.925 9.756 6.089 9.487 6.773 7.162 0.000 
2 7.823 0.000 11.370 20.264 13.733 16.160 8.520 11.104 15.062 9.694 5.897 16.412 6.625 5.784 13.342 8.638 8.269 9.975 13.780 7.263 10.044 16.371 7.125 16.105 13.961 4.740 11.259 15.528 12.559 15.400 11.910 9.860 11.396 11.353 12.386 8.758 14.256 7.189 7.897 8.387 11.895 8.873 11.655 10.405 8.513 8.484 0.993 14.505 1.525 12.090 11.629 10.131 7.648 15.208 1.178 8.026 6.349 12.647 5.139 10.755 11.984 9.398 11.724 8.342 10.701 9.059 1.844 8.005 5.985 11.210 15.787 7.771 18.281 5.861 6.747 9.201 10.354 12.686 14.782 14.582 5.567 7.823 
3 5.165 11.370 0.000 8.940 3.437 10.040 11.407 13.826 4.677 10.972 5.671 8.547 6.270 9.690 7.628 9.521 3.460 7.661 10.690 4.801 10.118 5.265 13.795 5.184 7.493 9.165 4.721 10.309 13.772 5.721 11.294 2.487 12.130 5.970 14.879 7.982 3.638 4.400 5.425 13.680 9.894 6.852 0.983 11.551 13.113 9.764 12.268 12.027 12.891 8.283 14.834 6.329 3.802 6.488 12.263 17.762 17.033 1.926 6.502 13.165 11.556 10.294 13.931 6.435 4.838 3.996 12.713 10.865 13.796 2.989 7.229 6.189 8.121 8.075 16.318 6.048 14.847 1.367 4.347 5.622 12.213 5.165 
4 13.156 20.264 8.940 0.000 7.829 11.515 19.355 19.969 7.121 17.348 14.429 9.024 14.459 17.600 11.276 16.334 12.321 13.844 14.523 13.612 17.442 4.051 21.506 4.510 10.521 17.929 11.514 12.532 19.151 6.547 17.926 10.968 17.791 11.392 20.637 14.814 6.318 13.321 13.276 20.944 16.327 14.686 8.616 18.871 20.245 16.646 21.182 15.682 21.775 13.025 20.957 13.617 12.620 7.815 21.190 26.026 25.632 8.142 15.241 19.342 16.780 17.878 19.791 13.744 11.999 12.329 21.650 17.978 21.845 9.569 7.975 13.859 4.975 16.136 24.614 12.962 21.550 7.592 7.167 7.670 20.211 13.156 
5 8.518 13.733 3.437 7.829 0.000 12.697 11.534 17.262 1.359 14.409 8.547 10.786 9.520 12.941 10.646 12.950 5.481 11.081 13.888 6.512 9.632 5.470 17.039 5.778 10.347 10.523 3.685 13.166 17.192 7.498 10.264 3.876 15.556 9.247 18.315 11.417 5.234 6.562 8.800 17.025 8.689 6.891 4.117 11.072 16.484 13.187 14.529 15.231 15.248 11.550 18.270 5.788 6.738 8.676 14.455 20.732 19.765 1.511 9.355 16.602 14.950 10.051 17.367 9.859 4.178 4.869 14.797 14.259 16.923 6.253 9.360 9.576 9.025 11.314 19.287 9.485 18.253 3.216 1.056 7.872 15.385 8.518 
6 8.841 16.160 10.040 11.515 12.697 0.000 20.269 10.069 13.377 8.326 11.271 2.491 9.727 10.929 2.933 8.276 12.146 6.231 3.756 13.228 19.609 8.714 13.488 8.093 2.642 16.765 14.746 1.177 8.657 5.623 21.049 12.167 7.817 5.125 10.266 7.520 7.588 12.387 8.626 12.289 19.773 16.303 9.064 20.944 11.528 8.568 17.135 4.513 17.311 4.145 10.887 16.138 10.624 4.213 17.334 18.522 19.157 11.467 11.656 9.592 6.617 19.592 9.634 7.861 14.800 13.472 17.987 9.792 14.430 7.267 3.725 8.497 6.607 10.326 17.360 7.073 12.036 9.557 13.116 4.892 13.014 8.841 
7 11.689 8.520 11.407 19.355 11.534 20.269 0.000 18.690 12.438 16.545 9.359 19.457 11.290 12.844 17.379 15.084 8.293 15.145 19.253 7.076 2.497 16.410 15.452 16.468 17.651 4.231 7.861 20.089 19.754 17.060 3.840 8.926 18.277 15.194 20.009 14.381 15.045 7.888 11.982 16.490 4.615 4.694 12.255 2.017 16.430 15.080 8.496 20.348 9.301 16.954 19.415 5.764 9.646 17.588 8.174 16.292 14.200 11.369 9.335 18.198 18.454 1.756 19.194 13.120 7.357 7.415 7.931 15.203 14.440 13.285 18.319 12.428 19.523 11.924 15.141 13.613 18.408 12.637 12.308 16.748 13.722 11.689 
8 8.936 11.104 13.826 19.969 17.262 10.069 18.690 0.000 18.480 2.854 10.190 11.938 8.361 5.850 8.835 4.356 13.255 6.343 6.319 13.442 19.317 16.155 4.829 15.583 9.663 14.460 17.131 8.926 1.890 13.439 21.180 14.410 2.279 8.680 1.319 5.847 14.051 12.649 8.611 3.225 20.513 16.700 13.262 20.201 2.738 4.168 11.774 5.948 11.451 6.984 1.018 17.354 11.267 12.297 12.106 9.374 10.816 15.752 9.802 0.662 3.459 18.913 0.710 7.434 16.828 14.860 12.741 3.536 6.198 11.280 12.374 7.832 15.742 7.010 8.595 7.789 2.043 14.399 18.152 12.309 5.673 8.936 
9 9.816 15.062 4.677 7.121 1.359 13.377 12.438 18.480 0.000 15.626 9.905 11.314 10.848 14.273 11.528 14.194 6.827 12.241 14.845 7.820 10.386 5.483 18.374 5.913 11.154 11.727 4.609 13.937 18.339 7.955 10.805 5.218 16.717 10.290 19.506 12.645 5.795 7.905 10.089 18.332 9.206 7.890 5.241 11.795 17.779 14.439 15.846 16.186 16.574 12.568 19.492 6.679 8.091 9.241 15.764 22.091 21.118 2.778 10.714 17.819 16.063 10.873 18.561 11.112 5.162 6.122 16.091 15.539 18.274 7.334 9.880 10.859 9.071 12.647 20.646 10.692 19.524 4.194 0.330 8.491 16.731 9.816 
10 6.138 9.694 10.972 17.348 14.409 8.326 16.545 2.854 15.626 0.000 7.618 9.809 5.699 3.940 6.501 1.583 10.530 3.554 4.854 10.827 16.934 13.457 5.185 12.903 7.344 12.358 14.370 7.299 3.242 10.876 18.758 11.617 1.749 5.969 3.962 2.997 11.304 10.000 5.805 3.981 17.988 14.152 10.411 17.917 3.218 1.489 10.517 5.116 10.387 4.613 3.866 14.712 8.522 9.842 10.812 10.215 11.061 12.898 7.350 2.193 2.355 16.592 3.015 4.598 14.093 12.147 11.480 1.768 6.244 8.449 10.021 5.037 13.351 4.626 9.111 4.935 4.202 11.554 15.298 9.747 5.045 6.138 
11 2.434 5.897 5.671 14.429 8.547 11.271 9.359 10.190 9.905 7.618 0.000 10.999 1.979 4.757 8.337 6.051 3.348 5.786 9.898 3.257 9.390 10.491 8.697 10.212 8.777 5.524 7.215 10.920 10.851 9.580 11.174 4.848 9.255 6.157 11.455 5.086 8.359 2.516 2.680 8.997 10.369 6.535 5.817 10.478 8.611 6.135 6.857 10.991 7.379 7.648 11.088 7.174 1.871 9.539 6.921 12.190 11.364 7.232 0.831 9.593 9.242 9.121 10.543 3.762 6.820 4.825 7.468 6.703 8.423 5.357 10.177 3.069 12.442 3.242 10.744 4.310 10.574 6.913 9.592 8.843 6.950 2.434 
12 8.679 16.412 8.547 9.024 10.786 2.491 19.457 11.938 11.314 9.809 10.999 0.000 9.793 11.707 3.388 9.387 11.174 6.985 5.827 12.389 18.518 6.350 14.797 5.744 2.588 16.299 13.246 3.539 10.727 3.372 19.810 10.888 9.659 5.067 12.313 8.280 5.557 11.619 8.550 13.774 18.437 15.199 7.569 19.910 13.013 9.704 17.404 6.817 17.697 5.222 12.833 14.845 9.971 2.116 17.560 19.779 20.135 9.703 11.535 11.395 8.501 18.592 11.590 8.125 13.384 12.307 18.183 11.031 15.575 6.172 1.434 8.648 4.141 10.787 18.525 7.236 13.806 7.806 11.078 2.959 14.049 8.679 
13 1.317 6.625 6.270 14.459 9.520 9.727 11.290 8.361 10.848 5.699 1.979 9.793 0.000 3.427 6.828 4.119 4.907 3.900 8.020 5.129 11.368 10.419 7.532 10.037 7.385 7.328 8.807 9.252 8.913 8.938 13.146 6.180 7.300 4.752 9.595 3.111 8.173 4.304 1.294 7.542 12.308 8.469 6.098 12.452 7.056 4.233 7.619 9.066 7.959 5.878 9.296 9.017 2.966 8.617 7.768 11.620 11.197 8.078 2.013 7.743 7.263 11.097 8.668 1.918 8.479 6.501 8.390 4.967 7.551 4.933 9.174 1.238 11.821 1.806 10.190 2.655 8.943 7.292 10.522 8.039 5.951 1.317 
14 4.578 5.784 9.690 17.600 12.941 10.929 12.844 5.850 14.273 3.940 4.757 11.707 3.427 0.000 8.370 2.889 8.079 4.756 8.125 7.955 13.505 13.550 4.106 13.109 9.124 8.616 11.969 10.132 6.991 11.650 15.383 9.491 5.675 6.809 7.168 3.445 11.283 7.268 4.386 4.240 14.802 11.045 9.465 14.356 3.883 2.708 6.648 8.752 6.614 6.786 6.622 11.845 6.288 11.023 6.925 8.448 8.451 11.504 4.178 5.356 6.201 13.079 6.353 3.907 11.576 9.582 7.598 2.376 4.245 8.041 11.440 3.743 14.459 1.627 7.067 4.772 5.878 10.666 13.947 10.621 2.612 4.578 
15 5.908 13.342 7.628 11.276 10.646 2.933 17.379 8.835 11.528 6.501 8.337 3.388 6.828 8.370 0.000 6.000 9.348 3.620 3.417 10.372 16.811 7.740 11.416 7.121 0.844 13.833 12.228 2.769 7.880 4.747 18.313 9.534 6.589 2.197 9.391 4.927 5.999 9.517 5.699 10.432 17.097 13.527 6.698 18.118 9.676 6.317 14.325 4.723 14.550 1.890 9.786 13.462 7.736 3.486 14.510 16.391 16.770 9.275 8.733 8.247 5.521 16.759 8.580 5.002 12.219 10.751 15.153 7.649 12.187 4.681 3.545 5.610 6.909 7.572 15.137 4.175 10.601 7.430 11.234 3.658 10.668 5.908 
16 4.582 8.638 9.521 16.334 12.950 8.276 15.084 4.356 14.194 1.583 6.051 9.387 4.119 2.889 6.000 0.000 8.950 2.541 5.252 9.248 15.396 12.365 5.431 11.841 6.820 10.930 12.800 7.387 4.800 9.985 17.209 10.060 3.219 4.979 5.525 1.579 10.154 8.418 4.255 4.621 16.417 12.580 9.018 16.406 3.911 0.323 9.524 5.870 9.503 4.215 5.344 13.130 6.945 9.095 9.793 10.392 10.882 11.443 5.819 3.708 3.438 15.072 4.583 3.093 12.516 10.566 10.466 1.684 6.202 7.146 9.378 3.479 12.616 3.174 9.151 3.561 5.382 10.186 13.864 8.876 4.739 4.582 
17 4.463 8.269 3.460 12.321 5.481 12.146 8.293 13.255 6.827 10.530 3.348 11.174 4.907 8.079 9.348 8.950 0.000 7.936 11.763 1.348 7.467 8.726 12.045 8.630 9.505 5.707 3.908 12.114 13.677 8.836 8.986 1.611 12.027 7.246 14.469 7.676 6.984 1.082 4.806 12.313 7.862 4.181 4.124 8.801 11.892 9.100 9.096 13.010 9.791 9.317 14.200 4.311 2.016 9.297 9.046 15.358 14.296 4.395 4.071 12.628 11.783 7.456 13.532 6.087 3.573 1.623 9.438 9.870 11.734 5.005 10.026 5.526 11.448 6.510 13.919 6.199 13.822 4.823 6.536 8.461 10.290 4.463 
18 3.559 9.975 7.661 13.844 11.081 6.231 15.145 6.343 12.241 3.554 5.786 6.985 3.900 4.756 3.620 2.541 7.936 0.000 4.121 8.582 15.040 9.917 7.947 9.373 4.396 11.228 11.538 5.553 6.111 7.450 16.739 8.717 4.477 2.456 7.281 1.311 7.751 7.696 3.231 7.153 15.749 11.951 7.000 16.205 6.430 2.864 10.938 5.214 11.086 2.115 7.360 12.246 5.967 6.559 11.153 12.850 13.153 9.575 5.912 5.685 3.938 14.838 6.345 2.025 11.354 9.537 11.814 4.225 8.619 4.956 6.867 2.717 10.078 4.116 11.563 1.748 7.733 8.100 11.916 6.337 7.070 3.559 
19 7.593 13.780 10.690 14.523 13.888 3.756 19.253 6.319 14.845 4.854 9.898 5.827 8.020 8.125 3.417 5.252 11.763 4.121 0.000 12.559 19.056 11.130 10.025 10.507 4.047 15.348 15.073 2.608 4.927 8.077 20.702 12.278 4.088 4.734 6.529 5.104 9.411 11.670 7.285 8.708 19.625 15.888 9.826 20.260 7.959 5.483 14.702 1.343 14.730 2.464 7.131 16.045 9.890 6.721 14.951 15.039 15.902 12.460 10.030 5.862 2.885 18.891 5.878 6.139 14.979 13.305 15.623 6.506 11.093 7.704 6.573 6.834 9.875 7.990 13.963 5.676 8.305 10.686 14.543 7.031 9.820 7.593 
20 5.025 7.263 4.801 13.612 6.512 13.228 7.076 13.442 7.820 10.827 3.257 12.389 5.129 7.955 10.372 9.248 1.348 8.582 12.559 0.000 6.503 10.065 11.740 9.977 10.597 4.364 4.207 13.117 14.040 10.154 8.158 2.701 12.418 8.215 14.700 8.130 8.331 0.889 5.359 12.181 7.206 3.377 5.470 7.759 11.833 9.355 8.027 13.758 8.765 10.154 14.345 3.916 2.679 10.562 7.945 14.683 13.451 5.582 3.782 12.840 12.298 6.394 13.782 6.622 3.727 1.838 8.288 9.961 11.280 6.222 11.284 5.988 12.790 6.492 13.261 6.898 13.811 6.159 7.551 9.738 9.937 5.025 
21 11.486 10.044 10.118 17.442 9.632 19.609 2.497 19.317 10.386 16.934 9.390 18.518 11.368 13.505 16.811 15.396 7.467 15.040 19.056 6.503 0.000 14.803 16.586 14.938 16.967 5.337 5.971 19.572 20.176 15.839 1.905 7.662 18.615 14.685 20.622 14.467 13.693 7.389 11.810 17.446 2.147 3.321 11.047 1.455 17.282 15.445 10.222 20.240 11.062 16.656 20.125 3.915 9.181 16.538 9.936 18.028 16.091 9.718 9.585 18.771 18.631 0.775 19.754 13.043 5.562 6.211 9.816 15.782 15.719 12.405 17.279 12.379 18.102 12.345 16.787 13.385 19.291 11.217 10.295 15.676 14.789 11.486 
22 9.112 16.371 5.265 4.051 5.470 8.714 16.410 16.155 5.483 13.457 10.491 6.350 10.419 13.550 7.740 12.365 8.726 9.917 11.130 10.065 14.803 0.000 17.474 0.630 7.090 14.429 8.876 9.535 15.491 3.122 15.637 7.587 14.043 7.491 16.914 10.824 2.267 9.644 9.227 16.955 14.090 11.731 4.747 16.258 16.269 12.672 17.310 12.388 17.867 9.332 17.159 10.888 8.733 4.549 17.341 21.975 21.606 5.086 11.288 15.514 13.107 15.113 16.033 9.704 9.243 9.064 17.833 13.988 17.795 5.518 4.992 9.809 3.592 12.086 20.564 8.938 17.649 3.907 5.338 4.100 16.162 9.112 
23 8.664 7.125 13.795 21.506 17.039 13.488 15.452 4.829 18.374 5.185 8.697 14.797 7.532 4.106 11.416 5.431 12.045 7.947 10.025 11.740 16.586 17.474 0.000 16.997 12.243 11.329 15.879 12.481 6.666 15.321 18.492 13.520 6.239 10.326 5.889 6.779 15.215 11.150 8.449 1.606 18.144 14.556 13.547 17.206 2.189 5.109 7.566 10.125 7.066 9.585 4.973 15.517 10.349 14.503 7.920 5.034 6.051 15.608 8.004 4.799 7.310 16.046 5.538 7.774 15.445 13.469 8.486 3.766 1.395 12.017 14.806 7.754 18.017 5.728 3.954 8.546 3.420 14.751 18.049 14.234 1.826 8.664 
24 8.724 16.105 5.184 4.510 5.778 8.093 16.468 15.583 5.913 12.903 10.212 5.744 10.037 13.109 7.121 11.841 8.630 9.373 10.507 9.977 14.938 0.630 16.997 0.000 6.464 14.335 9.058 8.907 14.893 2.494 15.839 7.583 13.457 6.934 16.325 10.311 1.870 9.507 8.821 16.443 14.309 11.811 4.565 16.392 15.750 12.151 17.055 11.761 17.591 8.732 16.584 11.028 8.496 3.920 17.098 21.547 21.234 5.237 10.995 14.945 12.509 15.219 15.450 9.239 9.393 9.079 17.605 13.476 17.351 5.110 4.374 9.375 3.251 11.672 20.144 8.452 17.100 3.859 5.743 3.475 15.718 8.724 
25 6.374 13.961 7.493 10.521 10.347 2.642 17.651 9.663 11.154 7.344 8.777 2.588 7.385 9.124 0.844 6.820 9.505 4.396 4.047 10.597 16.967 7.090 12.243 6.464 0.000 14.223 12.168 2.830 8.663 4.031 18.413 9.547 7.409 2.642 10.192 5.693 5.493 9.764 6.198 11.273 17.148 13.661 6.532 18.304 10.517 7.139 14.949 5.299 15.204 2.733 10.607 13.512 8.014 2.707 15.121 17.208 17.547 9.033 9.230 9.080 6.321 16.953 9.394 5.625 12.200 10.835 15.757 8.477 12.995 4.646 2.711 6.194 6.080 8.251 15.944 4.760 11.441 7.147 10.871 2.990 11.462 6.374 
26 7.953 4.740 9.165 17.929 10.523 16.765 4.231 14.460 11.727 12.358 5.524 16.299 7.328 8.616 13.833 10.930 5.707 11.228 15.348 4.364 5.337 14.429 11.329 14.335 14.223 0.000 7.357 16.443 15.548 14.374 7.227 6.961 14.098 11.640 15.779 10.348 12.659 4.877 8.204 12.298 7.155 4.426 9.803 5.878 12.213 10.907 5.049 16.371 5.897 13.159 15.185 5.786 6.342 14.629 4.810 12.762 10.960 9.818 5.319 13.971 14.336 4.738 14.968 9.225 6.766 5.671 4.859 10.979 10.405 10.263 15.323 8.530 17.086 7.757 11.485 9.831 14.199 10.523 11.501 13.846 9.562 7.953 
27 8.241 11.259 4.721 11.514 3.685 14.746 7.861 17.131 4.609 14.370 7.215 13.246 8.807 11.969 12.228 12.800 3.908 11.538 15.073 4.207 5.971 8.876 15.879 9.058 12.168 7.357 0.000 14.959 17.463 10.252 6.786 2.823 15.804 10.361 18.325 11.451 8.003 4.729 8.579 16.208 5.284 3.284 5.704 7.421 15.798 12.966 11.916 16.379 12.708 12.613 18.086 2.104 5.865 11.162 11.775 18.874 17.554 3.825 7.875 16.497 15.460 6.368 17.382 9.836 0.591 2.411 12.003 13.773 15.474 7.550 11.898 9.335 12.276 10.414 17.457 9.794 17.730 5.531 4.457 10.299 14.094 8.241 
28 8.491 15.528 10.309 12.532 13.166 1.177 20.089 8.926 13.937 7.299 10.920 3.539 9.252 10.132 2.769 7.387 12.114 5.553 2.608 13.117 19.572 9.535 12.481 8.907 2.830 16.443 14.959 0.000 7.486 6.414 21.082 12.290 6.690 4.904 9.096 6.794 8.200 12.253 8.243 11.235 19.864 16.293 9.354 20.871 10.477 7.664 16.489 3.342 16.618 3.439 9.729 16.228 10.463 4.987 16.706 17.514 18.236 11.862 11.231 8.465 5.487 19.509 8.476 7.346 14.967 13.520 17.367 8.835 13.472 7.411 4.613 8.014 7.679 9.668 16.384 6.632 10.909 9.973 13.661 5.551 12.101 8.491 
29 9.230 12.559 13.772 19.151 17.192 8.657 19.754 1.890 18.339 3.242 10.851 10.727 8.913 6.991 7.880 4.800 13.677 6.111 4.927 14.040 20.176 15.491 6.666 14.893 8.663 15.548 17.463 7.486 0.000 12.609 22.000 14.672 1.661 8.180 1.610 6.013 13.505 13.200 8.889 5.075 21.217 17.379 13.101 21.152 4.512 4.732 13.296 4.297 13.042 6.161 2.351 17.904 11.661 11.362 13.615 11.262 12.686 15.686 10.592 1.897 2.385 19.831 1.207 7.627 17.216 15.299 14.267 4.622 8.010 11.018 11.338 8.151 14.695 7.855 10.478 7.768 3.868 14.174 18.016 11.496 7.320 9.230 
30 7.645 15.400 5.721 6.547 7.498 5.623 17.060 13.439 7.955 10.876 9.580 3.372 8.938 11.650 4.747 9.985 8.836 7.450 8.077 10.154 15.839 3.122 15.321 2.494 4.031 14.374 10.252 6.414 12.609 0.000 16.971 8.194 11.247 5.008 14.091 8.544 2.287 9.509 7.650 14.603 15.523 12.566 4.814 17.271 13.879 10.305 16.382 9.305 16.820 6.479 14.420 12.022 8.126 1.427 16.475 20.073 20.011 6.541 10.277 12.820 10.235 16.007 13.247 7.751 10.469 9.689 17.040 11.661 15.831 4.228 1.947 8.046 2.887 10.372 18.713 6.879 15.072 4.721 7.727 1.131 14.213 7.645 
31 13.181 11.910 11.294 17.926 10.264 21.049 3.840 21.180 10.805 18.758 11.174 19.810 13.146 15.383 18.313 17.209 8.986 16.739 20.702 8.158 1.905 15.637 18.492 15.839 18.413 7.227 6.786 21.082 22.000 16.971 0.000 8.929 20.423 16.231 22.481 16.227 14.755 9.046 13.512 19.346 1.601 4.816 12.257 1.893 19.175 17.269 12.047 21.914 12.881 18.276 21.998 4.967 10.813 17.778 11.750 19.866 17.879 10.610 11.415 20.626 20.399 2.514 21.605 14.764 6.507 7.578 11.591 17.644 17.620 13.793 18.520 14.113 19.062 14.191 18.643 15.054 21.184 12.270 10.772 16.911 16.694 13.181 
32 5.480 9.860 2.487 10.968 3.876 12.167 8.926 14.410 5.218 11.617 4.848 10.888 6.180 9.491 9.534 10.060 1.611 8.717 12.278 2.701 7.662 7.587 13.520 7.583 9.547 6.961 2.823 12.290 14.672 8.194 8.929 0.000 13.012 7.589 15.579 8.669 6.121 2.688 5.812 13.697 7.608 4.373 3.386 9.084 13.234 10.243 10.669 13.576 11.378 9.815 15.381 3.978 3.219 8.881 10.605 16.951 15.907 2.884 5.615 13.767 12.643 7.814 14.632 7.050 2.705 1.511 10.972 11.128 13.270 4.902 9.623 6.583 10.597 7.886 15.509 6.975 15.119 3.727 4.929 8.018 11.793 5.480 
33 7.576 11.396 12.130 17.791 15.556 7.817 18.277 2.279 16.717 1.749 9.255 9.659 7.300 5.675 6.589 3.219 12.027 4.477 4.088 12.418 18.615 14.043 6.239 13.457 7.409 14.098 15.804 6.690 1.661 11.247 20.423 13.012 0.000 6.638 2.873 4.357 11.999 11.571 7.234 4.775 19.609 15.769 11.477 19.623 4.068 3.197 12.195 3.918 12.024 4.769 3.198 16.268 10.012 10.066 12.498 11.143 12.272 14.048 9.038 1.775 1.203 18.290 2.000 5.969 15.562 13.650 13.162 3.397 7.466 9.412 10.117 6.501 13.487 6.353 10.183 6.113 4.220 12.565 16.392 10.121 6.486 7.576 
34 3.740 11.353 5.970 11.392 9.247 5.125 15.194 8.680 10.290 5.969 6.157 5.067 4.752 6.809 2.197 4.979 7.246 2.456 4.734 8.215 14.685 7.491 10.326 6.934 2.642 11.640 10.361 4.904 8.180 5.008 16.231 7.589 6.638 0.000 9.507 3.549 5.374 7.349 3.556 9.599 15.064 11.425 5.141 15.972 8.882 5.298 12.344 6.063 12.630 2.313 9.690 11.444 5.560 4.222 12.507 15.143 15.256 7.784 6.590 8.033 5.832 14.608 8.599 3.067 10.294 8.710 13.137 6.653 10.896 3.002 4.636 3.584 7.705 5.748 13.813 2.171 10.167 6.097 9.976 3.909 9.299 3.740 
35 10.099 12.386 14.879 20.637 18.315 10.266 20.009 1.319 19.506 3.962 11.455 12.313 9.595 7.168 9.391 5.525 14.469 7.281 6.529 14.700 20.622 16.914 5.889 16.325 10.192 15.779 18.325 9.096 1.610 14.091 22.481 15.579 2.873 9.507 0.000 6.943 14.872 13.895 9.768 4.296 21.797 17.977 14.269 21.515 3.930 5.370 13.035 5.893 12.685 7.614 0.970 18.606 12.469 12.878 13.371 10.108 11.741 16.804 11.090 1.862 3.871 20.225 0.951 8.555 18.038 16.081 13.999 4.841 7.282 12.236 12.884 8.998 16.248 8.299 9.469 8.831 2.657 15.380 19.179 12.969 6.906 10.099 
36 3.219 8.758 7.982 14.814 11.417 7.520 14.381 5.847 12.645 2.997 5.086 8.280 3.111 3.445 4.927 1.579 7.676 1.311 5.104 8.130 14.467 10.824 6.779 10.311 5.693 10.348 11.451 6.794 6.013 8.544 16.227 8.669 4.357 3.549 6.943 0.000 8.599 7.266 2.877 6.132 15.336 11.503 7.451 15.562 5.448 1.866 9.708 6.033 9.824 3.381 6.853 11.938 5.661 7.750 9.936 11.613 11.855 9.907 5.052 5.188 4.172 14.206 5.993 1.620 11.205 9.298 10.602 3.165 7.370 5.567 8.103 2.156 11.250 2.908 10.304 1.983 6.961 8.613 12.316 7.455 5.797 3.219 
37 6.861 14.256 3.638 6.318 5.234 7.588 15.045 14.051 5.795 11.304 8.359 5.557 8.173 11.283 5.999 10.154 6.984 7.751 9.411 8.331 13.693 2.267 15.215 1.870 5.493 12.659 8.003 8.200 13.505 2.287 14.755 6.121 11.999 5.374 14.872 8.599 0.000 7.794 6.967 14.723 13.284 10.464 2.861 15.136 14.047 10.456 15.211 10.722 15.735 7.389 15.062 9.832 6.676 3.457 15.261 19.709 19.368 4.258 9.135 13.401 11.129 13.904 13.971 7.442 8.248 7.631 15.778 11.759 15.528 3.255 4.128 7.542 4.485 9.824 18.301 6.690 15.477 2.486 5.543 2.697 13.895 6.861 
38 4.140 7.189 4.400 13.321 6.562 12.387 7.888 12.649 7.905 10.000 2.516 11.619 4.304 7.268 9.517 8.418 1.082 7.696 11.670 0.889 7.389 9.644 11.150 9.507 9.764 4.877 4.729 12.253 13.200 9.509 9.046 2.688 11.571 7.349 13.895 7.266 7.794 0.000 4.475 11.507 8.076 4.257 4.949 8.634 11.127 8.536 8.022 12.869 8.711 9.268 13.567 4.713 1.798 9.840 7.978 14.325 13.226 5.466 3.146 12.039 11.428 7.267 12.971 5.743 4.311 2.322 8.382 9.194 10.773 5.475 10.551 5.117 12.209 5.754 12.890 6.009 13.088 5.766 7.616 9.031 9.369 4.140 
39 0.344 7.897 5.425 13.276 8.800 8.626 11.982 8.611 10.089 5.805 2.680 8.550 1.294 4.386 5.699 4.255 4.806 3.231 7.285 5.359 11.810 9.227 8.449 8.821 6.198 8.204 8.579 8.243 8.889 7.650 13.512 5.812 7.234 3.556 9.768 2.877 6.967 4.475 0.000 8.256 12.545 8.733 5.102 12.985 7.690 4.454 8.890 8.434 9.248 4.980 9.593 9.090 2.796 7.326 9.029 12.755 12.435 7.313 3.037 7.963 6.984 11.617 8.820 1.282 8.328 6.427 9.642 5.460 8.612 3.712 7.891 0.784 10.531 2.861 11.339 1.635 9.460 6.305 9.759 6.745 6.986 0.344 
40 8.518 8.387 13.680 20.944 17.025 12.289 16.490 3.225 18.332 3.981 8.997 13.774 7.542 4.240 10.432 4.621 12.313 7.153 8.708 12.181 17.446 16.955 1.606 16.443 11.273 12.298 16.208 11.235 5.075 14.603 19.346 13.697 4.775 9.599 4.296 6.132 14.723 11.507 8.256 0.000 18.884 15.190 13.323 18.164 0.763 4.304 8.928 8.691 8.498 8.557 3.400 16.049 10.480 13.675 9.275 6.370 7.615 15.554 8.399 3.230 5.904 16.953 3.934 7.380 15.816 13.822 9.873 2.967 2.989 11.617 13.912 7.503 17.199 5.813 5.441 8.045 1.967 14.520 18.003 13.490 2.823 8.518 
41 12.206 11.895 9.894 16.327 8.689 19.773 4.615 20.513 9.206 17.988 10.369 18.437 12.308 14.802 17.097 16.417 7.862 15.749 19.625 7.206 2.147 14.090 18.144 14.309 17.148 7.155 5.284 19.864 21.217 15.523 1.601 7.608 19.609 15.064 21.797 15.336 13.284 8.076 12.545 18.884 0.000 3.839 10.869 3.030 18.653 16.504 12.161 20.869 13.008 17.178 21.371 3.637 9.783 16.380 11.893 19.917 18.064 9.096 10.711 19.935 19.503 2.922 20.898 13.818 5.063 6.354 11.824 16.987 17.372 12.507 17.121 13.192 17.543 13.503 18.635 14.031 20.663 10.806 9.176 15.514 16.325 12.206 
42 8.397 8.873 6.852 14.686 6.891 16.303 4.694 16.700 7.890 14.152 6.535 15.199 8.469 11.045 13.527 12.580 4.181 11.951 15.888 3.377 3.321 11.731 14.556 11.811 13.661 4.426 3.284 16.293 17.379 12.566 4.816 4.373 15.769 11.425 17.977 11.503 10.464 4.257 8.733 15.190 3.839 0.000 7.758 4.718 14.918 12.669 9.359 17.107 10.195 13.460 17.573 1.380 6.004 13.229 9.158 16.820 15.214 6.677 6.909 16.115 15.672 3.443 17.073 9.998 2.731 2.897 9.267 13.183 13.897 9.086 13.969 9.364 14.915 9.696 15.464 10.251 16.922 8.013 7.727 12.370 12.731 8.397 
43 4.887 11.655 0.983 8.616 4.117 9.064 12.255 13.262 5.241 10.411 5.817 7.569 6.098 9.465 6.698 9.018 4.124 7.000 9.826 5.470 11.047 4.747 13.547 4.565 6.532 9.803 5.704 9.354 13.101 4.814 12.257 3.386 11.477 5.141 14.269 7.451 2.861 4.949 5.102 13.323 10.869 7.758 0.000 12.470 12.722 9.278 12.583 11.167 13.162 7.451 14.276 7.290 4.007 5.521 12.605 17.700 17.107 2.643 6.634 12.599 10.839 11.197 13.326 5.975 5.817 4.875 13.090 10.445 13.647 2.140 6.263 5.827 7.330 7.881 16.263 5.478 14.386 1.203 4.916 4.654 12.038 4.887 
44 12.669 10.405 11.551 18.871 11.072 20.944 2.017 20.201 11.795 17.917 10.478 19.910 12.452 14.356 18.118 16.406 8.801 16.205 20.260 7.759 1.455 16.258 17.206 16.392 18.304 5.878 7.421 20.871 21.152 17.271 1.893 9.084 19.623 15.972 21.515 15.562 15.136 8.634 12.985 18.164 3.030 4.718 12.470 0.000 18.053 16.434 10.446 21.417 11.263 17.887 20.971 5.370 10.432 17.947 10.133 18.260 16.198 11.173 10.590 19.678 19.703 1.370 20.669 14.191 7.017 7.615 9.918 16.679 16.252 13.775 18.687 13.514 19.553 13.297 17.083 14.585 20.050 12.664 11.715 17.088 15.440 12.669 
45 7.966 8.513 13.113 20.245 16.484 11.528 16.430 2.738 17.779 3.218 8.611 13.013 7.056 3.883 9.676 3.911 11.892 6.430 7.959 11.833 17.282 16.269 2.189 15.750 10.517 12.213 15.798 10.477 4.512 13.879 19.175 13.234 4.068 8.882 3.930 5.448 14.047 11.127 7.690 0.763 18.653 14.918 12.722 18.053 0.000 3.599 9.123 7.975 8.756 7.799 3.120 15.727 10.015 12.935 9.463 7.096 8.240 15.002 8.060 2.625 5.174 16.815 3.432 6.756 15.424 13.429 10.083 2.295 3.501 10.971 13.163 6.925 16.457 5.384 6.116 7.387 2.011 13.914 17.449 12.762 2.981 7.966 
46 4.774 8.484 9.764 16.646 13.187 8.568 15.080 4.168 14.439 1.489 6.135 9.704 4.233 2.708 6.317 0.323 9.100 2.864 5.483 9.355 15.445 12.672 5.109 12.151 7.139 10.907 12.966 7.664 4.732 10.305 17.269 10.243 3.197 5.298 5.370 1.866 10.456 8.536 4.454 4.304 16.504 12.669 9.278 16.434 3.599 0.000 9.356 6.048 9.310 4.523 5.141 13.249 7.103 9.418 9.631 10.075 10.589 11.683 5.861 3.531 3.529 15.106 4.437 3.328 12.670 10.711 10.304 1.361 5.893 7.429 9.701 3.672 12.940 3.156 8.841 3.840 5.110 10.452 14.109 9.197 4.446 4.774 
47 8.815 0.993 12.268 21.182 14.529 17.135 8.496 11.774 15.846 10.517 6.857 17.404 7.619 6.648 14.325 9.524 9.096 10.938 14.702 8.027 10.222 17.310 7.566 17.055 14.949 5.049 11.916 16.489 13.296 16.382 12.047 10.669 12.195 12.344 13.035 9.708 15.211 8.022 8.890 8.928 12.161 9.359 12.583 10.446 9.123 9.356 0.000 15.394 0.849 13.053 12.241 10.662 8.579 16.200 0.356 7.821 5.912 13.488 6.113 11.461 12.830 9.536 12.413 9.328 11.345 9.787 0.971 8.798 6.328 12.186 16.780 8.762 19.261 6.822 6.644 10.190 10.890 13.595 15.573 15.571 6.145 8.815 
48 8.754 14.505 12.027 15.682 15.231 4.513 20.348 5.948 16.186 5.116 10.991 6.817 9.066 8.752 4.723 5.870 13.010 5.214 1.343 13.758 20.240 12.388 10.125 11.761 5.299 16.371 16.379 3.342 4.297 9.305 21.914 13.576 3.918 6.063 5.893 6.033 10.722 12.869 8.434 8.691 20.869 17.107 11.167 21.417 7.975 6.048 15.394 0.000 15.357 3.769 6.625 17.306 11.104 7.921 15.662 15.060 16.121 13.802 11.057 5.608 2.820 20.050 5.398 7.236 16.273 14.569 16.335 6.868 11.298 9.042 7.707 7.924 10.935 8.834 14.078 6.860 7.988 12.029 15.884 8.289 10.161 8.754 
49 9.201 1.525 12.891 21.775 15.248 17.311 9.301 11.451 16.574 10.387 7.379 17.697 7.959 6.614 14.550 9.503 9.791 11.086 14.730 8.765 11.062 17.867 7.066 17.591 15.204 5.897 12.708 16.618 13.042 16.820 12.881 11.378 12.024 12.630 12.685 9.824 15.735 8.711 9.248 8.498 13.008 10.195 13.162 11.263 8.756 9.310 0.849 15.357 0.000 13.196 11.858 11.490 9.156 16.574 1.131 6.997 5.063 14.171 6.602 11.180 12.727 10.372 12.109 9.581 12.142 10.547 1.482 8.639 5.770 12.654 17.132 9.052 19.705 6.989 5.853 10.462 10.444 14.202 16.296 15.974 5.780 9.201 
50 5.265 12.090 8.283 13.025 11.550 4.145 16.954 6.984 12.568 4.613 7.648 5.222 5.878 6.786 1.890 4.215 9.317 2.115 2.464 10.154 16.656 9.332 9.585 8.732 2.733 13.159 12.613 3.439 6.161 6.479 18.276 9.815 4.769 2.313 7.614 3.381 7.389 9.268 4.980 8.557 17.178 13.460 7.451 17.887 7.799 4.523 13.053 3.769 13.196 0.000 7.952 13.589 7.476 5.313 13.268 14.588 15.076 10.094 7.881 6.382 3.776 16.518 6.769 3.960 12.516 10.848 13.928 5.824 10.416 5.313 5.427 4.646 8.782 6.232 13.364 3.345 8.717 8.379 12.257 5.355 8.941 5.265 
51 9.915 11.629 14.834 20.957 18.270 10.887 19.415 1.018 19.492 3.866 11.088 12.833 9.296 6.622 9.786 5.344 14.200 7.360 7.131 14.345 20.125 17.159 4.973 16.584 10.607 15.185 18.086 9.729 2.351 14.420 21.998 15.381 3.198 9.690 0.970 6.853 15.062 13.567 9.593 3.400 21.371 17.573 14.276 20.971 3.120 5.141 12.241 6.625 11.858 7.952 0.000 18.261 12.221 13.259 12.582 9.140 10.779 16.760 10.665 1.679 4.332 19.700 1.253 8.431 17.773 15.797 13.199 4.391 6.368 12.298 13.316 8.812 16.685 7.877 8.503 8.802 1.687 15.415 19.163 13.291 6.097 9.915 
52 8.747 10.131 6.329 13.617 5.788 16.138 5.764 17.354 6.679 14.712 7.174 14.845 9.017 11.845 13.462 13.130 4.311 12.246 16.045 3.916 3.915 10.888 15.517 11.028 13.512 5.786 2.104 16.228 17.904 12.022 4.967 3.978 16.268 11.444 18.606 11.938 9.832 4.713 9.090 16.049 3.637 1.380 7.290 5.370 15.727 13.249 10.662 17.306 11.490 13.589 18.261 0.000 6.296 12.810 10.474 18.013 16.480 5.803 7.667 16.748 16.074 4.270 17.683 10.372 1.649 2.741 10.608 13.877 14.938 8.871 13.552 9.782 14.207 10.406 16.637 10.509 17.714 7.347 6.544 11.944 13.696 8.747 
53 2.453 7.648 3.802 12.620 6.738 10.624 9.646 11.267 8.091 8.522 1.871 9.971 2.966 6.288 7.736 6.945 2.016 5.967 9.890 2.679 9.181 8.733 10.349 8.496 8.014 6.342 5.865 10.463 11.661 8.126 10.813 3.219 10.012 5.560 12.469 5.661 6.676 1.798 2.796 10.480 9.783 6.004 4.007 10.432 10.015 7.103 8.579 11.104 9.156 7.476 12.221 6.296 0.000 8.293 8.608 14.034 13.235 5.383 2.702 10.634 9.779 9.064 11.529 4.078 5.571 3.638 9.110 7.927 10.186 3.940 8.981 3.511 10.928 4.674 12.588 4.250 11.908 5.064 7.773 7.523 8.660 2.453 
54 7.385 15.208 6.488 7.815 8.676 4.213 17.588 12.297 9.241 9.842 9.539 2.116 8.617 11.023 3.486 9.095 9.297 6.559 6.721 10.562 16.538 4.549 14.503 3.920 2.707 14.629 11.162 4.987 11.362 1.427 17.778 8.881 10.066 4.222 12.878 7.750 3.457 9.840 7.326 13.675 16.380 13.229 5.521 17.947 12.935 9.418 16.200 7.921 16.574 5.313 13.259 12.810 8.293 0.000 16.322 19.360 19.459 7.588 10.164 11.695 9.008 16.647 12.061 7.194 11.320 10.332 16.916 10.779 15.114 4.370 0.742 7.595 3.524 9.876 18.035 6.293 14.008 5.695 8.996 0.866 13.521 7.385 
55 8.941 1.178 12.263 21.190 14.455 17.334 8.174 12.106 15.764 10.812 6.921 17.560 7.768 6.925 14.510 9.793 9.046 11.153 14.951 7.945 9.936 17.341 7.920 17.098 15.121 4.810 11.775 16.706 13.615 16.475 11.750 10.605 12.498 12.507 13.371 9.936 15.261 7.978 9.029 9.275 11.893 9.158 12.605 10.133 9.463 9.631 0.356 15.662 1.131 13.268 12.582 10.474 8.608 16.322 0.000 8.128 6.171 13.441 6.199 11.787 13.117 9.242 12.742 9.508 11.201 9.683 0.673 9.101 6.684 12.267 16.911 8.928 19.349 7.039 6.970 10.361 11.238 13.599 15.495 15.681 6.487 8.941 
56 12.895 8.026 17.762 26.026 20.732 18.522 16.292 9.374 22.091 10.215 12.190 19.779 11.620 8.448 16.391 10.392 15.358 12.850 15.039 14.683 18.028 21.975 5.034 21.547 17.208 12.762 18.874 17.514 11.262 20.073 19.866 16.951 11.143 15.143 10.108 11.613 19.709 14.325 12.755 6.370 19.917 16.820 17.700 18.260 7.096 10.075 7.821 15.060 6.997 14.588 9.140 18.013 14.034 19.360 8.128 0.000 2.485 19.416 11.377 9.533 12.269 17.353 10.061 12.351 18.357 16.518 8.376 8.765 4.247 16.457 19.711 12.172 22.844 9.893 1.446 13.200 7.462 18.881 21.780 19.020 5.861 12.895 
57 12.512 6.349 17.033 25.632 19.765 19.157 14.200 10.816 21.118 11.061 11.364 20.135 11.197 8.451 16.770 10.882 14.296 13.153 15.902 13.451 16.091 21.606 6.051 21.234 17.547 10.960 17.554 18.236 12.686 20.011 17.879 15.907 12.272 15.256 11.741 11.855 19.368 13.226 12.435 7.615 18.064 15.214 17.107 16.198 8.240 10.589 5.912 16.121 5.063 15.076 10.779 16.480 13.235 19.459 6.171 2.485 0.000 18.546 10.533 10.841 13.302 15.384 11.524 12.280 17.008 15.281 6.288 9.411 4.824 16.129 19.890 11.969 22.857 9.640 2.309 13.174 9.101 18.247 20.821 19.019 6.143 12.512 
58 7.038 12.647 1.926 8.142 1.511 11.467 11.369 15.752 2.778 12.898 7.232 9.703 8.078 11.504 9.275 11.443 4.395 9.575 12.460 5.582 9.718 5.086 15.608 5.237 9.033 9.818 3.825 11.862 15.686 6.541 10.610 2.884 14.048 7.784 16.804 9.907 4.258 5.466 7.313 15.554 9.096 6.677 2.643 11.173 15.002 11.683 13.488 13.802 14.171 10.094 16.760 5.803 5.383 7.588 13.441 19.416 18.546 0.000 8.054 15.091 13.453 10.032 15.856 8.354 4.160 4.188 13.829 12.767 15.540 4.783 8.303 8.085 8.452 9.880 17.970 7.974 16.757 1.913 2.450 6.748 13.982 7.038 
59 2.863 5.139 6.502 15.241 9.355 11.656 9.335 9.802 10.714 7.350 0.831 11.535 2.013 4.178 8.733 5.819 4.071 5.912 10.030 3.782 9.585 11.288 8.004 10.995 9.230 5.319 7.875 11.231 10.592 10.277 11.415 5.615 9.038 6.590 11.090 5.052 9.135 3.146 3.037 8.399 10.711 6.909 6.634 10.590 8.060 5.861 6.113 11.057 6.602 7.881 10.665 7.667 2.702 10.164 6.199 11.377 10.533 8.054 0.000 9.229 9.131 9.253 10.200 3.925 7.449 5.467 6.769 6.277 7.663 6.073 10.779 3.235 13.151 2.792 9.932 4.601 10.049 7.739 10.403 9.497 6.228 2.863 
60 8.290 10.755 13.165 19.342 16.602 9.592 18.198 0.662 17.819 2.193 9.593 11.395 7.743 5.356 8.247 3.708 12.628 5.685 5.862 12.840 18.771 15.514 4.799 14.945 9.080 13.971 16.497 8.465 1.897 12.820 20.626 13.767 1.775 8.033 1.862 5.188 13.401 12.039 7.963 3.230 19.935 16.115 12.599 19.678 2.625 3.531 11.461 5.608 11.180 6.382 1.679 16.748 10.634 11.695 11.787 9.533 10.841 15.091 9.229 0.000 2.978 18.381 0.997 6.779 16.200 14.236 12.432 3.000 6.125 10.619 11.790 7.187 15.156 6.440 8.668 7.127 2.444 13.737 17.490 11.689 5.434 8.290 
61 7.327 11.984 11.556 16.780 14.950 6.617 18.454 3.459 16.063 2.355 9.242 8.501 7.263 6.201 5.521 3.438 11.783 3.938 2.885 12.298 18.631 13.107 7.310 12.509 6.321 14.336 15.460 5.487 2.385 10.235 20.399 12.643 1.203 5.832 3.871 4.172 11.129 11.428 6.984 5.904 19.503 15.672 10.839 19.703 5.174 3.529 12.830 2.820 12.727 3.776 4.332 16.074 9.779 9.008 13.117 12.269 13.302 13.453 9.131 2.978 0.000 18.353 3.093 5.702 15.258 13.399 13.788 4.123 8.479 8.729 9.017 6.311 12.385 6.597 11.264 5.669 5.422 11.879 15.742 9.118 7.375 7.327 
62 11.301 9.398 10.294 17.878 10.051 19.592 1.756 18.913 10.873 16.592 9.121 18.592 11.097 13.079 16.759 15.072 7.456 14.838 18.891 6.394 0.775 15.113 16.046 15.219 16.953 4.738 6.368 19.509 19.831 16.007 2.514 7.814 18.290 14.608 20.225 14.206 13.904 7.267 11.617 16.953 2.922 3.443 11.197 1.370 16.815 15.106 9.536 20.050 10.372 16.518 19.700 4.270 9.064 16.647 9.242 17.353 15.384 10.032 9.253 18.381 18.353 0.000 19.369 12.826 5.913 6.325 9.100 15.384 15.142 12.444 17.386 12.150 18.347 11.980 16.129 13.215 18.819 11.446 10.764 15.791 14.262 11.301 
63 9.153 11.724 13.931 19.791 17.367 9.634 19.194 0.710 18.561 3.015 10.543 11.590 8.668 6.353 8.580 4.583 13.532 6.345 5.878 13.782 19.754 16.033 5.538 15.450 9.394 14.968 17.382 8.476 1.207 13.247 21.605 14.632 2.000 8.599 0.951 5.993 13.971 12.971 8.820 3.934 20.898 17.073 13.326 20.669 3.432 4.437 12.413 5.398 12.109 6.769 1.253 17.683 11.529 12.061 12.742 10.061 11.524 15.856 10.200 0.997 3.093 19.369 0.000 7.604 17.099 15.146 13.382 3.994 6.904 11.301 12.098 8.052 15.467 7.415 9.299 7.883 2.664 14.441 18.234 12.121 6.340 9.153 
64 1.625 8.342 6.435 13.744 9.859 7.861 13.120 7.434 11.112 4.598 3.762 8.125 1.918 3.907 5.002 3.093 6.087 2.025 6.139 6.622 13.043 9.704 7.774 9.239 5.625 9.225 9.836 7.346 7.627 7.751 14.764 7.050 5.969 3.067 8.555 1.620 7.442 5.743 1.282 7.380 13.818 9.998 5.975 14.191 6.756 3.328 9.328 7.236 9.581 3.960 8.431 10.372 4.078 7.194 9.508 12.351 12.280 8.354 3.925 6.779 5.702 12.826 7.604 0.000 9.597 7.707 10.151 4.472 8.127 4.255 7.670 0.696 10.579 2.689 10.974 0.904 8.420 7.162 10.782 6.740 6.497 1.625 
65 7.986 10.701 4.838 11.999 4.178 14.800 7.357 16.828 5.162 14.093 6.820 13.384 8.479 11.576 12.219 12.516 3.573 11.354 14.979 3.727 5.562 9.243 15.445 9.393 12.200 6.766 0.591 14.967 17.216 10.469 6.507 2.705 15.562 10.294 18.038 11.205 8.248 4.311 8.328 15.816 5.063 2.731 5.817 7.017 15.424 12.670 11.345 16.273 12.142 12.516 17.773 1.649 5.571 11.320 11.201 18.357 17.008 4.160 7.449 16.200 15.258 5.913 17.099 9.597 0.000 1.996 11.422 13.436 15.007 7.559 12.060 9.070 12.586 10.041 16.946 9.607 17.371 5.763 4.997 10.454 13.651 7.986 
66 6.084 9.059 3.996 12.329 4.869 13.472 7.415 14.860 6.122 12.147 4.825 12.307 6.501 9.582 10.751 10.566 1.623 9.537 13.305 1.838 6.211 9.064 13.469 9.079 10.835 5.671 2.411 13.520 15.299 9.689 7.578 1.511 13.650 8.710 16.081 9.298 7.631 2.322 6.427 13.822 6.354 2.897 4.875 7.615 13.429 10.711 9.787 14.569 10.547 10.848 15.797 2.741 3.638 10.332 9.683 16.518 15.281 4.188 5.467 14.236 13.399 6.325 15.146 7.707 1.996 0.000 9.983 11.450 13.066 6.222 11.073 7.149 12.108 8.046 15.094 7.794 15.377 5.230 5.874 9.473 11.684 6.084 
67 9.544 1.844 12.713 21.650 14.797 17.987 7.931 12.741 16.091 11.480 7.468 18.183 8.390 7.598 15.153 10.466 9.438 11.814 15.623 8.288 9.816 17.833 8.486 17.605 15.757 4.859 12.003 17.367 14.267 17.040 11.591 10.972 13.162 13.137 13.999 10.602 15.778 8.382 9.642 9.873 11.824 9.267 13.090 9.918 10.083 10.304 0.971 16.335 1.482 13.928 13.199 10.608 9.110 16.916 0.673 8.376 6.288 13.829 6.769 12.432 13.788 9.100 13.382 10.151 11.422 9.983 0.000 9.765 7.218 12.823 17.514 9.562 19.908 7.702 7.290 10.997 11.831 14.059 15.829 16.263 7.103 9.544 
68 5.752 8.005 10.865 17.978 14.259 9.792 15.203 3.536 15.539 1.768 6.703 11.031 4.967 2.376 7.649 1.684 9.870 4.225 6.506 9.961 15.782 13.988 3.766 13.476 8.477 10.979 13.773 8.835 4.622 11.661 17.644 11.128 3.397 6.653 4.841 3.165 11.759 9.194 5.460 2.967 16.987 13.183 10.445 16.679 2.295 1.361 8.798 6.868 8.639 5.824 4.391 13.877 7.927 10.779 9.101 8.765 9.411 12.767 6.277 3.000 4.123 15.384 3.994 4.472 13.436 11.450 9.765 0.000 4.639 8.676 11.057 4.683 14.301 3.487 7.569 5.092 4.005 11.634 15.210 10.556 3.317 5.752 
69 8.781 5.985 13.796 21.845 16.923 14.430 14.440 6.198 18.274 6.244 8.423 15.575 7.551 4.245 12.187 6.202 11.734 8.619 11.093 11.280 15.719 17.795 1.395 17.351 12.995 10.405 15.474 13.472 8.010 15.831 17.620 13.270 7.466 10.896 7.282 7.370 15.528 10.773 8.612 2.989 17.372 13.897 13.647 16.252 3.501 5.893 6.328 11.298 5.770 10.416 6.368 14.938 10.186 15.114 6.684 4.247 4.824 15.540 7.663 6.125 8.479 15.142 6.904 8.127 15.007 13.066 7.218 4.639 0.000 12.286 15.472 7.988 18.597 5.770 2.950 8.964 4.804 14.843 17.955 14.774 1.633 8.781 
70 3.617 11.210 2.989 9.569 6.253 7.267 13.285 11.280 7.334 8.449 5.357 6.172 4.933 8.041 4.681 7.146 5.005 4.956 7.704 6.222 12.405 5.518 12.017 5.110 4.646 10.263 7.550 7.411 11.018 4.228 13.793 4.902 9.412 3.002 12.236 5.567 3.255 5.475 3.712 11.617 12.507 9.086 2.140 13.775 10.971 7.429 12.186 9.042 12.654 5.313 12.298 8.871 3.940 4.370 12.267 16.457 16.129 4.783 6.073 10.619 8.729 12.444 11.301 4.255 7.559 6.222 12.823 8.676 12.286 0.000 5.077 4.298 7.085 6.569 15.047 3.591 12.526 3.155 7.014 3.585 10.653 3.617 
71 7.971 15.787 7.229 7.975 9.360 3.725 18.319 12.374 9.880 10.021 10.177 1.434 9.174 11.440 3.545 9.378 10.026 6.867 6.573 11.284 17.279 4.992 14.806 4.374 2.711 15.323 11.898 4.613 11.338 1.947 18.520 9.623 10.117 4.636 12.884 8.103 4.128 10.551 7.891 13.912 17.121 13.969 6.263 18.687 13.163 9.701 16.780 7.707 17.132 5.427 13.316 13.552 8.981 0.742 16.911 19.711 19.890 8.303 10.779 11.790 9.017 17.386 12.098 7.670 12.060 11.073 17.514 11.057 15.472 5.077 0.000 8.111 3.370 10.359 18.406 6.766 14.144 6.418 9.644 1.608 13.896 7.971 
72 1.104 7.771 6.189 13.859 9.576 8.497 12.428 7.832 10.859 5.037 3.069 8.648 1.238 3.743 5.610 3.479 5.526 2.717 6.834 5.988 12.379 9.809 7.754 9.375 6.194 8.530 9.335 8.014 8.151 8.046 14.113 6.583 6.501 3.584 8.998 2.156 7.542 5.117 0.784 7.503 13.192 9.364 5.827 13.514 6.925 3.672 8.762 7.924 9.052 4.646 8.812 9.782 3.511 7.595 8.928 12.172 11.969 8.085 3.235 7.187 6.311 12.150 8.052 0.696 9.070 7.149 9.562 4.683 7.988 4.298 8.111 0.000 10.907 2.329 10.771 1.437 8.680 7.028 10.529 7.081 6.356 1.104 
73 10.531 18.281 8.121 4.975 9.025 6.607 19.523 15.742 9.071 13.351 12.442 4.141 11.821 14.459 6.909 12.616 11.448 10.078 9.875 12.790 18.102 3.592 18.017 3.251 6.080 17.086 12.276 7.679 14.695 2.887 19.062 10.597 13.487 7.705 16.248 11.250 4.485 12.209 10.531 17.199 17.543 14.915 7.330 19.553 16.457 12.940 19.261 10.935 19.705 8.782 16.685 14.207 10.928 3.524 19.349 22.844 22.857 8.452 13.151 15.156 12.385 18.347 15.467 10.579 12.586 12.108 19.908 14.301 18.597 7.085 3.370 10.907 0.000 13.226 21.503 9.693 17.498 6.902 8.930 3.840 16.992 10.531 
74 3.013 5.861 8.075 16.136 11.314 10.326 11.924 7.010 12.647 4.626 3.242 10.787 1.806 1.627 7.572 3.174 6.510 4.116 7.990 6.492 12.345 12.086 5.728 11.672 8.251 7.757 10.414 9.668 7.855 10.372 14.191 7.886 6.353 5.748 8.299 2.908 9.824 5.754 2.861 5.813 13.503 9.696 7.881 13.297 5.384 3.156 6.822 8.834 6.989 6.232 7.877 10.406 4.674 9.876 7.039 9.893 9.640 9.880 2.792 6.440 6.597 11.980 7.415 2.689 10.041 8.046 7.702 3.487 5.770 6.569 10.359 2.329 13.226 0.000 8.478 3.593 7.334 9.080 12.321 9.394 4.157 3.013 
