param n := 40;
param m := 5;
param L := 45;
param Q := 6;
param T := 480;
param t :
    1   2   3   4   5   6   7   8   9  10  11  12  13  14  15  16  17  18  19  20  21  22  23  24  25  26  27  28  29  30  31  32  33  34  35  36  37  38  39  40  41  42  43  44  45  46  47  48  49  50  51  52  53  54  55  56  57  58  59  60  61  62  63  64  65  66  67  68  69  70  71  72  73  74  75  76  77  78  79  80  81  82 :=
1 0.000 7.943 9.284 9.907 11.189 7.772 7.398 9.038 5.443 10.340 8.442 8.994 4.594 8.185 8.775 8.643 10.319 4.837 4.737 8.177 8.916 6.429 4.091 5.702 8.939 11.507 6.745 6.688 10.832 0.807 12.384 9.287 1.575 11.840 5.536 13.062 11.048 11.751 12.032 9.993 5.752 7.638 11.053 11.374 10.921 3.552 8.396 11.187 4.433 3.293 9.455 4.173 9.273 3.992 9.884 8.900 12.906 9.245 4.681 5.274 10.795 6.293 12.088 9.241 6.653 7.922 6.826 7.199 6.240 9.568 8.965 6.556 7.286 12.017 6.816 9.596 7.292 5.489 8.792 10.691 8.073 0.000 
2 7.943 0.000 15.726 3.307 6.975 14.996 5.289 6.247 8.073 4.526 7.432 6.237 9.519 4.439 4.973 16.481 17.437 6.368 3.207 4.747 15.499 14.030 5.341 13.020 10.538 7.837 14.440 14.197 7.344 7.651 19.445 13.677 9.185 16.984 12.574 9.639 18.228 5.892 18.332 6.140 12.685 15.259 18.332 17.705 8.841 9.857 14.973 4.835 3.531 4.827 13.682 5.586 16.705 11.872 15.183 15.701 8.305 15.136 11.244 7.145 6.862 11.418 18.736 16.976 4.410 13.977 3.817 13.688 14.118 17.467 16.901 14.172 5.713 8.886 14.285 16.590 8.923 12.956 16.614 16.862 9.270 7.943 
3 9.284 15.726 0.000 16.136 14.961 2.511 16.640 12.855 8.102 15.808 17.706 12.814 12.876 13.377 17.921 9.147 13.041 9.565 12.891 13.143 0.478 9.678 13.328 10.343 8.372 20.767 4.505 3.800 14.139 10.056 14.557 16.361 7.723 3.710 3.809 22.345 13.325 16.729 2.749 14.078 3.560 9.994 13.029 2.091 12.856 6.047 0.905 16.777 12.825 12.160 4.584 10.159 3.263 8.122 2.618 1.000 16.322 1.359 4.689 14.468 14.514 13.717 3.011 4.865 12.145 13.658 15.879 12.609 5.744 6.481 7.948 9.656 11.585 14.395 3.615 1.724 8.477 4.355 9.338 1.479 17.029 9.284 
4 9.907 3.307 16.136 0.000 4.042 15.915 8.595 4.237 8.042 1.344 10.734 4.250 12.401 2.871 8.165 18.537 19.987 6.637 5.529 3.169 16.000 16.299 8.279 15.430 9.426 10.807 15.761 15.365 4.655 9.846 22.035 16.796 10.813 16.667 13.540 12.546 20.757 2.589 18.525 3.569 13.584 17.521 20.814 17.946 6.481 10.818 15.505 1.541 5.983 7.318 13.223 6.360 17.701 13.889 15.063 16.315 5.120 15.302 12.107 10.283 4.069 14.361 19.113 18.256 4.001 16.809 7.121 16.402 15.684 18.999 18.733 16.432 4.702 6.103 15.416 17.278 8.188 14.161 18.691 17.060 12.557 9.907 
5 11.189 6.975 14.961 4.042 0.000 15.375 12.105 2.281 7.273 2.715 14.257 2.327 14.723 3.183 11.947 19.357 21.498 6.638 7.965 3.085 14.943 17.512 10.952 16.886 7.010 14.749 15.734 15.169 0.928 11.414 23.562 19.429 11.579 14.610 13.224 16.518 22.214 2.331 16.977 1.197 13.180 18.672 22.195 16.477 2.872 10.773 14.514 3.172 8.432 9.564 11.208 7.030 17.162 14.885 13.321 15.376 1.718 13.882 11.795 13.158 0.452 16.707 17.759 18.051 4.586 18.876 10.579 18.284 15.978 19.090 19.235 17.626 4.001 2.082 15.171 16.379 6.483 14.094 19.535 15.583 15.781 11.189 
6 7.772 14.996 2.511 15.915 15.375 0.000 15.153 13.148 8.148 15.796 15.991 13.103 10.814 13.332 16.546 6.682 10.543 9.291 11.947 13.146 2.038 7.192 11.859 7.920 9.420 19.233 2.003 1.375 14.637 8.472 12.103 13.999 6.209 6.208 2.422 20.718 10.848 16.885 4.797 14.369 2.338 7.483 10.564 4.198 13.637 5.162 1.855 16.762 11.794 10.921 6.351 9.628 1.800 5.849 4.849 1.591 16.882 3.550 3.814 12.704 14.923 11.462 4.504 2.891 11.939 11.219 14.577 10.168 3.251 4.358 5.571 7.164 11.657 15.143 1.188 1.888 9.037 2.321 6.877 3.887 15.072 7.772 
7 7.398 5.289 16.640 8.595 12.105 15.153 0.000 10.928 10.675 9.798 2.156 10.905 6.063 9.186 1.614 14.364 14.166 9.078 4.922 9.432 16.289 11.652 3.313 10.414 13.963 4.132 13.949 14.008 12.330 6.681 15.996 9.067 8.973 18.875 12.930 5.795 14.968 11.181 19.388 11.134 13.138 12.789 15.175 18.730 13.531 10.675 15.764 10.116 4.644 4.650 16.018 7.978 16.580 10.322 16.927 16.294 13.540 16.471 11.967 3.149 11.925 7.508 19.482 16.330 8.463 10.198 1.527 10.248 13.203 16.320 15.214 11.801 9.820 13.869 14.150 16.990 12.157 12.848 14.443 18.010 4.133 7.398 
8 9.038 6.247 12.855 4.237 2.281 13.148 10.928 0.000 5.016 3.309 13.038 0.047 12.812 1.811 11.056 17.093 19.314 4.379 6.345 1.519 12.808 15.295 9.282 14.712 5.323 14.048 13.461 12.905 1.793 9.327 21.374 17.588 9.339 12.814 10.963 15.862 20.018 3.904 14.993 1.228 10.928 16.443 19.987 14.464 2.620 8.493 12.362 4.194 6.782 7.761 9.365 4.866 14.941 12.651 11.383 13.217 3.946 11.838 9.529 11.525 1.840 14.779 15.717 15.794 2.668 16.836 9.416 16.197 13.697 16.815 16.955 15.406 1.762 3.120 12.910 14.217 4.425 11.820 17.271 13.567 14.303 9.038 
9 5.443 8.073 8.102 8.042 7.273 8.148 10.675 5.016 0.000 7.729 12.408 4.970 9.968 5.281 11.501 12.387 15.044 1.727 5.913 5.060 7.986 10.925 7.816 10.596 3.562 14.611 8.474 7.896 6.601 6.062 17.062 14.723 5.047 8.914 5.950 16.386 15.683 8.748 10.501 6.229 5.912 11.977 15.593 9.911 6.004 3.609 7.505 8.700 6.078 6.161 5.628 2.737 9.946 8.243 7.152 8.337 8.855 7.273 4.524 9.829 6.823 11.733 11.072 10.780 4.073 13.255 9.449 12.439 8.803 11.831 12.095 11.015 3.527 7.369 7.897 9.321 1.849 6.839 12.576 9.031 12.814 5.443 
10 10.340 4.526 15.808 1.344 2.715 15.796 9.798 3.309 7.729 0.000 11.949 3.333 13.222 2.464 9.455 18.887 20.573 6.533 6.295 2.669 15.710 16.769 9.186 15.976 8.625 12.141 15.811 15.355 3.389 10.378 22.633 17.741 11.080 16.051 13.475 13.886 21.328 1.488 18.088 2.406 13.489 17.976 21.360 17.531 5.287 10.809 15.233 0.971 6.766 8.053 12.596 6.483 17.594 14.268 14.540 16.066 3.800 14.887 12.027 11.279 2.782 15.201 18.743 18.263 3.923 17.567 8.299 17.096 15.841 19.108 18.978 16.896 4.223 4.789 15.390 17.048 7.579 14.185 19.049 16.638 13.681 10.340 
11 8.442 7.432 17.706 10.734 14.257 15.991 2.156 13.038 12.408 11.949 0.000 13.013 5.833 11.315 2.962 14.270 13.477 10.896 6.887 11.552 17.322 11.545 4.647 10.258 15.808 3.602 14.581 14.754 14.470 7.655 15.159 7.667 9.986 20.219 13.918 4.774 14.263 13.322 20.448 13.277 14.152 12.581 14.521 19.791 15.628 11.922 16.810 12.246 6.549 6.251 17.546 9.788 17.271 10.691 18.260 17.258 15.695 17.682 13.121 3.294 14.074 6.768 20.432 16.822 10.524 9.360 3.678 9.624 13.693 16.604 15.293 11.689 11.863 16.006 14.912 17.867 13.992 13.671 14.320 19.127 2.452 8.442 
12 8.994 6.237 12.814 4.250 2.327 13.103 10.905 0.047 4.970 3.333 13.013 0.000 12.772 1.799 11.038 17.046 19.269 4.333 6.313 1.503 12.766 15.249 9.248 14.667 5.296 14.034 13.415 12.859 1.838 9.284 21.329 17.549 9.293 12.781 10.918 15.848 19.972 3.941 14.955 1.271 10.883 16.397 19.942 14.426 2.639 8.446 12.320 4.222 6.750 7.724 9.332 4.822 14.897 12.605 11.347 13.175 3.993 11.799 9.484 11.491 1.886 14.739 15.677 15.749 2.633 16.794 9.393 16.153 13.650 16.769 16.909 15.360 1.716 3.157 12.865 14.174 4.387 11.773 17.225 13.529 14.272 8.994 
13 4.594 9.519 12.876 12.401 14.723 10.814 6.063 12.812 9.968 13.222 5.833 12.772 0.000 11.546 7.674 8.447 8.169 9.074 6.927 11.641 12.439 5.718 4.178 4.438 13.504 9.421 9.153 9.479 14.563 3.908 10.082 4.823 5.670 15.925 9.110 10.539 8.974 14.709 15.526 13.548 9.383 6.790 9.154 14.887 15.020 7.918 11.974 13.888 6.456 5.191 13.890 8.158 11.851 5.100 14.010 12.250 16.408 13.162 8.746 2.914 14.390 1.988 15.317 11.197 10.181 4.460 6.522 4.274 8.125 10.837 9.465 5.864 11.162 15.918 9.655 12.696 11.809 8.568 8.504 14.352 4.323 4.594 
14 8.185 4.439 13.377 2.871 3.183 13.332 9.186 1.811 5.281 2.464 11.315 1.799 11.546 0.000 9.257 16.597 18.498 4.082 4.800 0.329 13.267 14.589 7.785 13.881 6.603 12.238 13.374 12.904 3.183 8.335 20.563 16.246 8.771 13.797 11.015 14.052 19.232 3.668 15.706 2.041 11.027 15.778 19.238 15.137 4.423 8.364 12.785 3.432 5.262 6.381 10.352 4.141 15.130 12.023 12.210 13.613 4.862 12.491 9.567 10.004 2.883 13.532 16.330 15.812 1.550 15.739 7.665 15.179 13.444 16.686 16.618 14.711 1.836 4.700 12.936 14.593 5.316 11.742 16.766 14.247 12.692 8.185 
15 8.775 4.973 17.921 8.165 11.947 16.546 1.614 11.056 11.501 9.455 2.962 11.038 7.674 9.257 0.000 15.971 15.757 9.829 5.595 9.537 17.589 13.262 4.700 12.026 14.612 3.126 15.422 15.441 12.290 8.101 17.567 10.454 10.340 19.977 14.271 4.936 16.558 10.737 20.661 11.083 14.466 14.402 16.771 20.005 13.676 11.899 17.060 9.622 5.435 5.779 16.993 8.765 18.023 11.877 18.047 17.628 13.252 17.671 13.232 4.762 11.825 9.074 20.810 17.835 8.791 11.758 2.083 11.841 14.719 17.874 16.803 13.411 10.169 13.835 15.577 18.360 12.838 14.259 16.051 19.258 5.329 8.775 
16 8.643 16.481 9.147 18.537 19.357 6.682 14.364 17.093 12.387 18.887 14.270 17.046 8.447 16.597 15.971 0.000 3.973 12.719 13.312 16.530 8.691 2.729 11.669 4.012 14.903 17.865 4.856 5.668 18.829 8.834 5.421 9.290 7.827 12.856 7.184 18.912 4.181 20.246 10.860 18.196 7.400 1.785 3.883 10.406 18.389 8.788 8.534 19.769 12.953 11.664 12.758 12.457 6.299 4.652 11.514 8.160 21.038 10.226 8.225 11.265 18.927 7.849 10.092 4.782 15.048 6.185 14.475 5.309 3.877 3.450 1.513 2.583 15.357 19.741 5.811 7.889 13.907 6.050 0.202 10.373 12.465 8.643 
17 10.319 17.437 13.041 19.987 21.498 10.543 14.166 19.314 15.044 20.573 13.477 19.269 8.169 18.498 15.757 3.973 0.000 14.987 14.488 18.496 12.575 4.126 12.175 4.617 17.979 17.014 8.613 9.404 21.101 10.197 2.066 6.824 10.060 16.748 10.631 17.718 0.805 22.017 14.832 20.305 10.884 3.224 1.056 14.372 20.972 11.619 12.373 21.368 14.057 12.708 16.354 14.469 10.271 6.802 15.308 12.068 23.214 14.049 11.407 11.046 21.097 6.724 14.060 8.746 16.971 4.149 14.688 3.918 7.470 7.329 5.413 4.047 17.553 22.198 9.566 11.848 16.743 9.515 3.805 14.312 11.262 10.319 
18 4.837 6.368 9.565 6.637 6.638 9.291 9.078 4.379 1.727 6.533 10.896 4.333 9.074 4.082 9.829 12.719 14.987 0.000 4.235 3.937 9.399 10.936 6.399 10.411 4.912 12.948 9.295 8.823 6.142 5.280 17.040 13.893 4.966 10.617 6.945 14.737 15.676 7.723 12.067 5.482 6.969 12.072 15.633 11.459 6.084 4.283 8.894 7.492 4.441 4.715 7.354 1.109 11.084 8.279 8.820 9.690 8.324 8.845 5.500 8.525 6.209 10.953 12.567 11.731 2.648 12.755 7.797 12.033 9.408 12.617 12.629 11.044 2.638 7.219 8.857 10.646 3.095 7.662 12.897 10.593 11.501 4.837 
19 4.737 3.207 12.891 5.529 7.965 11.947 4.922 6.345 5.913 6.295 6.887 6.313 6.927 4.800 5.595 13.312 14.488 4.235 0.000 4.964 12.621 10.920 2.987 9.974 9.064 8.714 11.279 11.075 7.960 4.482 16.527 11.506 5.999 14.561 9.538 10.505 15.265 7.782 15.571 6.841 9.674 12.150 15.340 14.928 8.855 6.886 12.089 6.980 0.475 1.789 11.459 3.176 13.615 8.684 12.671 12.767 9.598 12.446 8.279 5.206 7.683 8.908 15.876 13.812 3.714 11.293 3.571 10.873 10.920 14.266 13.700 11.059 5.004 9.435 11.172 13.614 7.269 9.834 13.450 14.121 7.962 4.737 
20 8.177 4.747 13.143 3.169 3.085 13.146 9.432 1.519 5.060 2.669 11.552 1.503 11.641 0.329 9.537 16.530 18.496 3.937 4.964 0.000 13.042 14.562 7.940 13.879 6.284 12.532 13.231 12.747 2.997 8.359 20.561 16.365 8.706 13.509 10.847 14.347 19.224 3.786 15.450 1.907 10.851 15.743 19.222 14.886 4.139 8.218 12.564 3.640 5.419 6.498 10.061 4.081 14.945 11.976 11.938 13.397 4.788 12.240 9.398 10.169 2.752 13.625 16.086 15.655 1.526 15.797 7.914 15.218 13.330 16.553 16.522 14.681 1.569 4.488 12.774 14.380 5.024 11.596 16.701 13.994 12.887 8.177 
21 8.916 15.499 0.478 16.000 14.943 2.038 16.289 12.808 7.986 15.710 17.322 12.766 12.439 13.267 17.589 8.691 12.575 9.399 12.621 13.042 0.000 9.200 12.976 9.867 8.462 20.412 4.028 3.321 14.136 9.680 14.105 15.891 7.348 4.173 3.406 21.977 12.866 16.665 3.128 14.035 3.170 9.520 12.574 2.473 12.907 5.750 0.533 16.680 12.541 11.841 4.817 9.950 2.919 7.657 2.971 0.606 16.335 1.667 4.373 14.073 14.494 13.258 3.255 4.485 12.002 13.181 15.557 12.132 5.266 6.088 7.512 9.178 11.492 14.443 3.137 1.514 8.465 3.900 8.883 1.937 16.609 8.916 
22 6.429 14.030 9.678 16.299 17.512 7.192 11.652 15.295 10.925 16.769 11.545 15.249 5.718 14.589 13.262 2.729 4.126 10.936 10.920 14.562 9.200 0.000 9.050 1.292 13.867 15.138 5.190 5.882 17.073 6.462 6.138 7.130 5.978 13.301 6.742 16.204 4.761 18.179 11.876 16.326 7.014 1.230 4.698 11.326 16.873 7.497 8.897 17.609 10.530 9.205 12.476 10.494 7.485 2.684 11.678 8.782 19.221 10.494 7.360 8.542 17.100 5.251 11.322 6.319 13.045 4.128 11.817 3.100 3.940 5.487 3.843 0.149 13.535 18.125 6.065 8.821 12.617 5.684 2.794 11.079 9.789 6.429 
23 4.091 5.341 13.328 8.279 10.952 11.859 3.313 9.282 7.816 9.186 4.647 9.248 4.178 7.785 4.700 11.669 12.175 6.399 2.987 7.940 12.976 9.050 0.000 7.921 11.289 7.439 10.728 10.742 10.934 3.401 14.155 8.556 5.665 15.640 9.618 9.050 12.974 10.672 16.077 9.825 9.825 10.256 13.106 15.419 11.727 7.388 12.451 9.790 2.523 1.685 12.902 5.304 13.323 7.316 13.685 12.982 12.580 13.184 8.662 2.245 10.668 6.100 16.170 13.160 6.620 8.636 2.862 8.369 10.061 13.277 12.343 9.197 7.823 12.391 10.879 13.687 9.475 9.564 11.775 14.705 5.139 4.091 
24 5.702 13.020 10.343 15.430 16.886 7.920 10.414 14.712 10.596 15.976 10.258 14.667 4.438 13.881 12.026 4.012 4.617 10.411 9.974 13.879 9.867 1.292 7.921 0.000 13.731 13.854 5.958 6.561 16.503 5.599 6.683 6.123 5.553 13.870 7.092 14.913 5.355 17.412 12.689 15.692 7.377 2.376 5.387 12.110 16.443 7.363 9.514 16.786 9.562 8.219 12.736 9.859 8.434 2.549 12.153 9.503 18.602 11.035 7.468 7.287 16.487 4.005 12.218 7.401 12.354 3.320 10.641 2.276 4.723 6.698 5.121 1.434 12.952 17.629 6.748 9.654 12.359 6.133 4.066 11.785 8.501 5.702 
25 8.939 10.538 8.372 9.426 7.010 9.420 13.963 5.323 3.562 8.625 15.808 5.296 13.504 6.603 14.612 14.903 17.979 4.912 9.064 6.284 8.462 13.867 11.289 13.731 0.000 17.738 10.407 9.673 6.106 9.597 19.929 18.224 8.309 7.600 7.821 19.545 18.552 9.123 10.082 6.412 7.660 14.802 18.409 9.632 4.548 6.382 8.125 9.516 9.319 9.611 4.224 6.021 11.079 11.248 6.403 8.984 8.134 7.147 6.678 13.358 6.600 15.227 10.952 12.297 6.130 16.592 12.631 15.719 11.077 13.634 14.324 13.937 4.898 6.083 9.609 9.969 1.817 8.917 15.102 8.752 16.344 8.939 
26 11.507 7.837 20.767 10.807 14.749 19.233 4.132 14.048 14.611 12.141 3.602 14.034 9.421 12.238 3.126 17.865 17.014 12.948 8.714 12.532 20.412 15.138 7.439 13.854 17.738 0.000 17.948 18.054 15.173 10.769 18.631 10.877 13.081 22.983 17.043 1.823 17.791 13.296 23.516 13.972 17.256 16.182 18.063 22.858 16.660 14.806 19.888 12.154 8.535 8.746 20.064 11.877 20.611 14.166 21.041 20.407 15.925 20.601 16.098 6.731 14.671 10.336 23.595 20.264 11.876 12.874 5.163 13.195 17.129 20.127 18.865 15.283 13.252 16.709 18.203 21.084 15.964 16.919 17.917 22.142 5.779 11.507 
27 6.745 14.440 4.505 15.761 15.734 2.003 13.949 13.461 8.474 15.811 14.581 13.415 9.153 13.374 15.422 4.856 8.613 9.295 11.279 13.231 4.028 5.190 10.728 5.958 10.407 17.948 0.000 0.812 15.075 7.339 10.256 12.065 5.294 8.177 2.607 19.347 8.965 17.016 6.731 14.652 2.748 5.503 8.705 6.158 14.310 5.013 3.773 16.759 11.055 10.023 7.915 9.401 2.704 4.071 6.697 3.592 17.329 5.437 3.959 11.289 15.286 9.622 6.296 2.536 11.891 9.237 13.541 8.187 1.251 3.357 3.967 5.161 11.840 15.763 0.958 3.702 9.696 1.642 5.056 5.889 13.464 6.745 
28 6.688 14.197 3.800 15.365 15.169 1.375 14.008 12.905 7.896 15.355 14.754 12.859 9.479 12.904 15.441 5.668 9.404 8.823 11.075 12.747 3.321 5.882 10.742 6.561 9.673 18.054 0.812 0.000 14.485 7.341 11.064 12.627 5.167 7.431 1.951 19.502 9.767 16.524 6.172 14.108 2.041 6.268 9.512 5.571 13.655 4.553 3.021 16.312 10.882 9.919 7.103 9.012 2.586 4.480 5.905 2.943 16.740 4.660 3.375 11.461 14.718 10.090 5.848 2.909 11.448 9.868 13.513 8.818 1.966 3.992 4.761 5.865 11.319 15.124 0.188 3.224 9.033 1.241 5.868 5.225 13.759 6.688 
29 10.832 7.344 14.139 4.655 0.928 14.637 12.330 1.793 6.601 3.389 14.470 1.838 14.563 3.183 12.290 18.829 21.101 6.142 7.960 2.997 14.136 17.073 10.934 16.503 6.106 15.173 15.075 14.485 0.000 11.117 23.161 19.320 11.107 13.705 12.535 16.962 21.802 3.232 16.109 1.207 12.478 18.214 21.768 15.618 1.974 10.159 13.717 3.983 8.414 9.465 10.315 6.659 16.416 14.421 12.444 14.582 2.255 13.037 11.121 13.165 0.624 16.537 16.908 17.351 4.384 18.622 10.804 17.988 15.371 18.432 18.647 17.182 3.550 1.546 14.479 15.586 5.672 13.439 19.010 14.725 15.875 10.832 
30 0.807 7.651 10.056 9.846 11.414 8.472 6.681 9.327 6.062 10.378 7.655 9.284 3.908 8.335 8.101 8.834 10.197 5.280 4.482 8.359 9.680 6.462 3.401 5.599 9.597 10.769 7.339 7.341 11.117 0.000 12.259 8.673 2.333 12.647 6.287 12.300 10.949 11.820 12.802 10.218 6.511 7.689 10.986 12.144 11.336 4.359 9.164 11.187 4.120 2.860 10.250 4.488 9.923 4.228 10.690 9.646 13.130 10.043 5.478 4.469 11.037 5.698 12.832 9.798 6.836 7.519 6.203 6.874 6.736 10.021 9.282 6.598 7.598 12.364 7.478 10.315 7.907 6.169 8.970 11.473 7.269 0.807 
31 12.384 19.445 14.557 22.035 23.562 12.103 15.996 21.374 17.062 22.633 15.159 21.329 10.082 20.563 17.567 5.421 2.066 17.040 16.527 20.561 14.105 6.138 14.155 6.683 19.929 18.631 10.256 11.064 23.161 12.259 0.000 8.033 12.102 18.262 12.441 19.207 1.381 24.079 16.122 22.369 12.681 5.128 1.555 15.715 23.009 13.597 13.955 23.424 16.092 14.744 18.116 16.532 11.598 8.822 16.933 13.565 25.277 15.647 13.307 12.913 23.160 8.493 15.261 9.994 19.036 5.817 16.599 5.809 9.192 8.447 6.663 6.047 19.613 24.246 11.214 13.233 18.739 11.310 5.226 15.746 12.852 12.384 
32 9.287 13.677 16.361 16.796 19.429 13.999 9.067 17.588 14.723 17.741 7.667 17.549 4.823 16.246 10.454 9.290 6.824 13.893 11.506 16.365 15.891 7.130 8.556 6.123 18.224 10.877 12.065 12.627 19.320 8.673 8.033 0.000 10.089 19.763 12.860 11.255 7.492 19.225 18.787 18.271 13.148 7.550 7.854 18.196 19.836 12.306 15.501 18.322 11.032 9.867 18.179 12.981 14.553 8.259 17.947 15.567 21.090 16.926 12.868 6.533 19.116 2.999 18.340 13.448 14.937 3.106 10.120 4.050 10.841 12.538 10.722 7.217 15.965 20.703 12.815 15.767 16.571 12.042 9.239 17.825 5.219 9.287 
33 1.575 9.185 7.723 10.813 11.579 6.209 8.973 9.339 5.047 11.080 9.986 9.293 5.670 8.771 10.340 7.827 10.060 4.966 5.999 8.706 7.348 5.978 5.665 5.553 8.309 13.081 5.294 5.167 11.107 2.333 12.102 10.089 0.000 10.394 3.962 14.629 10.731 12.422 10.469 10.404 4.181 7.106 10.676 9.811 10.914 2.252 6.831 11.979 5.763 4.753 8.221 4.630 7.748 3.314 8.448 7.325 13.278 7.738 3.184 6.773 11.158 7.108 10.513 7.820 7.222 8.284 8.370 7.422 4.944 8.294 7.921 6.082 7.584 12.147 5.286 8.023 6.835 3.949 7.996 9.142 9.477 1.575 
34 11.840 16.984 3.710 16.667 14.610 6.208 18.875 12.814 8.914 16.051 20.219 12.781 15.925 13.797 19.977 12.856 16.748 10.617 14.561 13.509 4.173 13.301 15.640 13.870 7.600 22.983 8.177 7.431 13.705 12.647 18.262 19.763 10.394 0.000 6.911 24.666 17.035 16.685 3.162 13.963 6.624 13.679 16.737 3.090 12.059 8.304 4.410 16.983 14.609 14.237 3.455 11.488 6.803 11.511 1.959 4.697 15.683 2.841 7.216 17.113 14.197 16.993 4.302 8.447 12.876 17.189 17.894 16.146 9.395 10.075 11.635 13.289 11.965 13.556 7.253 5.138 8.488 7.748 13.046 2.636 19.871 11.840 
35 5.536 12.574 3.809 13.540 13.224 2.422 12.930 10.963 5.950 13.475 13.918 10.918 9.110 11.015 14.271 7.184 10.631 6.945 9.538 10.847 3.406 6.742 9.618 7.092 7.821 17.043 2.607 1.951 12.535 6.287 12.441 12.860 3.962 6.911 0.000 18.587 11.094 14.614 6.534 12.170 0.289 7.410 10.889 5.879 11.714 2.746 2.905 14.436 9.400 8.577 5.741 7.223 4.171 4.634 5.095 3.365 14.790 4.089 1.449 10.667 12.773 10.086 6.553 4.832 9.586 10.380 12.267 9.354 3.308 5.931 6.505 6.765 9.397 13.177 1.947 4.107 7.095 1.136 7.385 5.267 13.225 5.536 
36 13.062 9.639 22.345 12.546 16.518 20.718 5.795 15.862 16.386 13.886 4.774 15.848 10.539 14.052 4.936 18.912 17.718 14.737 10.505 14.347 21.977 16.204 9.050 14.913 19.545 1.823 19.347 19.502 16.962 12.300 19.207 11.255 14.629 24.666 18.587 0.000 18.472 15.000 25.094 15.765 18.810 17.184 18.773 24.435 18.471 16.438 21.458 13.855 10.309 10.444 21.801 13.658 22.032 15.464 22.717 21.944 17.655 22.233 17.702 8.058 16.453 11.184 25.127 21.596 13.699 13.573 6.940 14.015 18.467 21.357 19.997 16.346 15.075 18.495 19.657 22.586 17.766 18.398 18.948 23.741 6.505 13.062 
37 11.048 18.228 13.325 20.757 22.214 10.848 14.968 20.018 15.683 21.328 14.263 19.972 8.974 19.232 16.558 4.181 0.805 15.676 15.265 19.224 12.866 4.761 12.974 5.355 18.552 17.791 8.965 9.767 21.802 10.949 1.381 7.492 10.731 17.035 11.094 18.472 0.000 22.767 14.998 21.022 11.339 3.750 0.432 14.564 21.634 12.217 12.694 22.130 14.837 13.488 16.788 15.184 10.447 7.445 15.657 12.340 23.928 14.381 11.937 11.850 21.809 7.518 14.180 8.876 17.700 4.918 15.493 4.721 7.869 7.387 5.524 4.668 18.256 22.878 9.922 12.058 17.358 9.967 3.995 14.552 12.031 11.048 
38 11.751 5.892 16.729 2.589 2.331 16.885 11.181 3.904 8.748 1.488 13.322 3.941 14.709 3.668 10.737 20.246 22.017 7.723 7.782 3.786 16.665 18.179 10.672 17.412 9.123 13.296 17.016 16.524 3.232 11.820 24.079 19.225 12.422 16.685 14.614 15.000 22.767 0.000 18.896 2.722 14.609 19.380 22.792 18.365 5.199 12.003 16.206 1.145 8.254 9.537 13.245 7.797 18.685 15.649 15.285 17.054 2.723 15.735 13.166 12.754 2.629 16.689 19.612 19.432 5.206 19.048 9.699 18.567 17.109 20.340 20.285 18.304 5.229 4.292 16.548 18.047 8.328 15.380 20.412 17.469 15.115 11.751 
39 12.032 18.332 2.749 18.525 16.977 4.797 19.388 14.993 10.501 18.088 20.448 14.955 15.526 15.706 20.661 10.860 14.832 12.067 15.571 15.450 3.128 11.876 16.077 12.689 10.082 23.516 6.731 6.172 16.109 12.802 16.122 18.787 10.469 3.162 6.534 25.094 14.998 18.896 0.000 16.195 6.295 11.994 14.656 0.659 14.630 8.772 3.638 19.048 15.524 14.894 5.891 12.746 4.561 10.638 3.680 3.278 18.207 3.229 7.430 17.201 16.543 16.254 1.155 6.129 14.574 15.962 18.615 14.913 7.973 7.695 9.476 11.832 13.881 16.161 5.986 3.056 10.568 6.959 11.031 1.474 19.723 12.032 
40 9.993 6.140 14.078 3.569 1.197 14.369 11.134 1.228 6.229 2.406 13.277 1.271 13.548 2.041 11.083 18.196 20.305 5.482 6.841 1.907 14.035 16.326 9.825 15.692 6.412 13.972 14.652 14.108 1.207 10.218 22.369 18.271 10.404 13.963 12.170 15.765 21.022 2.722 16.195 0.000 12.140 17.490 21.006 15.673 2.912 9.666 13.589 3.172 7.302 8.404 10.524 5.838 16.164 13.705 12.572 14.445 2.914 13.052 10.732 12.045 0.845 15.530 16.931 17.002 3.393 17.684 9.607 17.088 14.858 18.002 18.101 16.441 2.846 2.753 14.116 15.444 5.632 13.010 18.372 14.776 14.717 9.993 
41 5.752 12.685 3.560 13.584 13.180 2.338 13.138 10.928 5.912 13.489 14.152 10.883 9.383 11.027 14.466 7.400 10.884 6.969 9.674 10.851 3.170 7.014 9.825 7.377 7.660 17.256 2.748 2.041 12.478 6.511 12.681 13.148 4.181 6.624 0.289 18.810 11.339 14.609 6.295 12.140 0.000 7.666 11.128 5.639 11.616 2.833 2.659 14.454 9.548 8.754 5.477 7.290 4.117 4.923 4.807 3.162 14.732 3.805 1.477 10.909 12.729 10.371 6.347 4.873 9.616 10.667 12.453 9.640 3.523 6.033 6.681 7.035 9.385 13.089 2.011 3.945 6.993 1.371 7.603 5.009 13.485 5.752 
42 7.638 15.259 9.994 17.521 18.672 7.483 12.789 16.443 11.977 17.976 12.581 16.397 6.790 15.778 14.402 1.785 3.224 12.072 12.150 15.743 9.520 1.230 10.256 2.376 14.802 16.182 5.503 6.268 18.214 7.689 5.128 7.550 7.106 13.679 7.410 17.184 3.750 19.380 11.994 17.490 7.666 0.000 3.621 11.484 17.955 8.477 9.276 18.823 11.760 10.434 13.141 11.668 7.480 3.792 12.164 9.049 20.377 10.928 8.194 9.659 18.256 6.078 11.336 6.125 14.231 4.448 13.004 3.536 4.308 5.023 3.172 1.091 14.685 19.234 6.439 8.951 13.626 6.300 1.783 11.331 10.716 7.638 
43 11.053 18.332 13.029 20.814 22.195 10.564 15.175 19.987 15.593 21.360 14.521 19.942 9.154 19.238 16.771 3.883 1.056 15.633 15.340 19.222 12.574 4.698 13.106 5.387 18.409 18.063 8.705 9.512 21.768 10.986 1.555 7.854 10.676 16.737 10.889 18.773 0.432 22.792 14.656 21.006 11.128 3.621 0.000 14.232 21.560 12.097 12.414 22.173 14.918 13.570 16.561 15.169 10.113 7.373 15.387 12.040 23.907 14.105 11.772 12.046 21.787 7.760 13.824 8.529 17.701 5.203 15.663 4.933 7.637 7.020 5.180 4.594 18.226 22.821 9.663 11.734 17.247 9.758 3.691 14.237 12.315 11.053 
44 11.374 17.705 2.091 17.946 16.477 4.198 18.730 14.464 9.911 17.531 19.791 14.426 14.887 15.137 20.005 10.406 14.372 11.459 14.928 14.886 2.473 11.326 15.419 12.110 9.632 22.858 6.158 5.571 15.618 12.144 15.715 18.196 9.811 3.090 5.879 24.435 14.564 18.365 0.659 15.673 5.639 11.484 14.232 0.000 14.179 8.118 2.981 18.494 14.877 14.239 5.485 12.121 4.119 10.023 3.253 2.651 17.737 2.646 6.773 16.546 16.040 15.638 1.342 5.729 13.983 15.395 17.959 14.345 7.405 7.326 9.055 11.286 13.317 15.715 5.384 2.535 10.041 6.323 10.583 0.897 19.075 11.374 
45 10.921 8.841 12.856 6.481 2.872 13.637 13.531 2.620 6.004 5.287 15.628 2.639 15.020 4.423 13.676 18.389 20.972 6.084 8.855 4.139 12.907 16.873 11.727 16.443 4.548 16.660 14.310 13.655 1.974 11.336 23.009 19.836 10.914 12.059 11.714 18.471 21.634 5.199 14.630 2.912 11.616 17.955 21.560 14.179 0.000 9.604 12.530 5.944 9.272 10.137 8.756 6.874 15.373 14.190 10.950 13.397 3.627 11.671 10.369 13.971 2.593 16.951 15.497 16.445 5.142 18.835 12.024 18.116 14.756 17.645 18.054 16.970 3.911 1.540 13.625 14.396 4.624 12.708 18.579 13.298 16.810 10.921 
46 3.552 9.857 6.047 10.818 10.773 5.162 10.675 8.493 3.609 10.809 11.922 8.446 7.918 8.364 11.899 8.788 11.619 4.283 6.886 8.218 5.750 7.497 7.388 7.363 6.382 14.806 5.013 4.553 10.159 4.359 13.597 12.306 2.252 8.304 2.746 16.438 12.217 12.003 8.772 9.666 2.833 8.477 12.097 8.118 9.604 0.000 5.217 11.762 6.792 6.125 5.973 4.481 6.916 4.866 6.345 5.881 12.403 5.796 1.394 8.814 10.328 9.340 9.004 7.457 6.896 10.341 9.845 9.419 5.213 8.346 8.495 7.572 6.838 10.977 4.598 6.740 5.154 3.378 8.979 7.359 11.622 3.552 
47 8.396 14.973 0.905 15.505 14.514 1.855 15.764 12.362 7.505 15.233 16.810 12.320 11.974 12.785 17.060 8.534 12.373 8.894 12.089 12.564 0.533 8.897 12.451 9.514 8.125 19.888 3.773 3.021 13.717 9.164 13.955 15.501 6.831 4.410 2.905 21.458 12.694 16.206 3.638 13.589 2.659 9.276 12.414 2.981 12.530 5.217 0.000 16.204 12.008 11.309 4.650 9.431 3.059 7.250 2.998 0.868 15.927 1.695 3.841 13.568 14.064 12.834 3.788 4.536 11.505 12.833 15.026 11.785 4.986 6.103 7.418 8.882 11.019 14.062 2.843 1.870 8.046 3.472 8.730 2.378 16.123 8.396 
48 11.187 4.835 16.777 1.541 3.172 16.762 10.116 4.194 8.700 0.971 12.246 4.222 13.888 3.432 9.622 19.769 21.368 7.492 6.980 3.640 16.680 17.609 9.790 16.786 9.516 12.154 16.759 16.312 3.983 11.187 23.424 18.322 11.979 16.983 14.436 13.855 22.130 1.145 19.048 3.172 14.454 18.823 22.173 18.494 5.944 11.762 16.204 0.000 7.443 8.761 13.529 7.405 18.560 15.138 15.491 17.037 3.848 15.850 12.989 11.817 3.359 15.856 19.709 19.218 4.868 18.273 8.652 17.837 16.770 20.048 19.889 17.738 5.192 5.233 16.348 18.019 8.524 15.136 19.929 17.600 14.095 11.187 
49 4.433 3.531 12.825 5.983 8.432 11.794 4.644 6.782 6.078 6.766 6.549 6.750 6.456 5.262 5.435 12.953 14.057 4.441 0.475 5.419 12.541 10.530 2.523 9.562 9.319 8.535 11.055 10.882 8.414 4.120 16.092 11.032 5.763 14.609 9.400 10.309 14.837 8.254 15.524 7.302 9.548 11.760 14.918 14.877 9.272 6.792 12.008 7.443 0.000 1.349 11.564 3.351 13.438 8.341 12.702 12.665 10.069 12.429 8.180 4.751 8.145 8.436 15.796 13.583 4.136 10.831 3.372 10.421 10.653 13.993 13.377 10.670 5.399 9.881 10.986 13.492 7.513 9.644 13.087 14.083 7.538 4.433 
50 3.293 4.827 12.160 7.318 9.564 10.921 4.650 7.761 6.161 8.053 6.251 7.724 5.191 6.381 5.779 11.664 12.708 4.715 1.789 6.498 11.841 9.205 1.685 8.219 9.611 8.746 10.023 9.919 9.465 2.860 14.744 9.867 4.753 14.237 8.577 10.444 13.488 9.537 14.894 8.404 8.754 10.434 13.570 14.239 10.137 6.125 11.309 8.761 1.349 0.000 11.376 3.619 12.499 7.085 12.296 11.909 11.234 11.893 7.471 3.871 9.249 7.179 15.079 12.529 5.094 9.516 3.721 9.084 9.529 12.846 12.142 9.346 6.226 10.881 10.037 12.684 7.795 8.696 11.794 13.483 6.813 3.293 
51 9.455 13.682 4.584 13.223 11.208 6.351 16.018 9.365 5.628 12.596 17.546 9.332 13.890 10.352 16.993 12.758 16.354 7.354 11.459 10.061 4.817 12.476 12.902 12.736 4.224 20.064 7.915 7.103 10.315 10.250 18.116 18.179 8.221 3.455 5.741 21.801 16.788 13.245 5.891 10.524 5.477 13.141 16.561 5.485 8.756 5.973 4.650 13.529 11.564 11.376 0.000 8.309 7.702 10.205 2.232 5.411 12.356 3.237 5.329 14.612 10.787 15.252 6.823 9.173 9.480 15.954 14.915 14.959 8.924 10.704 11.834 12.503 8.524 10.281 6.975 6.299 5.037 6.841 12.960 4.634 17.505 9.455 
52 4.173 5.586 10.159 6.360 7.030 9.628 7.978 4.866 2.737 6.483 9.788 4.822 8.158 4.141 8.765 12.457 14.469 1.109 3.176 4.081 9.950 10.494 5.304 9.859 6.021 11.877 9.401 9.012 6.659 4.488 16.532 12.981 4.630 11.488 7.223 13.658 15.184 7.797 12.746 5.838 7.290 11.668 15.169 12.121 6.874 4.481 9.431 7.405 3.351 3.619 8.309 0.000 11.394 7.896 9.641 10.187 8.745 9.551 5.816 7.452 6.629 10.078 13.171 11.897 2.593 12.007 6.718 11.341 9.366 12.656 12.498 10.611 3.118 7.876 9.068 11.109 4.204 7.802 12.625 11.276 10.420 4.173 
53 9.273 16.705 3.263 17.701 17.162 1.800 16.580 14.941 9.946 17.594 17.271 14.897 11.851 15.130 18.023 6.299 10.271 11.084 13.615 14.945 2.919 7.485 13.323 8.434 11.079 20.611 2.704 2.586 16.416 9.923 11.598 14.553 7.748 6.803 4.171 22.032 10.447 18.685 4.561 16.164 4.117 7.480 10.113 4.119 15.373 6.916 3.059 18.560 13.438 12.499 7.702 11.394 0.000 6.758 5.876 2.313 18.657 4.584 5.593 13.977 16.710 12.243 3.858 1.645 13.731 11.611 16.099 10.574 3.781 3.272 4.936 7.422 13.456 16.889 2.462 1.667 10.794 3.803 6.472 4.197 16.165 9.273 
54 3.992 11.872 8.122 13.889 14.885 5.849 10.322 12.651 8.243 14.268 10.691 12.605 5.100 12.023 11.877 4.652 6.802 8.279 8.684 11.976 7.657 2.684 7.316 2.549 11.248 14.166 4.071 4.480 14.421 4.228 8.822 8.259 3.314 11.511 4.634 15.464 7.445 15.649 10.638 13.705 4.923 3.792 7.373 10.023 14.190 4.866 7.250 15.138 8.341 7.085 10.205 7.896 6.758 0.000 9.728 7.373 16.587 8.672 4.920 7.438 14.467 5.616 10.320 6.137 10.473 5.763 10.176 4.755 3.030 5.999 5.065 2.780 10.894 15.450 4.664 7.699 9.949 3.784 4.802 9.594 9.421 3.992 
55 9.884 15.183 2.618 15.063 13.321 4.849 16.927 11.383 7.152 14.540 18.260 11.347 14.010 12.210 18.047 11.514 15.308 8.820 12.671 11.938 2.971 11.678 13.685 12.153 6.403 21.041 6.697 5.905 12.444 10.690 16.933 17.947 8.448 1.959 5.095 22.717 15.657 15.285 3.680 12.572 4.807 12.164 15.387 3.253 10.950 6.345 2.998 15.491 12.702 12.296 2.232 9.641 5.876 9.728 0.000 3.574 14.529 1.313 5.278 15.155 12.890 15.135 4.591 7.456 11.186 15.459 15.966 14.425 7.856 9.056 10.416 11.680 10.374 12.482 5.743 4.324 6.971 6.026 11.711 2.405 17.923 9.884 
56 8.900 15.701 1.000 16.315 15.376 1.591 16.294 13.217 8.337 16.066 17.258 13.175 12.250 13.613 17.628 8.160 12.068 9.690 12.767 13.397 0.606 8.782 12.982 9.503 8.984 20.407 3.592 2.943 14.582 9.646 13.565 15.567 7.325 4.697 3.365 21.944 12.340 17.054 3.278 14.445 3.162 9.049 12.040 2.651 13.397 5.881 0.868 17.037 12.665 11.909 5.411 10.187 2.313 7.373 3.574 0.000 16.794 2.273 4.488 13.991 14.926 12.988 3.188 3.883 12.314 12.806 15.614 11.756 4.842 5.492 6.949 8.753 11.858 14.930 2.756 1.003 8.912 3.683 8.349 2.297 16.463 8.900 
57 12.906 8.305 16.322 5.120 1.718 16.882 13.540 3.946 8.855 3.800 15.695 3.993 16.408 4.862 13.252 21.038 23.214 8.324 9.598 4.788 16.335 19.221 12.580 18.602 8.134 15.925 17.329 16.740 2.255 13.130 25.277 21.090 13.278 15.683 14.790 17.655 23.928 2.723 18.207 2.914 14.732 20.377 23.907 17.737 3.627 12.403 15.927 3.848 10.069 11.234 12.356 8.745 18.657 16.587 14.529 16.794 0.000 15.187 13.376 14.765 2.121 18.394 19.042 19.604 6.299 20.584 12.025 19.999 17.615 20.686 20.885 19.334 5.694 2.202 16.734 17.797 7.885 15.693 21.218 16.849 17.321 12.906 
58 9.245 15.136 1.359 15.302 13.882 3.550 16.471 11.838 7.273 14.887 17.682 11.799 13.162 12.491 17.671 10.226 14.049 8.845 12.446 12.240 1.667 10.494 13.184 11.035 7.147 20.601 5.437 4.660 13.037 10.043 15.647 16.926 7.738 2.841 4.089 22.233 14.381 15.735 3.229 13.052 3.805 10.928 14.105 2.646 11.671 5.796 1.695 15.850 12.429 11.893 3.237 9.551 4.584 8.672 1.313 2.273 15.187 0.000 4.565 14.507 13.441 14.174 3.880 6.149 11.345 14.352 15.603 13.311 6.623 7.745 9.110 10.488 10.671 13.211 4.491 3.083 7.420 4.908 10.422 1.759 17.190 9.245 
59 4.681 11.244 4.689 12.107 11.795 3.814 11.967 9.529 4.524 12.027 13.121 9.484 8.746 9.567 13.232 8.225 11.407 5.500 8.279 9.398 4.373 7.360 8.662 7.468 6.678 16.098 3.959 3.375 11.121 5.478 13.307 12.868 3.184 7.216 1.449 17.702 11.937 13.166 7.430 10.732 1.477 8.194 11.772 6.773 10.369 1.394 3.841 12.989 8.180 7.471 5.329 5.816 5.593 4.920 5.278 4.488 13.376 4.565 0.000 9.944 11.345 9.971 7.622 6.274 8.144 10.639 11.190 9.656 4.430 7.314 7.718 7.410 7.951 11.809 3.387 5.348 5.774 2.340 8.424 6.043 12.659 4.681 
60 5.274 7.145 14.468 10.283 13.158 12.704 3.149 11.525 9.829 11.279 3.294 11.491 2.914 10.004 4.762 11.265 11.046 8.525 5.206 10.169 14.073 8.542 2.245 7.287 13.358 6.731 11.289 11.461 13.165 4.469 12.913 6.533 6.773 17.113 10.667 8.058 11.850 12.754 17.201 12.045 10.909 9.659 12.046 16.546 13.971 8.814 13.568 11.817 4.751 3.871 14.612 7.452 13.977 7.438 15.155 13.991 14.765 14.507 9.944 0.000 12.885 4.478 17.157 13.553 8.864 7.160 3.735 7.131 10.419 13.397 12.181 8.690 10.065 14.630 11.619 14.583 11.558 10.385 11.336 15.904 2.986 5.274 
61 10.795 6.862 14.514 4.069 0.452 14.923 11.925 1.840 6.823 2.782 14.074 1.886 14.390 2.883 11.825 18.927 21.097 6.209 7.683 2.752 14.494 17.100 10.668 16.487 6.600 14.671 15.286 14.718 0.624 11.037 23.160 19.116 11.158 14.197 12.773 16.453 21.809 2.629 16.543 0.845 12.729 18.256 21.787 16.040 2.593 10.328 14.064 3.359 8.145 9.249 10.787 6.629 16.710 14.467 12.890 14.926 2.121 13.441 11.345 12.885 0.000 16.372 17.319 17.600 4.226 18.514 10.398 17.910 15.535 18.641 18.795 17.213 3.575 2.050 14.719 15.929 6.037 13.646 19.105 15.145 15.545 10.795 
62 6.293 11.418 13.717 14.361 16.707 11.462 7.508 14.779 11.733 15.201 6.768 14.739 1.988 13.532 9.074 7.849 6.724 10.953 8.908 13.625 13.258 5.251 6.100 4.005 15.227 10.336 9.622 10.090 16.537 5.698 8.493 2.999 7.108 16.993 10.086 11.184 7.518 16.689 16.254 15.530 10.371 6.078 7.760 15.638 16.951 9.340 12.834 15.856 8.436 7.179 15.252 10.078 12.243 5.616 15.135 12.988 18.394 14.174 9.971 4.478 16.372 0.000 15.912 11.343 12.158 2.692 8.210 2.859 8.463 10.704 9.089 5.377 13.115 17.879 10.275 13.298 13.582 9.363 7.860 15.194 4.680 6.293 
63 12.088 18.736 3.011 19.113 17.759 4.504 19.482 15.717 11.072 18.743 20.432 15.677 15.317 16.330 20.810 10.092 14.060 12.567 15.876 16.086 3.255 11.322 16.170 12.218 10.952 23.595 6.296 5.848 16.908 12.832 15.261 18.340 10.513 4.302 6.553 25.127 14.180 19.612 1.155 16.931 6.347 11.336 13.824 1.342 15.497 9.004 3.788 19.709 15.796 15.079 6.823 13.171 3.858 10.320 4.591 3.188 19.042 3.880 7.622 17.157 17.319 15.912 0.000 5.314 15.131 15.440 18.790 14.398 7.501 6.814 8.661 11.265 14.521 17.034 5.668 2.624 11.301 6.790 10.255 2.200 19.573 12.088 
64 9.241 16.976 4.865 18.256 18.051 2.891 16.330 15.794 10.780 18.263 16.822 15.749 11.197 15.812 17.835 4.782 8.746 11.731 13.812 15.655 4.485 6.319 13.160 7.401 12.297 20.264 2.536 2.909 17.351 9.798 9.994 13.448 7.820 8.447 4.832 21.596 8.876 19.432 6.129 17.002 4.873 6.125 8.529 5.729 16.445 7.457 4.536 19.218 13.583 12.529 9.173 11.897 1.645 6.137 7.456 3.883 19.604 6.149 6.274 13.553 17.600 11.343 5.314 0.000 14.353 10.425 15.997 9.414 3.136 1.628 3.353 6.235 14.224 17.935 2.887 3.312 11.826 4.095 4.942 5.842 15.515 9.241 
65 6.653 4.410 12.145 4.001 4.586 11.939 8.463 2.668 4.073 3.923 10.524 2.633 10.181 1.550 8.791 15.048 16.971 2.648 3.714 1.526 12.002 13.045 6.620 12.354 6.130 11.876 11.891 11.448 4.384 6.836 19.036 14.937 7.222 12.876 9.586 13.699 17.700 5.206 14.574 3.393 9.616 14.231 17.701 13.983 5.142 6.896 11.505 4.868 4.136 5.094 9.480 2.593 13.731 10.473 11.186 12.314 6.299 11.345 8.144 8.864 4.226 12.158 15.131 14.353 0.000 14.291 6.986 13.700 11.924 15.185 15.082 13.166 1.377 5.787 11.488 13.278 4.561 10.268 15.216 13.103 11.672 6.653 
66 7.922 13.977 13.658 16.809 18.876 11.219 10.198 16.836 13.255 17.567 9.360 16.794 4.460 15.739 11.758 6.185 4.149 12.755 11.293 15.797 13.181 4.128 8.636 3.320 16.592 12.874 9.237 9.868 18.622 7.519 5.817 3.106 8.284 17.189 10.380 13.573 4.918 19.048 15.962 17.684 10.667 4.448 5.203 15.395 18.835 10.341 12.833 18.273 10.831 9.516 15.954 12.007 11.611 5.763 15.459 12.806 20.584 14.352 10.639 7.160 18.514 2.692 15.440 10.425 14.291 0.000 10.884 1.051 7.990 9.453 7.620 4.198 15.115 19.883 10.055 12.914 15.082 9.446 6.135 15.094 7.114 7.922 
67 6.826 3.817 15.879 7.121 10.579 14.577 1.527 9.416 9.449 8.299 3.678 9.393 6.522 7.665 2.083 14.475 14.688 7.797 3.571 7.914 15.557 11.817 2.862 10.641 12.631 5.163 13.541 13.513 10.804 6.203 16.599 10.120 8.370 17.894 12.267 6.940 15.493 9.699 18.615 9.607 12.453 13.004 15.663 17.959 12.024 9.845 15.026 8.652 3.372 3.721 14.915 6.718 16.099 10.176 15.966 15.614 12.025 15.603 11.190 3.735 10.398 8.210 18.790 15.997 6.986 10.884 0.000 10.794 12.911 16.139 15.192 11.966 8.353 12.343 13.642 16.368 10.840 12.312 14.573 17.203 5.468 6.826 
68 7.199 13.688 12.609 16.402 18.284 10.168 10.248 16.197 12.439 17.096 9.624 16.153 4.274 15.179 11.841 5.309 3.918 12.033 10.873 15.218 12.132 3.100 8.369 2.276 15.719 13.195 8.187 8.818 17.988 6.874 5.809 4.050 7.422 16.146 9.354 14.015 4.721 18.567 14.913 17.088 9.640 3.536 4.933 14.345 18.116 9.419 11.785 17.837 10.421 9.084 14.959 11.341 10.574 4.755 14.425 11.756 19.999 13.311 9.656 7.131 17.910 2.859 14.398 9.414 13.700 1.051 10.794 0.000 6.941 8.491 6.698 3.179 14.458 19.210 9.005 11.866 14.251 8.408 5.280 14.043 7.512 7.199 
69 6.240 14.118 5.744 15.684 15.978 3.251 13.203 13.697 8.803 15.841 13.693 13.650 8.125 13.444 14.719 3.877 7.470 9.408 10.920 13.330 5.266 3.940 10.061 4.723 11.077 17.129 1.251 1.966 15.371 6.736 9.192 10.841 4.944 9.395 3.308 18.467 7.869 17.109 7.973 14.858 3.523 4.308 7.637 7.405 14.756 5.213 4.986 16.770 10.653 9.529 8.924 9.366 3.781 3.030 7.856 4.842 17.615 6.623 4.430 10.419 15.535 8.463 7.501 3.136 11.924 7.990 12.911 6.941 0.000 3.350 3.299 3.914 12.017 16.164 2.142 4.932 10.191 2.177 4.079 7.138 12.448 6.240 
70 9.568 17.467 6.481 18.999 19.090 4.358 16.320 16.815 11.831 19.108 16.604 16.769 10.837 16.686 17.874 3.450 7.329 12.617 14.266 16.553 6.088 5.487 13.277 6.698 13.634 20.127 3.357 3.992 18.432 10.021 8.447 12.538 8.294 10.075 5.931 21.357 7.387 20.340 7.695 18.002 6.033 5.023 7.020 7.326 17.645 8.346 6.103 20.048 13.993 12.846 10.704 12.656 3.272 5.999 9.056 5.492 20.686 7.745 7.314 13.397 18.641 10.704 6.814 1.628 15.185 9.453 16.139 8.491 3.350 0.000 1.940 5.376 15.183 19.107 4.035 4.939 13.023 4.996 3.579 7.467 15.097 9.568 
71 8.965 16.901 7.948 18.733 19.235 5.571 15.214 16.955 12.095 18.978 15.293 16.909 9.465 16.618 16.803 1.513 5.413 12.629 13.700 16.522 7.512 3.843 12.343 5.121 14.324 18.865 3.967 4.761 18.647 9.282 6.663 10.722 7.921 11.635 6.505 19.997 5.524 20.285 9.476 18.101 6.681 3.172 5.180 9.055 18.054 8.495 7.418 19.889 13.377 12.142 11.834 12.498 4.936 5.065 10.416 6.949 20.885 9.110 7.718 12.181 18.795 9.089 8.661 3.353 15.082 7.620 15.192 6.698 3.299 1.940 0.000 3.713 15.255 19.460 4.872 6.571 13.487 5.411 1.639 9.090 13.619 8.965 
72 6.556 14.172 9.656 16.432 17.626 7.164 11.801 15.406 11.015 16.896 11.689 15.360 5.864 14.711 13.411 2.583 4.047 11.044 11.059 14.681 9.178 0.149 9.197 1.434 13.937 15.283 5.161 5.865 17.182 6.598 6.047 7.217 6.082 13.289 6.765 16.346 4.668 18.304 11.832 16.441 7.035 1.091 4.594 11.286 16.970 7.572 8.882 17.738 10.670 9.346 12.503 10.611 7.422 2.780 11.680 8.753 19.334 10.488 7.410 8.690 17.213 5.377 11.265 6.235 13.166 4.198 11.966 3.179 3.914 5.376 3.713 0.000 13.646 18.227 6.046 8.776 12.699 5.698 2.646 11.050 9.926 6.556 
73 7.286 5.713 11.585 4.702 4.001 11.657 9.820 1.762 3.527 4.223 11.863 1.716 11.162 1.836 10.169 15.357 17.553 2.638 5.004 1.569 11.492 13.535 7.823 12.952 4.898 13.252 11.840 11.319 3.550 7.598 19.613 15.965 7.584 11.965 9.397 15.075 18.256 5.229 13.881 2.846 9.385 14.685 18.226 13.317 3.911 6.838 11.019 5.192 5.399 6.226 8.524 3.118 13.456 10.894 10.374 11.858 5.694 10.671 7.951 10.065 3.575 13.115 14.521 14.224 1.377 15.115 8.353 14.458 12.017 15.183 15.255 13.646 0.000 4.773 11.337 12.845 3.496 10.198 15.534 12.426 12.927 7.286 
