param n := 60;
param m := 6;
param L := 45;
param Q := 6;
param T := 600;
param t :
    1   2   3   4   5   6   7   8   9  10  11  12  13  14  15  16  17  18  19  20  21  22  23  24  25  26  27  28  29  30  31  32  33  34  35  36  37  38  39  40  41  42  43  44  45  46  47  48  49  50  51  52  53  54  55  56  57  58  59  60  61  62  63  64  65  66  67  68  69  70  71  72  73  74  75  76  77  78  79  80  81  82  83  84  85  86  87  88  89  90  91  92  93  94  95  96  97  98  99 100 101 102 103 104 105 106 107 108 109 110 111 112 113 114 115 116 117 118 119 120 121 122 :=
1 0.000 11.650 8.023 5.273 10.358 2.316 3.103 3.410 4.096 12.941 5.576 10.290 5.651 11.585 6.292 10.006 6.788 8.443 7.286 12.189 4.456 12.070 2.535 7.332 11.360 1.002 2.528 11.131 7.539 1.818 8.501 10.055 10.228 6.341 9.277 9.297 8.779 8.380 9.122 7.552 11.808 6.512 12.326 9.061 6.127 8.161 7.215 6.258 4.770 10.632 5.227 8.414 10.351 4.833 6.550 8.757 5.621 10.213 5.389 2.979 10.799 6.945 4.337 5.576 8.005 8.323 3.362 10.202 8.546 7.945 3.666 9.817 10.053 7.243 8.264 12.053 10.498 8.605 3.953 8.507 2.785 1.272 9.599 10.061 10.420 8.839 8.949 7.882 3.166 6.490 9.649 9.945 12.469 4.974 0.773 9.458 8.924 7.637 8.755 7.166 8.416 9.674 11.835 7.807 9.488 6.625 7.730 3.560 3.213 10.062 10.542 4.722 10.075 7.608 13.216 13.223 8.726 10.285 11.197 6.836 6.594 0.000 
2 11.650 0.000 9.583 13.359 14.915 11.658 9.431 14.608 13.335 17.924 16.862 21.868 6.862 16.103 17.931 12.742 17.626 12.686 4.913 16.289 16.044 1.042 10.145 4.318 13.795 10.947 12.041 16.747 19.112 13.202 20.151 7.339 21.213 9.364 6.113 19.571 20.417 15.837 13.167 5.978 15.134 18.055 17.107 20.459 5.536 14.491 5.367 16.463 10.219 2.042 6.750 16.405 21.910 15.909 11.628 16.708 16.971 21.862 15.861 13.597 16.164 11.856 13.838 9.689 19.125 5.921 11.991 21.786 11.237 19.214 15.286 20.219 4.056 15.232 4.565 15.584 2.229 20.017 15.499 11.119 9.906 10.394 13.322 21.358 16.237 2.918 18.740 16.655 10.084 6.608 20.960 18.544 16.845 7.485 10.887 3.269 15.297 16.233 7.480 4.496 4.390 15.069 23.482 19.218 13.515 5.502 18.793 15.077 13.027 2.380 22.025 15.123 10.936 15.446 24.858 1.631 19.281 3.761 22.665 6.071 18.208 11.650 
3 8.023 9.583 0.000 12.907 5.335 9.891 8.768 11.275 11.954 20.199 13.170 15.580 4.302 6.551 12.975 16.105 14.606 14.988 8.656 6.803 11.673 10.533 5.510 7.092 4.595 7.042 10.244 7.173 13.114 9.742 14.717 13.215 17.782 11.658 3.685 11.555 14.654 6.767 3.585 3.767 18.376 12.105 19.480 16.227 6.963 15.514 4.726 8.962 3.323 7.603 5.179 16.261 15.541 12.651 2.795 7.709 13.140 16.327 13.378 7.588 6.586 2.788 12.276 2.451 15.569 10.877 5.516 15.532 1.660 12.438 10.222 17.685 5.738 15.027 5.127 6.183 10.103 15.779 11.361 1.542 8.949 7.531 3.751 14.366 6.693 8.334 16.956 15.847 4.859 9.597 16.906 9.598 7.336 8.697 7.712 6.315 16.361 15.568 12.334 6.768 9.650 16.840 17.568 12.728 16.092 8.404 15.358 11.085 11.136 7.203 15.392 12.736 15.264 6.627 18.786 10.507 16.578 11.044 18.088 9.449 12.541 8.023 
4 5.273 13.359 12.907 0.000 15.628 3.053 4.497 3.994 1.361 7.685 5.247 11.756 9.494 16.846 7.382 5.706 5.058 3.963 8.450 17.456 5.738 13.370 7.498 9.524 16.585 6.080 2.758 16.331 9.468 4.316 9.403 8.557 8.366 4.431 13.216 13.061 10.007 13.451 14.380 11.365 6.922 8.801 7.103 8.334 8.391 2.937 10.637 10.532 9.856 13.112 8.717 3.419 11.899 4.258 11.783 13.692 5.468 10.800 3.363 7.737 16.028 12.184 1.525 10.545 6.673 8.027 8.629 11.649 13.667 10.684 6.498 7.015 13.292 2.154 11.525 17.325 11.505 7.988 5.257 13.615 4.148 5.393 14.853 12.422 15.622 10.494 5.403 3.345 8.174 6.781 8.593 14.578 17.724 5.977 5.300 12.319 3.658 2.951 7.364 9.540 9.100 4.500 12.542 10.247 4.773 7.897 6.308 4.964 2.217 12.607 12.359 2.887 6.671 12.658 13.878 14.979 6.222 10.586 10.485 7.316 8.484 5.273 
5 10.358 14.915 5.335 15.628 0.000 12.643 12.356 12.769 14.404 23.297 14.014 14.019 9.122 1.326 12.943 19.945 15.633 18.561 13.581 1.843 12.364 15.867 8.463 12.190 2.387 9.630 12.884 1.938 12.192 11.578 14.002 18.004 18.114 15.677 8.917 8.796 13.675 3.544 1.773 9.060 21.989 11.426 22.670 16.205 11.810 18.514 9.944 7.523 6.318 12.924 9.864 18.638 13.914 13.882 4.158 4.268 13.896 15.307 14.942 8.314 1.350 3.760 14.567 6.133 16.102 15.699 7.000 14.007 3.678 10.911 10.772 18.593 11.011 17.534 10.447 1.788 15.378 15.815 12.294 3.796 12.358 10.512 1.606 12.308 1.713 13.559 18.388 17.946 7.847 14.177 16.922 5.781 2.217 12.985 10.444 11.649 19.281 17.776 16.973 11.862 14.677 20.009 16.100 11.425 19.650 13.209 16.002 12.190 13.502 12.535 13.543 14.478 19.489 4.083 17.070 15.791 17.517 16.215 17.597 14.149 12.018 10.358 
6 2.316 11.658 9.891 3.053 12.643 0.000 2.229 3.084 2.101 10.659 5.266 11.113 6.743 13.884 6.753 7.765 5.979 6.158 6.866 14.479 4.811 11.884 4.447 7.467 13.537 3.039 0.409 13.448 8.479 2.168 9.004 8.603 9.568 4.521 10.499 11.117 9.444 10.680 11.349 8.667 9.500 7.575 10.028 8.851 6.242 5.875 8.074 8.250 6.804 11.023 6.065 6.371 11.212 4.272 8.741 11.023 5.403 10.638 4.255 5.118 13.112 9.144 2.503 7.506 7.468 7.273 5.666 11.014 10.616 9.279 4.785 8.739 10.860 5.140 9.050 14.317 10.131 8.422 4.229 10.565 1.752 2.359 11.818 11.279 12.736 8.743 7.527 6.021 5.124 5.579 9.320 12.116 14.771 4.262 2.249 10.036 6.661 5.709 7.288 7.397 7.817 7.369 12.358 8.997 7.187 6.219 7.135 3.806 1.444 10.476 11.528 3.511 8.026 9.901 13.748 13.283 7.727 9.582 11.074 6.045 7.467 2.316 
7 3.103 9.431 8.768 4.497 12.356 2.229 0.000 5.256 4.043 11.434 7.477 13.084 5.032 13.659 8.820 7.591 8.198 6.284 4.649 14.193 6.875 9.659 3.905 5.272 12.865 3.130 2.610 13.451 10.379 4.044 11.080 6.952 11.787 3.429 8.726 12.396 11.468 10.992 10.860 6.874 9.711 9.405 10.713 11.070 4.061 6.796 6.143 9.329 6.108 8.853 4.227 7.905 13.167 6.496 8.239 11.502 7.604 12.748 6.449 6.024 13.037 8.649 4.522 6.593 9.697 5.293 5.770 12.989 9.783 10.965 6.535 10.887 8.839 6.638 7.052 13.904 7.921 10.637 6.299 9.711 0.478 2.105 11.295 13.048 12.749 6.515 9.562 7.792 4.510 3.499 11.547 12.856 14.557 2.072 2.460 7.932 7.658 7.423 5.653 5.224 5.643 8.075 14.446 10.770 7.388 3.997 9.363 5.868 3.611 8.316 13.426 5.707 7.269 10.267 15.837 11.057 9.904 7.452 13.290 3.917 9.388 3.103 
8 3.410 14.608 11.275 3.994 12.769 3.084 5.256 0.000 2.695 11.212 2.261 8.144 9.028 13.869 3.727 9.675 3.382 7.937 9.902 14.523 1.845 14.894 5.898 10.337 14.147 4.401 2.783 13.136 5.631 1.592 5.952 11.551 6.841 7.350 12.685 9.086 6.435 10.093 11.821 10.945 10.869 4.863 10.751 5.852 9.102 6.741 10.547 6.727 7.958 13.804 8.529 6.078 8.259 1.424 9.430 10.172 2.363 7.563 2.187 4.461 12.923 9.787 2.478 8.830 4.635 10.345 6.039 8.041 11.586 6.718 2.559 6.432 13.387 5.187 11.581 14.542 13.176 5.409 1.299 11.564 4.781 4.435 12.309 8.547 12.446 11.710 5.742 5.240 6.480 8.663 6.378 10.827 14.703 7.321 4.011 12.708 7.282 5.137 10.247 10.225 10.888 8.311 9.291 6.317 8.766 9.246 4.343 0.970 2.153 13.242 8.635 1.734 10.424 9.299 10.678 16.221 5.333 12.664 8.058 9.125 4.620 3.410 
9 4.096 13.335 11.954 1.361 14.404 2.101 4.043 2.695 0.000 8.974 4.255 10.668 8.826 15.602 6.249 6.983 4.443 5.248 8.441 16.222 4.498 13.452 6.467 9.289 15.455 4.981 1.719 15.045 8.272 2.972 8.365 9.239 7.963 5.006 12.580 11.721 8.927 12.133 13.214 10.742 8.281 7.549 8.420 7.612 8.095 4.274 10.109 9.172 8.802 12.882 8.119 4.331 10.799 3.215 10.646 12.353 4.456 9.853 2.638 6.407 14.758 11.041 0.506 9.545 6.044 8.381 7.410 10.562 12.607 9.412 5.154 6.887 12.858 3.148 11.057 16.122 11.628 7.227 3.984 12.562 3.610 4.434 13.692 11.212 14.338 10.426 5.520 3.920 7.138 6.913 7.966 13.219 16.473 5.851 4.250 11.974 4.948 3.618 7.977 9.259 9.240 5.846 11.601 9.002 6.110 7.834 5.685 3.662 0.903 12.351 11.224 1.974 7.771 11.339 12.963 14.966 5.951 10.867 9.820 7.430 7.272 4.096 
10 12.941 17.924 20.199 7.685 23.297 10.659 11.434 11.212 8.974 0.000 11.369 17.344 16.313 24.525 13.612 5.211 10.160 5.456 13.630 25.129 12.569 17.515 15.015 15.232 24.148 13.691 10.413 24.013 15.765 11.933 14.987 10.886 11.509 9.065 19.770 20.101 15.714 21.104 21.998 17.973 3.037 15.426 0.818 12.789 14.411 4.784 17.050 17.938 17.363 18.449 15.433 5.301 17.531 10.760 19.378 21.296 11.601 15.812 9.493 15.373 23.713 19.785 8.918 17.962 11.231 12.019 16.303 17.237 21.141 17.311 13.753 9.540 19.270 6.025 17.713 24.976 15.720 12.680 12.257 21.078 11.260 12.893 22.463 18.606 23.305 15.549 7.915 6.383 15.685 11.884 12.606 22.038 25.406 11.978 12.887 18.091 4.030 6.286 10.457 15.381 13.650 3.359 17.333 16.746 4.465 13.342 10.964 12.104 9.872 18.070 18.141 9.569 7.181 20.309 18.411 19.357 9.677 14.298 14.267 12.341 14.939 12.941 
11 5.576 16.862 13.170 5.247 14.014 5.266 7.477 2.261 4.255 11.369 0.000 6.523 11.226 15.001 2.277 10.855 1.632 9.125 12.126 15.676 1.650 17.132 7.970 12.597 15.629 6.535 4.922 14.099 4.446 3.787 4.156 13.472 4.670 9.236 14.833 8.806 4.774 10.987 13.283 13.127 11.623 4.063 11.054 3.597 11.362 7.455 12.772 7.144 9.853 16.063 10.762 6.069 6.672 1.048 11.077 10.876 0.238 5.598 2.007 5.838 13.972 11.400 3.834 10.757 2.438 12.443 7.733 6.415 13.299 5.942 3.243 4.616 15.613 5.594 13.813 15.802 15.395 3.160 1.816 13.291 7.000 6.672 13.769 7.376 13.444 13.959 4.494 4.998 8.501 10.819 4.117 11.156 15.783 9.528 6.229 14.957 7.769 5.087 12.194 12.486 13.081 8.922 7.346 5.387 9.771 11.474 2.194 2.094 4.083 15.500 7.165 2.361 11.917 10.224 8.708 18.477 3.519 14.826 5.813 11.299 3.573 5.576 
12 10.290 21.868 15.580 11.756 14.019 11.113 13.084 8.144 10.668 17.344 6.523 0.000 15.340 14.514 4.429 17.373 7.270 15.647 17.562 15.175 6.319 22.341 11.839 17.568 16.228 10.923 10.874 13.210 2.757 9.046 2.405 19.684 6.638 15.493 18.344 5.594 1.750 10.475 14.107 16.982 18.014 3.814 17.167 4.741 16.389 13.897 16.989 6.747 12.720 20.651 15.199 12.198 0.207 7.500 12.870 9.834 6.295 1.903 8.504 8.458 13.365 13.022 10.296 13.605 6.126 18.349 10.430 0.109 14.993 3.187 6.625 8.314 19.686 11.982 18.036 15.634 20.788 4.731 6.897 15.037 12.643 11.562 14.514 2.034 12.761 19.111 9.529 11.067 12.076 16.582 5.188 8.958 15.038 15.128 11.064 19.365 14.108 11.278 18.376 17.373 18.662 15.291 2.081 2.854 16.267 16.898 6.381 7.313 10.286 20.080 0.899 8.871 18.414 9.998 3.206 23.400 7.796 20.511 4.531 16.994 3.705 10.290 
13 5.651 6.862 4.302 9.494 9.122 6.743 5.032 9.028 8.826 16.313 11.226 15.340 0.000 10.433 11.772 11.939 12.375 10.956 4.463 10.809 10.050 7.584 3.511 3.149 8.854 4.722 7.146 10.710 12.618 7.449 13.875 8.961 15.867 7.486 3.755 12.710 14.030 9.221 7.378 1.934 14.275 11.547 15.558 14.696 2.706 11.789 1.650 9.614 3.428 5.355 0.905 12.913 15.359 10.447 5.199 10.034 11.272 15.587 10.827 6.906 10.173 5.523 9.246 3.110 13.650 6.629 5.151 15.267 5.745 12.513 8.970 15.333 4.430 11.647 2.701 10.297 6.581 14.239 9.580 5.642 5.347 4.624 7.695 14.640 10.096 4.683 14.250 12.714 3.294 5.296 15.296 11.812 11.291 4.480 5.019 4.032 12.658 12.372 8.039 2.829 5.559 12.979 17.101 12.586 12.046 4.136 13.368 9.201 8.162 4.793 15.402 10.103 10.990 8.738 18.444 8.242 14.269 7.175 16.801 5.156 11.796 5.651 
14 11.585 16.103 6.551 16.846 1.326 13.884 13.659 13.869 15.602 24.525 15.001 14.514 10.433 0.000 13.795 21.244 16.629 19.843 14.895 0.685 13.353 17.070 9.759 13.484 2.822 10.889 14.114 1.434 12.877 12.737 14.695 19.328 18.965 16.992 10.051 9.099 14.317 4.168 3.059 10.305 23.268 12.183 23.910 17.009 13.126 19.747 11.213 8.259 7.640 14.094 11.184 19.801 14.393 14.930 5.481 4.683 14.871 15.911 16.026 9.408 1.149 5.084 15.746 7.458 17.010 17.020 8.223 14.511 4.892 11.487 11.770 19.541 12.151 18.718 11.678 1.235 16.636 16.634 13.322 5.010 13.650 11.789 2.803 12.708 1.752 14.832 19.423 19.078 9.151 15.503 17.724 5.860 0.899 14.310 11.703 12.846 20.503 18.922 18.299 13.156 15.983 21.253 16.583 12.042 20.929 14.529 16.931 13.245 14.699 13.725 13.972 15.591 20.808 4.846 17.476 16.922 18.480 17.502 18.288 15.473 12.792 11.585 
15 6.292 17.931 12.975 7.382 12.943 6.753 8.820 3.727 6.249 13.612 2.277 4.429 11.772 13.795 0.000 13.056 3.552 11.317 13.406 14.480 1.948 18.313 8.301 13.614 14.795 7.095 6.488 12.751 2.170 4.792 2.260 15.277 5.173 11.072 15.148 6.722 2.709 9.656 12.475 13.578 13.894 1.935 13.318 3.314 12.397 9.720 13.395 5.599 9.763 16.909 11.466 8.321 4.554 3.138 10.570 9.382 2.039 3.943 4.273 5.387 12.705 10.836 5.895 10.689 3.298 14.023 7.468 4.325 12.817 3.724 2.831 5.916 16.201 7.871 14.453 14.714 16.670 2.894 2.528 12.830 8.362 7.538 12.945 5.105 12.141 15.088 6.360 7.230 8.701 12.296 4.023 9.371 14.514 10.889 7.046 15.703 10.046 7.346 13.973 13.455 14.455 11.197 5.625 3.136 12.007 12.742 3.308 2.957 5.860 16.338 4.981 4.522 14.012 8.949 7.017 19.511 4.963 16.272 5.131 12.734 1.356 6.292 
16 10.006 12.742 16.105 5.706 19.945 7.765 7.591 9.675 6.983 5.211 10.855 17.373 11.939 21.244 13.056 0.000 10.310 1.744 8.660 21.783 11.443 12.308 11.485 10.353 20.397 10.472 7.702 20.985 15.165 9.687 14.987 5.693 13.005 4.455 15.105 18.665 15.626 18.368 18.445 13.393 2.446 14.507 4.398 13.534 9.696 3.732 12.396 15.958 13.689 13.377 11.035 6.036 17.526 9.918 15.828 18.763 11.086 16.263 8.871 12.883 20.594 16.238 7.229 14.110 11.823 6.872 13.204 17.265 17.278 16.385 12.109 11.222 14.364 5.622 12.930 21.490 10.527 13.261 10.954 17.198 7.600 9.501 18.874 18.122 20.278 10.477 9.357 6.989 12.100 7.006 13.631 19.879 22.142 7.459 9.673 13.142 4.000 6.612 5.262 10.544 8.536 3.063 17.975 15.953 1.318 8.470 11.473 10.644 7.678 13.035 18.015 8.534 2.047 17.604 19.256 14.153 10.823 9.089 15.512 7.402 14.187 10.006 
17 6.788 17.626 14.606 5.058 15.633 5.979 8.198 3.382 4.443 10.160 1.632 7.270 12.375 16.629 3.552 10.310 0.000 8.638 12.783 17.304 3.276 17.810 9.276 13.444 17.214 7.782 5.589 15.732 5.644 4.972 4.874 13.586 3.589 9.388 16.056 10.257 5.583 12.619 14.870 14.300 10.758 5.467 9.929 3.284 12.216 6.696 13.859 8.756 11.283 16.985 11.832 4.936 7.446 1.966 12.612 12.501 1.788 5.972 1.806 7.412 15.603 12.946 3.946 12.171 1.619 12.823 9.241 7.162 14.817 7.272 4.863 3.081 16.691 4.760 14.879 17.421 16.014 2.966 3.365 14.804 7.725 7.756 15.356 8.446 15.076 14.708 2.884 3.809 9.850 11.328 3.546 12.736 17.414 10.170 7.359 15.951 6.847 4.008 12.358 13.366 13.644 8.034 7.667 6.667 9.126 12.152 1.254 3.557 4.601 16.433 8.024 2.517 11.608 11.856 8.947 19.254 1.972 15.303 5.430 11.837 4.908 6.788 
18 8.443 12.686 14.988 3.963 18.561 6.158 6.284 7.937 5.248 5.456 9.125 15.647 10.956 19.843 11.317 1.744 8.638 0.000 8.207 20.403 9.700 12.388 10.107 9.781 19.148 8.987 6.059 19.516 13.423 8.003 13.266 6.183 11.474 3.609 14.335 16.949 13.898 16.823 17.118 12.555 3.433 12.764 4.663 11.888 8.959 2.307 11.612 14.283 12.380 13.056 10.062 4.671 15.797 8.180 14.488 17.181 9.355 14.569 7.151 11.262 19.147 14.899 5.487 12.874 10.179 6.773 11.713 15.538 16.063 14.644 10.387 9.764 13.818 4.046 12.259 20.152 10.534 11.599 9.213 15.989 6.217 8.055 17.562 16.379 18.806 10.169 7.912 5.503 10.747 6.442 12.019 18.241 20.739 6.550 8.176 12.647 2.860 5.098 5.396 9.926 8.328 2.385 16.289 14.210 1.105 7.893 9.824 8.907 5.965 12.657 16.281 6.796 3.112 16.050 17.584 14.191 9.277 9.225 13.911 6.914 12.444 8.443 
19 7.286 4.913 8.656 8.450 13.581 6.866 4.649 9.902 8.441 13.630 12.126 17.562 4.463 14.895 13.406 8.660 12.783 8.207 0.000 15.271 11.473 5.028 6.513 1.767 13.250 6.803 7.230 15.130 14.819 8.615 15.660 4.577 16.360 4.663 6.664 16.099 16.004 13.394 11.841 5.190 11.105 13.798 12.822 15.716 1.779 9.770 4.123 12.932 7.603 4.869 3.742 11.560 17.629 11.138 9.586 14.127 12.254 17.347 10.999 9.746 14.606 9.934 8.945 7.501 14.315 2.251 8.620 17.472 10.180 15.184 10.940 15.316 5.706 10.362 4.390 14.748 3.274 15.285 10.905 10.073 5.126 6.022 12.156 17.318 14.498 2.059 13.827 11.760 6.735 1.790 16.183 15.790 15.754 2.614 6.516 4.484 10.609 11.343 3.865 2.029 1.210 10.538 19.023 15.083 9.166 0.665 13.974 10.476 8.183 4.452 17.828 10.269 7.235 12.818 20.413 6.539 14.392 3.070 17.938 1.293 13.858 7.286 
20 12.189 16.289 6.803 17.456 1.843 14.479 14.193 14.523 16.222 25.129 15.676 15.175 10.809 0.685 14.480 21.783 17.304 20.403 15.271 0.000 14.028 17.270 10.304 13.819 2.695 11.471 14.717 2.013 13.558 13.373 15.377 19.739 19.650 17.502 10.200 9.735 14.995 4.853 3.446 10.570 23.831 12.868 24.507 17.694 13.512 20.348 11.509 8.944 8.135 14.266 11.584 20.437 15.052 15.597 5.975 5.351 15.548 16.585 16.685 10.062 1.819 5.571 16.375 7.895 17.693 17.421 8.828 15.174 5.162 12.161 12.444 20.221 12.298 19.345 11.921 0.851 16.906 17.320 13.992 5.277 14.199 12.355 3.116 13.356 2.419 15.127 20.092 19.724 9.683 15.940 18.409 6.463 0.580 14.779 12.285 13.048 21.111 19.564 18.734 13.491 16.339 21.847 17.242 12.719 21.493 14.927 17.612 13.909 15.319 13.918 14.624 16.243 21.305 5.531 18.122 17.051 19.159 17.819 18.969 15.892 13.477 12.189 
21 4.456 16.044 11.673 5.738 12.364 4.811 6.875 1.845 4.498 12.569 1.650 6.319 10.050 13.353 1.948 11.443 3.276 9.700 11.473 14.028 0.000 16.401 6.657 11.733 13.996 5.330 4.557 12.464 3.787 2.860 4.207 13.365 6.110 9.181 13.548 7.539 4.634 9.355 11.651 11.906 12.500 3.064 12.181 4.666 10.509 8.327 11.647 5.584 8.377 15.086 9.678 7.296 6.428 1.820 9.489 9.272 1.541 5.876 3.089 4.227 12.328 9.801 4.214 9.294 3.911 12.077 6.185 6.218 11.723 4.953 1.595 6.250 14.475 6.608 12.701 14.153 14.741 4.208 0.582 11.720 6.415 5.670 12.135 6.715 11.804 13.184 6.106 6.304 7.131 10.348 5.300 9.650 14.139 8.945 5.188 13.913 8.774 6.312 12.057 11.587 12.513 9.868 7.571 4.511 10.478 10.810 3.733 1.009 3.998 14.516 6.792 3.053 12.257 8.586 8.963 17.636 5.160 14.326 6.753 10.788 2.779 4.456 
22 12.070 1.042 10.533 13.370 15.867 11.884 9.659 14.894 13.452 17.515 17.132 22.341 7.584 17.070 18.313 12.308 17.810 12.388 5.028 17.270 16.401 0.000 10.737 4.793 14.798 11.427 12.253 17.682 19.584 13.544 20.551 6.757 21.386 9.214 7.120 20.257 20.849 16.675 14.111 6.868 14.660 18.537 16.699 20.727 5.952 14.296 6.174 17.124 10.986 3.067 7.372 16.299 22.392 16.154 12.487 17.532 17.253 22.254 16.025 14.173 17.101 12.731 13.958 10.507 19.341 5.629 12.655 22.256 12.191 19.767 15.730 20.309 5.082 15.161 5.455 16.575 1.884 20.292 15.844 12.073 10.136 10.802 14.280 21.914 17.158 3.232 18.771 16.618 10.729 6.590 21.203 19.350 17.822 7.641 11.299 4.224 15.077 16.190 7.064 5.022 4.275 14.771 23.900 19.741 13.159 5.666 19.001 15.418 13.211 3.354 22.535 15.296 10.430 16.256 25.283 1.856 19.403 3.220 22.945 6.056 18.659 12.070 
23 2.535 10.145 5.510 7.498 8.463 4.447 3.905 5.898 6.467 15.015 7.970 11.839 3.511 9.759 8.301 11.485 9.276 10.107 6.513 10.304 6.657 10.737 0.000 5.965 9.133 1.538 4.775 9.555 9.109 4.318 10.373 10.241 12.640 7.290 6.892 9.619 10.519 7.227 7.021 5.277 13.539 8.040 14.344 11.322 4.934 10.249 5.159 6.453 2.360 8.816 3.398 10.792 11.863 7.312 4.389 7.836 7.984 12.082 7.922 3.454 9.134 4.799 6.773 3.080 10.408 8.144 2.128 11.765 6.170 9.076 5.481 12.327 7.919 9.578 6.212 10.047 9.415 10.865 6.233 6.118 3.895 2.123 7.473 11.217 8.857 7.579 11.484 10.342 0.676 6.363 11.950 9.375 10.658 4.923 2.218 7.527 11.065 10.071 9.042 5.717 7.722 11.676 13.590 9.111 11.202 5.923 10.155 5.888 5.632 8.247 11.927 7.256 11.134 6.551 14.933 11.620 11.230 9.574 13.377 6.528 8.285 2.535 
24 7.332 4.318 7.092 9.524 12.190 7.467 5.272 10.337 9.289 15.232 12.597 17.568 3.149 13.484 13.614 10.353 13.444 9.781 1.767 13.819 11.733 4.793 5.965 0.000 11.681 6.645 7.863 13.831 14.810 8.900 15.833 6.279 17.032 6.180 4.897 15.548 16.102 12.353 10.426 3.482 12.792 13.758 14.431 16.188 1.235 11.171 2.423 12.395 6.533 3.597 2.684 12.790 17.614 11.669 8.344 13.147 12.697 17.544 11.715 9.386 13.285 8.659 9.779 6.258 14.904 3.987 7.948 17.484 8.674 14.974 10.973 16.157 4.039 11.554 2.624 13.251 3.497 15.743 11.192 8.563 5.734 6.076 10.706 17.121 13.229 1.619 14.789 12.869 6.014 3.360 16.709 14.894 14.322 3.559 6.569 2.885 12.029 12.469 5.631 0.328 2.570 12.062 19.165 14.949 10.781 1.893 14.580 10.772 8.879 3.083 17.747 10.972 8.990 11.844 20.543 5.903 15.175 4.037 18.384 2.954 13.898 7.332 
25 11.360 13.795 4.595 16.585 2.387 13.537 12.865 14.147 15.455 24.148 15.629 16.228 8.854 2.822 14.795 20.397 17.214 19.148 13.250 2.695 13.996 14.798 9.133 11.681 0.000 10.505 13.830 4.095 14.252 12.806 16.039 17.801 19.930 15.998 7.682 11.129 15.767 5.811 2.346 8.288 22.575 13.416 23.474 18.097 11.542 19.379 9.293 9.591 6.790 11.757 9.702 19.770 16.134 15.370 4.810 6.605 15.537 17.425 16.334 9.802 3.581 4.417 15.684 6.287 17.840 15.463 8.137 16.210 3.142 13.078 12.408 20.244 9.761 18.602 9.569 1.875 14.577 17.688 13.849 3.234 12.953 11.255 1.861 14.583 4.059 12.869 19.867 19.180 8.464 14.128 18.811 8.167 3.274 13.120 11.289 10.599 20.188 18.966 16.891 11.359 14.243 20.807 18.309 13.556 20.252 12.982 17.706 13.687 14.571 11.447 15.797 15.800 19.707 6.231 19.325 14.471 19.148 15.598 19.619 14.009 13.980 11.360 
26 1.002 10.947 7.042 6.080 9.630 3.039 3.130 4.401 4.981 13.691 6.535 10.923 4.722 10.889 7.095 10.472 7.782 8.987 6.803 11.471 5.330 11.427 1.538 6.645 10.505 0.000 3.326 10.530 8.166 2.810 9.258 9.970 11.198 6.538 8.300 9.426 9.483 7.921 8.311 6.599 12.396 7.113 13.049 9.975 5.479 8.908 6.318 6.296 3.824 9.823 4.371 9.312 10.969 5.822 5.703 8.391 6.568 10.975 6.390 3.006 10.162 6.106 5.262 4.602 8.970 8.077 2.732 10.840 7.626 8.392 4.355 10.816 9.145 8.116 7.373 11.287 9.935 9.517 4.859 7.581 2.948 1.026 8.780 10.533 9.820 8.202 9.946 8.826 2.185 6.237 10.579 9.726 11.780 4.714 0.815 8.608 9.700 8.566 8.699 6.451 7.976 10.384 12.555 8.325 10.060 6.158 8.703 4.484 4.125 9.250 11.110 5.719 10.355 7.177 13.925 12.492 9.724 9.855 12.083 6.519 7.265 1.002 
27 2.528 12.041 10.244 2.758 12.884 0.409 2.610 2.783 1.719 10.413 4.922 10.874 7.146 14.114 6.488 7.702 5.589 6.059 7.230 14.717 4.557 12.253 4.775 7.863 13.830 3.326 0.000 13.643 8.271 2.059 8.729 8.815 9.178 4.674 10.901 11.072 9.189 10.832 11.623 9.072 9.355 7.394 9.799 8.497 6.640 5.633 8.483 8.265 7.124 11.425 6.473 6.021 10.979 3.914 9.026 11.144 5.068 10.346 3.854 5.205 13.320 9.427 2.103 7.846 7.091 7.563 5.891 10.774 10.935 9.135 4.653 8.332 11.269 4.803 9.459 14.573 10.489 8.071 3.977 10.887 2.137 2.717 12.096 11.105 12.932 9.124 7.119 5.639 5.450 5.900 8.953 12.184 14.996 4.620 2.560 10.443 6.399 5.336 7.503 7.797 8.160 7.151 12.074 8.829 7.062 6.587 6.755 3.562 1.035 10.879 11.314 3.110 8.068 10.048 13.461 13.667 7.323 9.907 10.722 6.376 7.256 2.528 
28 11.131 16.747 7.173 16.331 1.938 13.448 13.451 13.136 15.045 24.013 14.099 13.210 10.710 1.434 12.751 20.985 15.732 19.516 15.130 2.013 12.464 17.682 9.555 13.831 4.095 10.530 13.643 0.000 11.696 12.119 13.513 19.453 17.898 16.845 10.805 7.734 13.099 3.115 3.592 10.833 22.918 11.063 23.429 15.906 13.351 19.258 11.667 7.161 7.637 14.776 11.389 19.153 13.083 14.112 5.550 3.440 13.954 14.664 15.255 8.710 0.594 5.197 15.148 7.629 16.009 17.181 7.805 13.213 5.538 10.241 10.906 18.576 12.891 18.117 12.237 2.668 17.107 15.547 12.484 5.655 13.392 11.485 3.520 11.366 0.711 15.259 18.566 18.374 8.999 15.580 16.618 4.450 1.830 14.300 11.340 13.478 19.984 18.246 18.365 13.505 16.262 20.792 15.269 10.819 20.585 14.713 15.952 12.446 14.144 14.369 12.639 14.869 20.686 3.878 16.127 17.669 17.535 17.868 17.093 15.599 11.683 11.131 
29 7.539 19.112 13.114 9.468 12.192 8.479 10.379 5.631 8.272 15.765 4.446 2.757 12.618 12.877 2.170 15.165 5.644 13.423 14.819 13.558 3.787 19.584 9.109 14.810 14.252 8.166 8.271 11.696 0.000 6.364 1.819 17.080 6.445 12.933 15.711 4.870 1.548 8.716 12.017 14.295 16.057 1.070 15.482 4.364 13.632 11.880 14.267 4.672 10.122 17.911 12.454 10.481 2.812 5.270 10.488 8.257 4.209 3.230 6.437 5.777 11.744 10.685 7.957 11.026 5.043 15.662 7.806 2.674 12.682 1.732 3.878 7.619 16.989 10.039 15.317 13.904 18.037 4.091 4.340 12.714 9.948 8.810 12.457 2.958 11.153 16.354 8.346 9.383 9.374 13.878 5.044 7.873 13.512 12.409 8.312 16.636 12.215 9.509 15.765 14.616 15.928 13.365 4.516 1.076 14.143 14.156 5.159 4.729 7.781 17.340 3.053 6.647 16.040 8.109 5.831 20.647 6.798 17.783 5.413 14.278 1.016 7.539 
30 1.818 13.202 9.742 4.316 11.578 2.168 4.044 1.592 2.972 11.933 3.787 9.046 7.449 12.737 4.792 9.687 4.972 8.003 8.615 13.373 2.860 13.544 4.318 8.900 12.806 2.810 2.059 12.119 6.364 0.000 7.049 10.748 8.419 6.688 11.094 9.022 7.424 9.172 10.507 9.360 11.193 5.429 11.391 7.326 7.670 7.245 8.985 6.282 6.440 12.309 6.976 7.064 9.134 3.016 8.032 9.381 3.850 8.732 3.636 3.440 11.854 8.406 3.030 7.292 6.202 9.304 4.669 8.951 10.136 7.112 2.617 8.010 11.826 5.999 10.026 13.326 11.882 6.874 2.300 10.107 3.597 2.891 10.993 9.124 11.415 10.331 7.218 6.386 4.916 7.538 7.889 10.281 13.596 6.105 2.443 11.180 7.913 6.200 9.431 8.766 9.666 8.814 10.415 6.840 8.954 7.951 5.920 1.875 2.101 11.743 9.417 3.022 10.125 8.377 11.806 14.801 6.916 11.492 9.499 7.960 5.362 1.818 
31 8.501 20.151 14.717 9.403 14.002 9.004 11.080 5.952 8.365 14.987 4.156 2.405 13.875 14.695 2.260 14.987 4.874 13.266 15.660 15.377 4.207 20.551 10.373 15.833 16.039 9.258 8.729 13.513 1.819 7.049 0.000 17.491 4.815 13.271 17.135 6.500 0.738 10.534 13.786 15.633 15.609 2.651 14.789 2.740 14.623 11.493 15.513 6.479 11.622 19.079 13.620 9.808 2.575 5.162 12.157 10.073 3.935 1.717 6.116 7.218 13.563 12.376 7.970 12.540 3.834 16.277 9.297 2.296 14.375 3.402 4.912 6.228 18.292 9.577 16.570 15.720 18.921 2.577 4.786 14.401 10.622 9.759 14.233 3.751 12.972 17.323 7.252 8.678 10.715 14.555 3.361 9.631 15.330 13.149 9.264 17.848 11.704 8.880 16.193 15.665 16.714 12.886 3.366 2.758 13.869 14.996 4.051 5.216 8.055 18.507 3.156 6.516 16.072 9.920 4.757 21.722 5.566 18.532 3.597 14.994 2.176 8.501 
32 10.055 7.339 13.215 8.557 18.004 8.603 6.952 11.551 9.239 10.886 13.472 19.684 8.961 19.328 15.277 5.693 13.586 6.183 4.577 19.739 13.365 6.757 10.241 6.279 17.801 9.970 8.815 19.453 17.080 10.748 17.491 0.000 16.910 4.237 11.120 19.344 17.985 17.435 16.295 9.753 7.952 16.174 10.079 16.828 6.260 8.393 8.687 16.253 11.822 8.394 8.156 10.675 19.792 12.425 13.914 18.076 13.660 19.050 11.821 12.946 18.955 14.287 9.701 11.874 15.205 2.338 12.345 19.583 14.705 17.836 13.351 15.436 9.824 9.760 8.827 19.253 5.122 16.455 12.787 14.602 7.299 8.979 16.636 19.871 18.793 5.684 13.672 11.295 10.644 3.898 17.131 19.591 20.202 5.326 9.390 8.558 9.036 10.860 1.317 6.573 3.790 8.466 20.794 17.587 6.723 4.825 14.840 12.376 9.438 8.189 20.127 11.207 3.716 16.784 22.169 8.613 14.740 3.580 19.013 3.858 16.066 10.055 
33 10.228 21.213 17.782 8.366 18.114 9.568 11.787 6.841 7.963 11.509 4.670 6.638 15.867 18.965 5.173 13.005 3.589 11.474 16.360 19.650 6.110 21.386 12.640 17.032 19.930 11.198 9.178 17.898 6.445 8.419 4.815 16.910 0.000 12.787 19.498 11.287 5.487 14.816 17.598 17.779 12.901 6.866 11.524 2.088 15.803 9.273 17.385 10.738 14.479 20.566 15.364 7.035 6.845 5.430 15.561 14.500 4.664 4.791 5.361 10.294 17.869 15.857 7.458 15.392 2.232 16.313 12.293 6.548 17.805 8.153 7.617 1.969 20.224 7.429 18.416 19.887 19.580 2.372 6.440 17.807 11.315 11.272 18.074 8.439 17.300 18.295 3.735 6.018 13.167 14.875 1.471 14.299 19.674 13.749 10.851 19.515 9.133 6.395 15.729 16.951 17.199 10.288 6.008 7.493 11.722 15.734 2.499 6.757 8.186 20.011 7.533 6.093 14.565 14.119 6.948 22.842 2.202 18.825 2.763 15.390 6.235 10.228 
34 6.341 9.364 11.658 4.431 15.677 4.521 3.429 7.350 5.006 9.065 9.236 15.493 7.486 16.992 11.072 4.455 9.388 3.609 4.663 17.502 9.181 9.214 7.290 6.180 15.998 6.538 4.674 16.845 12.933 6.688 13.271 4.237 12.787 0.000 10.749 15.566 13.781 14.421 14.115 8.992 6.801 12.067 8.271 12.609 5.356 5.134 8.027 12.589 9.369 9.533 6.582 7.089 15.607 8.189 11.527 14.926 9.424 14.817 7.606 9.320 16.416 11.932 5.475 9.722 11.005 3.667 9.199 15.391 12.866 13.797 9.305 11.429 10.214 5.982 8.651 17.162 7.329 12.229 8.609 12.783 3.600 5.514 14.529 15.779 16.147 6.684 9.750 7.478 7.856 2.876 12.933 16.243 17.889 3.011 5.811 9.056 5.958 7.043 2.974 6.318 4.977 5.889 16.563 13.502 4.645 4.301 10.642 8.208 5.217 9.107 15.967 6.977 3.845 13.695 17.936 10.937 10.653 6.246 14.805 3.378 11.917 6.341 
35 9.277 6.113 3.685 13.216 8.917 10.499 8.726 12.685 12.580 19.770 14.833 18.344 3.755 10.051 15.148 15.105 16.056 14.335 6.664 10.200 13.548 7.120 6.892 4.897 7.682 8.300 10.901 10.805 15.711 11.094 17.135 11.120 19.498 10.749 0.000 14.884 17.198 10.384 7.217 1.852 17.517 14.652 18.991 18.214 5.410 15.388 2.722 12.041 5.635 4.076 4.499 16.630 18.335 14.109 6.220 11.314 14.859 18.821 14.552 9.941 10.213 6.329 13.001 4.790 17.270 8.871 7.915 18.282 5.270 15.323 12.317 19.048 2.100 15.363 2.293 9.479 7.073 17.756 13.121 5.154 9.071 8.340 7.311 17.370 10.356 5.589 18.000 16.461 6.448 8.123 18.842 13.202 10.763 7.791 8.704 2.964 16.260 16.113 10.528 4.644 7.335 16.485 20.227 15.508 15.391 6.687 17.003 12.766 11.915 3.778 18.281 13.835 13.857 10.162 21.522 6.876 17.973 8.296 20.253 7.791 14.989 9.277 
36 9.297 19.571 11.555 13.061 8.796 11.117 12.396 9.086 11.721 20.101 8.806 5.594 12.710 9.099 6.722 18.665 10.257 16.949 16.099 9.735 7.539 20.257 9.619 15.548 11.129 9.426 11.072 7.734 4.870 9.022 6.500 19.344 11.287 15.566 14.884 0.000 5.907 5.339 9.257 13.931 19.955 4.791 19.720 9.199 14.553 15.814 14.265 3.168 9.451 17.984 12.893 14.813 5.444 9.341 8.768 4.529 8.587 7.254 10.609 6.421 7.960 8.779 11.560 10.163 9.881 17.503 7.605 5.615 10.559 3.141 6.567 12.480 16.600 14.144 15.217 10.275 19.024 8.953 7.900 10.631 12.078 10.380 9.591 3.655 7.362 17.166 13.081 13.781 9.537 15.663 9.853 3.373 9.544 14.139 9.956 16.612 16.301 13.826 18.049 15.280 17.301 17.373 7.601 3.802 17.830 15.483 9.964 8.126 10.987 17.444 4.940 10.580 19.137 5.101 8.397 20.929 11.620 19.168 9.853 15.937 5.374 9.297 
37 8.779 20.417 14.654 10.007 13.675 9.444 11.468 6.435 8.927 15.714 4.774 1.750 14.030 14.317 2.709 15.626 5.583 13.898 16.004 14.995 4.634 20.849 10.519 16.102 15.767 9.483 9.189 13.099 1.548 7.424 0.738 17.985 5.487 13.781 17.198 5.907 0.000 10.173 13.547 15.746 16.297 2.558 15.508 3.433 14.904 12.166 15.675 6.177 11.631 19.284 13.820 10.520 1.900 5.751 12.036 9.662 4.546 1.683 6.759 7.257 13.177 12.233 8.550 12.541 4.572 16.704 9.310 1.642 14.230 2.883 5.132 6.952 18.426 10.259 16.730 15.370 19.252 3.299 5.216 14.262 11.017 10.047 13.983 3.018 12.580 17.617 7.990 9.392 10.820 14.959 4.021 9.111 14.924 13.527 9.549 18.030 12.398 9.585 16.681 15.923 17.081 13.576 3.076 2.281 14.526 15.340 4.787 5.639 8.566 18.712 2.441 7.122 16.667 9.594 4.442 21.973 6.304 18.915 4.008 15.385 2.234 8.779 
38 8.380 15.837 6.767 13.451 3.544 10.680 10.992 10.093 12.133 21.104 10.987 10.475 9.221 4.168 9.656 18.368 12.619 16.823 13.394 4.853 9.355 16.675 7.227 12.353 5.811 7.921 10.832 3.115 8.716 9.172 10.534 17.435 14.816 14.421 10.384 5.339 10.173 0.000 3.954 9.880 20.178 8.015 20.551 12.846 11.646 16.388 10.502 4.092 5.824 14.006 9.721 16.147 10.370 11.022 4.228 0.947 10.840 11.788 12.183 5.733 3.054 4.061 12.197 6.172 12.901 15.263 5.222 10.464 5.478 7.378 7.806 15.462 12.330 15.151 11.280 5.197 15.801 12.476 9.390 5.569 10.861 8.928 4.260 8.779 2.485 13.904 15.459 15.333 6.791 13.539 13.561 2.831 4.859 12.140 8.704 12.638 17.081 15.223 16.260 12.040 14.583 17.943 12.556 7.908 17.865 12.889 12.839 9.369 11.241 13.524 10.004 11.827 18.258 0.797 13.533 16.984 14.420 16.327 14.129 13.646 8.627 8.380 
39 9.122 13.167 3.585 14.380 1.773 11.349 10.860 11.821 13.214 21.998 13.283 14.107 7.378 3.059 12.475 18.445 14.870 17.118 11.841 3.446 11.651 14.111 7.021 10.426 2.346 8.311 11.623 3.592 12.017 10.507 13.786 16.295 17.598 14.115 7.217 9.257 13.547 3.954 0.000 7.290 20.551 11.148 21.344 15.784 10.075 17.217 8.172 7.394 4.757 11.187 8.141 17.510 14.025 13.031 2.632 4.862 13.191 15.217 14.008 7.458 3.002 2.222 13.422 4.453 15.499 13.979 5.840 14.082 1.947 10.930 10.063 17.898 9.299 16.361 8.681 3.048 13.606 15.370 11.504 2.064 10.902 9.122 0.488 12.558 3.153 11.787 17.531 16.891 6.372 12.495 16.496 6.646 3.913 11.350 9.111 9.898 18.010 16.688 15.289 10.098 12.925 18.676 16.180 11.372 18.217 11.485 15.363 11.345 12.322 10.787 13.732 13.486 17.898 4.184 17.250 14.078 16.802 14.448 17.349 12.446 11.698 9.122 
40 7.552 5.978 3.767 11.365 9.060 8.667 6.874 10.945 10.742 17.973 13.127 16.982 1.934 10.305 13.578 13.393 14.300 12.555 5.190 10.570 11.906 6.868 5.277 3.482 8.288 6.599 9.072 10.833 14.295 9.360 15.633 9.753 17.779 8.992 1.852 13.931 15.746 9.880 7.290 0.000 15.785 13.227 17.200 16.566 3.724 13.552 1.066 10.942 4.484 4.134 2.648 14.778 16.987 12.366 5.658 10.767 13.166 17.336 12.760 8.525 10.259 5.878 11.168 3.805 15.557 7.439 6.600 16.914 5.416 14.052 10.756 17.266 2.717 13.511 1.415 9.942 6.336 16.108 11.453 5.299 7.220 6.555 7.501 16.148 10.296 4.582 16.181 14.615 4.925 6.475 17.177 12.623 11.101 6.004 6.941 2.760 14.424 14.265 9.028 3.180 6.044 14.672 18.803 14.181 13.623 5.096 15.280 11.084 10.091 3.644 16.985 12.037 12.244 9.527 20.126 7.116 16.200 7.311 18.646 6.200 13.518 7.552 
41 11.808 15.134 18.376 6.922 21.989 9.500 9.711 10.869 8.281 3.037 11.623 18.014 14.275 23.268 13.894 2.446 10.758 3.433 11.105 23.831 12.500 14.660 13.539 12.792 22.575 12.396 9.355 22.918 16.057 11.193 15.609 7.952 12.901 6.801 17.517 19.955 16.297 20.178 20.551 15.785 0.000 15.530 2.297 13.791 12.107 4.182 14.801 17.449 15.812 15.817 13.373 5.936 18.183 10.807 17.921 20.498 11.861 16.699 9.621 14.548 22.557 18.332 8.399 16.296 12.112 9.299 15.113 17.905 19.482 17.435 13.407 10.986 16.807 6.041 15.359 23.585 12.911 13.588 12.078 19.407 9.650 11.478 20.994 18.998 22.207 12.918 9.166 7.047 14.180 9.439 13.760 21.474 24.163 9.810 11.582 15.588 3.912 6.773 7.659 12.977 10.971 2.724 18.344 16.940 2.339 10.905 11.791 11.830 9.100 15.479 18.732 9.460 4.238 19.398 19.544 16.512 10.826 11.442 15.570 9.844 15.132 11.808 
42 6.512 18.055 12.105 8.801 11.426 7.575 9.405 4.863 7.549 15.426 4.063 3.814 11.547 12.183 1.935 14.507 5.467 12.764 13.798 12.868 3.064 18.537 8.040 13.758 13.416 7.113 7.394 11.063 1.070 5.429 2.651 16.174 6.866 12.067 14.652 4.791 2.558 8.015 11.148 13.227 15.530 0.000 15.094 4.845 12.585 11.349 13.197 3.924 9.075 16.844 11.387 10.125 3.856 4.733 9.515 7.645 3.835 4.222 5.968 4.714 11.066 9.728 7.277 9.983 5.179 14.697 6.755 3.735 11.727 1.906 2.874 7.802 15.920 9.569 14.247 13.167 17.004 4.498 3.566 11.755 8.984 7.781 11.599 3.712 10.485 15.308 8.294 9.061 8.305 12.899 5.555 7.487 12.858 11.417 7.284 15.566 11.748 9.141 14.858 13.560 14.918 12.870 5.579 1.454 13.537 13.136 5.221 3.917 6.986 16.272 4.033 6.070 15.283 7.361 6.901 19.586 6.881 16.779 6.203 13.288 0.633 6.512 
43 12.326 17.107 19.480 7.103 22.670 10.028 10.713 10.751 8.420 0.818 11.054 17.167 15.558 23.910 13.318 4.398 9.929 4.663 12.822 24.507 12.181 16.699 14.344 14.431 23.474 13.049 9.799 23.429 15.482 11.391 14.789 10.079 11.524 8.271 18.991 19.720 15.508 20.551 21.344 17.200 2.297 15.094 0.000 12.691 13.622 4.171 16.270 17.472 16.685 17.635 14.674 5.005 17.350 10.389 18.719 20.769 11.289 15.692 9.132 14.827 23.116 19.127 8.400 17.265 11.088 11.202 15.687 17.059 20.450 16.989 13.306 9.560 18.469 5.583 16.922 24.335 14.902 12.553 11.841 20.385 10.555 12.227 21.806 18.358 22.719 14.734 7.857 6.121 15.011 11.080 12.552 21.564 24.794 11.200 12.240 17.286 3.485 5.973 9.640 14.583 12.834 2.668 17.254 16.441 3.656 12.539 10.803 11.665 9.310 17.259 17.945 9.150 6.379 19.757 18.370 18.540 9.603 13.482 14.266 11.533 14.627 12.326 
44 9.061 20.459 16.227 8.334 16.205 8.851 11.070 5.852 7.612 12.789 3.597 4.741 14.696 17.009 3.314 13.534 3.284 11.888 15.716 17.694 4.666 20.727 11.322 16.188 18.097 9.975 8.497 15.906 4.364 7.326 2.740 16.828 2.088 12.609 18.214 9.199 3.433 12.846 15.784 16.566 13.791 4.845 12.691 0.000 14.954 9.859 16.276 8.755 12.971 19.634 14.284 7.860 4.944 4.583 13.872 12.489 3.492 3.036 5.008 8.651 15.900 14.144 7.135 13.895 1.711 15.952 10.711 4.643 16.121 6.066 6.008 3.574 19.112 7.927 17.325 17.964 18.983 0.458 5.116 16.131 10.593 10.216 16.252 6.426 15.323 17.557 4.883 6.744 11.789 14.374 0.717 12.229 17.697 13.113 9.755 18.503 9.899 7.038 15.582 16.071 16.655 11.089 4.568 5.406 12.316 15.067 2.065 5.501 7.603 19.068 5.616 5.639 14.885 12.170 5.757 22.073 3.121 18.377 2.226 14.863 4.223 9.061 
45 6.127 5.536 6.963 8.391 11.810 6.242 4.061 9.102 8.095 14.411 11.362 16.389 2.706 13.126 12.397 9.696 12.216 8.959 1.779 13.512 10.509 5.952 4.934 1.235 11.542 5.479 6.640 13.351 13.632 7.670 14.623 6.260 15.803 5.356 5.410 14.553 14.904 11.646 10.075 3.724 12.107 12.585 13.622 14.954 0.000 10.191 2.702 11.388 5.839 4.791 1.963 11.705 16.440 10.434 7.806 12.396 11.462 16.332 10.494 8.298 12.827 8.155 8.580 5.722 13.671 3.925 6.993 16.304 8.446 13.849 9.780 14.948 4.963 10.456 3.306 13.003 4.493 14.508 9.965 8.342 4.518 4.864 10.399 15.994 12.719 2.723 13.607 11.734 5.074 2.752 15.474 14.088 13.988 2.502 5.359 3.930 11.057 11.342 5.388 1.164 2.941 11.173 17.962 13.802 10.000 1.442 13.348 9.544 7.660 4.256 16.589 9.750 8.522 11.087 19.343 7.131 13.958 4.705 17.151 2.511 12.709 6.127 
46 8.161 14.491 15.514 2.937 18.514 5.875 6.796 6.741 4.274 4.784 7.455 13.897 11.789 19.747 9.720 3.732 6.696 2.307 9.770 20.348 8.327 14.296 10.249 11.171 19.379 8.908 5.633 19.258 11.880 7.245 11.493 8.393 9.273 5.134 15.388 15.814 12.166 16.388 17.217 13.552 4.182 11.349 4.171 9.859 10.191 0.000 12.704 13.409 12.603 14.630 10.940 2.366 14.061 6.625 14.600 16.625 7.692 12.668 5.449 10.673 18.947 15.006 4.305 13.229 8.152 8.676 11.524 13.788 16.396 13.255 9.296 7.505 15.150 1.938 13.475 20.191 12.417 9.610 7.919 16.336 6.569 8.125 17.683 14.826 18.548 11.809 5.644 3.258 10.921 7.982 9.923 17.478 20.629 7.690 8.105 14.054 0.872 2.881 7.484 11.263 10.101 1.577 14.354 12.759 2.464 9.347 7.810 7.690 5.152 14.182 14.592 5.281 5.406 15.596 15.606 16.051 7.092 11.215 11.795 8.499 10.950 8.161 
47 7.215 5.367 4.726 10.637 9.944 8.074 6.143 10.547 10.109 17.050 12.772 16.989 1.650 11.213 13.395 12.396 13.859 11.612 4.123 11.509 11.647 6.174 5.159 2.423 9.293 6.318 8.483 11.667 14.267 8.985 15.513 8.687 17.385 8.027 2.722 14.265 15.675 10.502 8.172 1.066 14.801 13.197 16.270 16.276 2.702 12.704 0.000 11.200 4.858 3.733 2.027 14.032 17.008 11.956 6.330 11.359 12.828 17.227 12.255 8.552 11.103 6.594 10.556 4.334 15.181 6.373 6.759 16.916 6.348 14.154 10.604 16.767 2.841 12.767 1.058 10.908 5.441 15.819 11.163 6.233 6.526 6.113 8.415 16.277 11.101 3.619 15.599 13.931 4.935 5.442 16.863 13.183 12.029 5.073 6.543 2.389 13.575 13.566 7.966 2.116 4.990 13.773 18.748 14.233 12.669 4.043 14.889 10.774 9.515 3.183 17.049 11.520 11.205 10.087 20.092 6.665 15.720 6.318 18.399 5.149 13.442 7.215 
48 6.258 16.463 8.962 10.532 7.523 8.250 9.329 6.727 9.172 17.938 7.144 6.747 9.614 8.259 5.599 15.958 8.756 14.283 12.932 8.944 5.584 17.124 6.453 12.395 9.591 6.296 8.265 7.161 4.672 6.282 6.479 16.253 10.738 12.589 12.041 3.168 6.177 4.092 7.394 10.942 17.449 3.924 17.472 8.755 11.388 13.409 11.200 0.000 6.468 14.932 9.754 12.760 6.681 7.368 6.193 3.787 6.970 7.834 8.609 3.307 7.145 6.309 9.103 7.256 8.878 14.364 4.473 6.715 8.259 3.560 4.198 11.473 13.643 11.914 12.180 9.250 15.864 8.389 5.757 8.308 9.040 7.273 7.820 5.404 6.568 14.013 11.636 11.831 6.395 12.528 9.469 4.104 8.942 11.008 6.871 13.570 13.994 11.792 14.969 12.132 14.134 14.986 8.806 3.979 15.232 12.317 8.845 5.851 8.354 14.382 6.462 8.395 16.259 3.444 9.930 17.853 10.462 16.001 10.074 12.788 4.534 6.258 
49 4.770 10.219 3.323 9.856 6.318 6.804 6.108 7.958 8.802 17.363 9.853 12.720 3.428 7.640 9.763 13.689 11.283 12.380 7.603 8.135 8.377 10.986 2.360 6.533 6.790 3.824 7.124 7.637 10.122 6.440 11.622 11.822 14.479 9.369 5.635 9.451 11.631 5.824 4.757 4.484 15.812 9.075 16.685 12.971 5.839 12.603 4.858 6.468 0.000 8.546 3.899 13.132 12.707 9.328 2.161 6.615 9.828 13.279 10.076 4.407 7.155 2.564 9.086 0.926 12.260 9.571 2.325 12.661 3.812 9.687 6.967 14.362 7.176 11.927 5.774 7.804 10.001 12.520 8.047 3.762 6.170 4.481 5.187 11.743 6.972 8.101 13.658 12.646 1.684 7.943 13.640 8.385 8.535 6.682 4.564 7.170 13.423 12.390 10.728 6.224 8.779 14.018 14.631 9.878 13.482 7.133 12.043 7.765 7.949 8.015 12.646 9.449 13.171 5.314 15.908 11.509 13.254 10.504 14.893 7.974 9.452 4.770 
