param n := 56;
param m := 7;
param L := 45;
param Q := 6;
param T := 480;
param t :
    1   2   3   4   5   6   7   8   9  10  11  12  13  14  15  16  17  18  19  20  21  22  23  24  25  26  27  28  29  30  31  32  33  34  35  36  37  38  39  40  41  42  43  44  45  46  47  48  49  50  51  52  53  54  55  56  57  58  59  60  61  62  63  64  65  66  67  68  69  70  71  72  73  74  75  76  77  78  79  80  81  82  83  84  85  86  87  88  89  90  91  92  93  94  95  96  97  98  99 100 101 102 103 104 105 106 107 108 109 110 111 112 113 114 :=
1 0.000 9.432 6.744 9.780 5.587 7.245 8.789 9.976 7.854 8.019 4.697 8.697 9.640 9.097 8.148 10.113 11.613 8.858 10.010 9.598 6.827 13.335 2.222 10.028 9.317 6.298 10.082 10.208 5.604 9.388 12.274 11.412 5.296 8.992 2.191 3.404 9.453 8.142 5.187 4.778 3.138 4.021 1.416 7.527 7.490 9.700 6.998 5.336 9.019 10.293 6.740 9.326 7.887 9.346 6.815 5.963 9.063 12.009 10.092 4.784 8.295 3.340 5.193 6.768 8.409 7.363 4.939 9.925 3.991 7.988 2.164 3.261 9.712 6.196 12.004 9.054 11.881 9.268 7.603 10.846 7.773 8.480 7.403 9.178 11.059 9.836 7.909 11.679 5.486 10.036 11.765 7.411 7.462 3.033 5.060 11.735 5.787 9.242 5.843 0.880 11.579 7.558 5.823 7.811 8.572 8.881 4.954 8.548 10.749 7.601 4.080 6.995 7.098 0.000 
2 9.432 0.000 14.169 15.465 3.938 5.023 18.188 5.395 17.104 16.964 6.927 9.185 12.192 8.129 7.174 18.039 19.989 17.647 16.572 18.992 15.379 21.917 11.600 19.431 15.666 11.154 18.378 17.435 13.807 3.174 11.857 4.613 14.336 14.241 7.294 12.270 0.729 6.361 14.040 13.160 6.726 6.210 9.163 4.433 16.351 13.362 15.154 8.083 2.331 5.597 15.314 2.476 14.222 9.036 16.077 13.235 4.196 19.734 0.820 14.062 16.743 6.095 14.435 6.470 9.280 4.468 9.449 18.579 12.929 16.394 11.207 6.533 11.990 9.945 19.763 17.973 5.688 13.136 6.555 15.857 13.597 14.382 8.894 4.405 19.309 13.755 5.858 9.124 14.641 18.782 9.254 2.256 10.854 6.660 7.693 20.548 13.305 9.374 7.578 10.088 20.021 8.305 10.115 15.476 15.373 4.332 10.381 4.630 18.055 12.110 10.298 12.879 10.085 9.432 
3 6.744 14.169 0.000 3.641 11.102 9.870 8.568 16.293 8.964 4.175 11.360 7.982 16.122 9.224 9.027 3.872 5.918 4.305 3.329 7.532 10.161 7.912 6.435 7.964 14.310 3.778 4.331 14.299 9.944 15.225 10.263 17.354 3.500 3.538 7.782 3.722 14.474 9.607 2.972 2.272 7.742 8.017 5.863 13.751 3.580 5.444 10.872 6.389 14.626 16.620 2.403 14.961 13.186 8.796 8.293 0.936 15.191 15.215 14.967 7.295 3.040 9.024 7.602 8.514 15.145 10.320 11.565 12.115 3.519 11.168 4.769 7.943 6.737 12.793 15.171 4.832 18.020 5.057 14.226 16.377 2.421 2.602 14.140 11.770 5.199 15.941 9.767 11.495 8.042 5.173 11.512 12.741 13.981 7.929 11.797 6.855 10.785 15.985 12.575 6.983 5.989 14.301 4.605 12.021 13.386 11.545 11.362 14.803 4.084 13.813 10.437 12.753 13.723 6.744 
4 9.780 15.465 3.641 0.000 13.084 10.609 11.915 18.524 12.495 7.084 14.097 7.358 19.387 8.766 9.039 4.737 6.859 6.779 1.691 10.492 13.802 8.738 9.904 10.872 17.914 4.359 5.730 17.940 13.554 17.126 8.328 19.247 7.115 1.257 10.248 7.211 15.910 9.801 6.605 5.855 9.847 9.809 8.617 15.995 6.644 3.152 14.510 7.402 16.406 18.851 5.722 16.741 16.750 8.044 11.884 4.023 17.304 18.824 16.285 10.934 5.523 11.325 11.242 9.122 18.114 11.141 14.716 15.676 7.111 14.803 8.084 10.031 4.990 15.970 18.778 7.349 20.048 3.016 16.832 19.931 2.065 1.302 17.114 12.177 6.138 19.366 10.134 10.435 11.682 7.151 10.411 14.481 17.216 10.103 14.671 8.403 14.354 18.908 15.415 10.202 7.038 17.181 5.383 15.655 16.998 12.021 14.641 17.030 3.623 17.189 13.725 16.239 16.877 9.780 
5 5.587 3.938 11.102 13.084 0.000 4.509 14.280 5.480 13.169 13.397 3.445 8.342 9.601 7.825 6.660 14.894 16.690 14.152 13.907 15.186 11.475 18.545 7.706 15.615 12.157 8.755 15.093 13.772 9.924 4.124 11.753 6.255 10.703 11.960 3.565 8.662 3.877 6.088 10.474 9.734 3.362 3.279 5.558 3.036 12.814 11.635 11.294 5.918 3.557 5.802 11.874 3.886 10.667 8.556 12.144 10.176 4.222 15.999 4.533 10.135 13.375 2.276 10.503 5.334 6.993 4.172 5.933 14.680 9.312 12.513 7.515 3.160 10.710 6.708 16.021 14.424 6.979 11.310 4.591 12.703 11.063 11.867 6.276 5.523 16.054 10.823 5.589 9.783 10.704 15.316 9.905 1.823 7.843 3.181 4.341 17.064 9.500 7.432 4.536 6.187 16.695 5.886 7.780 11.695 11.755 5.264 6.775 4.011 15.149 8.887 6.540 9.362 7.108 5.587 
6 7.245 5.023 9.870 10.609 4.509 0.000 15.660 9.400 14.971 13.293 7.651 4.229 13.999 3.404 2.288 13.696 15.788 13.810 11.852 15.898 14.049 17.780 9.385 16.358 15.812 6.435 14.198 17.109 12.717 7.438 7.339 9.363 10.936 9.362 5.252 8.970 5.592 1.599 10.509 9.421 4.143 3.238 6.285 7.304 12.644 8.349 14.134 3.482 6.566 9.688 11.474 6.866 14.302 4.230 13.942 8.974 8.049 19.107 5.829 11.944 12.729 4.837 12.367 1.489 11.487 0.555 9.876 17.170 9.591 15.196 8.233 4.064 6.978 10.868 19.111 14.227 10.348 8.138 9.082 16.736 8.865 9.618 10.728 2.032 15.066 15.050 1.084 5.293 12.694 14.863 5.413 4.849 12.103 4.322 8.564 16.613 12.643 11.941 8.917 8.109 15.857 10.379 5.419 14.808 15.244 1.758 10.535 8.101 13.482 12.968 10.026 13.108 11.411 7.245 
7 8.789 18.188 8.568 11.915 14.280 15.660 0.000 17.694 1.713 4.976 12.277 15.588 13.457 16.514 15.885 8.393 8.004 5.649 10.819 2.392 4.645 8.497 6.590 2.469 9.038 11.576 7.490 7.839 5.905 17.702 18.513 19.524 5.345 12.085 10.975 6.858 18.154 16.157 5.918 7.113 11.809 12.611 9.413 15.594 5.297 13.993 5.552 12.785 17.506 17.970 6.224 17.783 8.755 16.391 2.390 8.781 17.118 7.659 18.813 4.193 6.593 12.100 3.885 14.790 14.157 15.892 10.673 4.318 6.345 4.801 7.429 11.963 15.100 11.374 7.588 5.208 19.740 13.590 14.836 11.455 10.982 11.119 13.347 17.680 8.044 12.254 16.077 19.074 3.834 6.142 19.125 16.084 11.934 11.764 12.060 6.749 7.053 15.030 12.741 8.101 7.803 13.870 11.922 6.513 8.149 17.393 9.836 16.481 9.920 10.918 9.217 9.271 12.174 8.789 
8 9.976 5.395 16.293 18.524 5.480 9.400 17.694 0.000 16.256 17.978 5.485 13.556 7.881 12.795 11.686 19.956 21.572 18.832 19.260 19.114 13.841 23.310 11.628 19.494 12.568 14.219 20.018 14.642 12.225 2.222 16.708 2.200 15.261 17.422 8.512 13.362 4.679 10.972 15.161 14.644 8.692 8.747 10.476 2.547 17.463 17.101 13.313 11.391 3.092 0.328 16.694 2.920 11.353 13.628 15.338 15.392 1.350 17.072 5.071 13.557 18.243 7.283 13.821 10.552 5.029 8.913 7.192 16.809 13.964 14.599 12.129 8.502 16.095 6.975 17.122 19.011 2.056 16.783 2.946 12.043 16.484 17.285 5.175 9.525 20.994 9.749 10.442 14.259 13.866 20.009 14.388 4.551 7.310 8.453 5.638 21.696 11.345 4.723 5.003 10.228 21.545 4.486 13.255 13.225 12.581 9.374 8.151 1.497 20.376 8.750 8.559 10.049 6.626 9.976 
9 7.854 17.104 8.964 12.495 13.169 14.971 1.713 16.256 0.000 5.943 10.912 15.351 11.757 16.160 15.431 9.463 9.373 6.761 11.582 4.009 2.933 10.054 5.637 4.150 7.363 11.543 8.655 6.303 4.255 16.398 18.481 18.149 5.506 12.498 10.037 6.563 17.015 15.621 6.074 7.170 10.969 11.818 8.688 14.250 6.105 14.258 3.839 12.344 16.261 16.522 6.789 16.524 7.043 16.132 1.039 8.999 15.753 6.474 17.688 3.073 7.492 11.070 2.677 14.234 12.543 15.151 9.147 3.197 6.175 3.148 6.856 11.104 15.182 9.776 6.415 6.406 18.310 13.835 13.361 9.780 11.312 11.564 11.762 16.960 9.319 10.542 15.488 18.757 2.473 7.445 18.818 14.942 10.276 10.884 10.620 8.269 5.382 13.407 11.268 7.080 9.189 12.308 11.743 4.817 6.460 16.667 8.272 15.097 10.924 9.226 7.715 7.572 10.548 7.854 
10 8.019 16.964 4.175 7.084 13.397 13.293 4.976 17.978 5.943 0.000 12.579 12.040 15.870 13.204 12.853 3.523 3.931 0.969 5.867 3.428 8.103 5.382 6.512 3.834 12.695 7.811 2.801 12.080 8.560 17.367 14.438 19.419 2.723 7.452 9.833 4.735 17.130 13.331 2.929 3.881 10.240 10.801 7.848 15.546 0.654 9.523 8.991 9.934 16.930 18.292 1.888 17.250 11.924 12.861 5.672 4.746 17.081 12.413 17.709 5.743 1.621 11.132 5.830 12.096 15.661 13.665 11.911 9.099 4.087 8.819 5.911 10.435 10.908 12.972 12.352 1.035 19.900 9.164 15.462 15.020 6.525 6.473 14.701 15.294 3.625 15.183 13.401 15.579 6.167 2.082 15.605 15.187 13.928 10.326 12.728 3.718 9.658 16.552 13.510 7.774 3.824 15.044 8.473 10.153 11.740 15.039 11.378 16.564 4.988 13.338 10.513 11.924 13.896 8.019 
11 4.697 6.927 11.360 14.097 3.445 7.651 12.277 5.485 10.912 12.579 0.000 10.925 6.376 10.711 9.554 14.810 16.278 13.462 14.542 13.631 8.744 17.946 6.155 14.015 8.779 10.089 14.765 10.508 7.122 5.515 14.521 7.248 9.884 13.147 3.908 8.091 6.604 9.132 9.841 9.473 4.663 5.232 5.533 3.340 12.094 13.363 8.385 7.888 5.504 5.783 11.419 5.726 7.312 11.310 9.954 10.522 4.844 12.816 7.295 8.106 12.975 3.185 8.392 8.099 4.187 7.420 2.536 11.880 8.652 9.660 6.853 4.549 12.845 3.271 12.846 13.605 7.500 12.974 2.908 9.259 12.035 12.802 3.262 8.924 15.741 7.424 8.684 12.924 8.473 14.636 13.039 4.685 4.458 4.360 0.915 16.290 6.465 4.885 1.399 4.805 16.234 3.146 9.298 8.594 8.449 8.653 3.454 4.206 15.410 5.443 3.454 5.982 3.760 4.697 
12 8.697 9.185 7.982 7.358 8.342 4.229 15.588 13.556 15.351 12.040 10.925 0.000 17.244 1.410 2.018 11.372 13.584 12.281 8.886 15.179 15.234 15.585 10.345 15.636 17.989 4.231 12.114 18.880 14.221 11.654 3.647 13.591 10.310 6.128 7.467 8.796 9.792 2.845 9.764 8.548 6.408 5.704 7.331 11.323 11.400 4.536 15.567 3.369 10.790 13.855 10.158 11.092 16.530 0.821 14.405 7.297 12.211 20.547 9.969 12.628 11.020 7.756 13.052 3.020 15.041 4.767 12.711 18.067 9.252 16.404 8.619 6.469 2.873 13.870 20.533 12.794 14.575 4.460 12.893 19.340 6.135 6.711 14.172 5.154 12.831 17.976 3.329 3.543 13.459 13.137 3.576 9.023 15.177 6.702 11.781 14.767 14.483 15.614 12.303 9.541 13.706 13.944 3.673 16.466 17.266 5.080 13.138 12.199 10.741 15.770 12.425 15.520 14.574 8.697 
13 9.640 12.192 16.122 19.387 9.601 13.999 13.457 7.881 11.757 15.870 6.376 17.244 0.000 17.083 15.929 18.883 19.802 16.838 19.450 15.542 8.835 21.075 9.764 15.787 5.533 15.847 18.524 7.720 7.623 9.524 20.866 10.054 13.569 18.632 9.907 12.424 11.630 15.502 13.777 13.912 10.867 11.541 10.933 7.759 15.589 19.236 7.977 14.079 10.063 7.950 15.356 10.098 4.928 17.665 11.179 15.456 8.411 10.078 12.236 10.203 16.805 9.494 10.227 14.470 2.946 13.732 4.732 10.933 12.768 9.043 11.364 10.787 18.964 3.478 10.147 16.775 9.549 18.817 5.648 4.284 17.405 18.094 3.358 15.111 19.443 1.980 15.046 19.286 10.014 17.908 19.403 10.252 2.180 10.566 5.484 19.273 6.451 3.176 5.085 9.190 19.690 3.891 15.213 7.287 5.974 14.859 4.761 7.771 19.857 2.571 5.686 4.186 2.676 9.640 
14 9.097 8.129 9.224 8.766 7.825 3.404 16.514 12.795 16.160 13.204 10.711 1.410 17.083 0.000 1.168 12.711 14.917 13.499 10.282 16.253 15.814 16.923 10.932 16.714 18.263 5.446 13.423 19.299 14.694 10.793 3.941 12.643 11.318 7.532 7.578 9.665 8.776 1.826 10.791 9.585 6.453 5.636 7.810 10.698 12.557 5.927 16.073 3.851 9.907 13.080 11.316 10.192 16.777 0.922 15.184 8.487 11.445 21.080 8.885 13.328 12.262 7.628 13.757 2.615 14.718 3.884 12.699 18.751 10.173 16.986 9.332 6.470 4.199 13.799 21.072 13.998 13.662 5.865 12.416 19.461 7.490 8.093 13.902 3.904 14.165 17.960 2.356 2.612 14.145 14.396 2.686 8.245 15.084 6.724 11.600 16.053 14.849 15.227 12.049 9.968 15.032 13.611 4.737 16.907 17.591 3.875 13.221 11.505 12.125 15.794 12.576 15.694 14.438 9.097 
15 8.148 7.174 9.027 9.039 6.660 2.288 15.885 11.686 15.431 12.853 9.554 2.018 15.929 1.168 0.000 12.675 14.852 13.226 10.455 15.776 14.928 16.862 10.075 16.238 17.222 5.292 13.314 18.318 13.751 9.720 5.096 11.618 10.798 7.784 6.515 9.030 7.790 0.830 10.297 9.113 5.378 4.532 6.920 9.551 12.200 6.434 15.145 3.100 8.843 11.976 10.972 9.138 15.728 1.942 14.436 8.220 10.336 20.156 7.954 12.531 12.034 6.493 12.961 1.482 13.551 2.800 11.577 17.923 9.578 16.098 8.576 5.380 4.872 12.662 20.151 13.700 12.618 6.296 11.251 18.365 7.547 8.222 12.738 3.194 14.107 16.831 1.316 3.554 13.335 14.183 3.649 7.135 13.942 5.638 10.447 15.882 13.854 14.059 10.887 9.026 14.950 12.443 4.427 15.943 16.571 3.090 12.123 10.375 12.227 14.677 11.501 14.620 13.289 8.148 
16 10.113 18.039 3.872 4.737 14.894 13.696 8.393 19.956 9.463 3.523 14.810 11.372 18.883 12.711 12.675 0.000 2.218 2.744 3.110 6.448 11.563 4.213 9.177 6.738 16.111 7.390 1.059 15.587 11.869 19.006 12.963 21.125 5.315 5.605 11.472 6.741 18.335 13.317 5.134 5.339 11.546 11.871 9.482 17.432 3.495 7.767 12.429 10.216 18.438 20.281 3.531 18.771 15.246 12.150 9.182 4.804 18.908 15.926 18.834 9.025 2.123 12.750 9.179 12.304 18.319 14.160 14.609 12.601 6.245 12.325 7.968 11.749 9.489 15.765 15.864 3.215 21.747 7.527 17.714 18.391 5.242 4.767 17.326 15.552 1.466 18.379 13.521 14.748 9.554 2.597 14.744 16.571 16.838 11.714 15.129 3.667 12.910 19.191 15.919 10.134 2.360 17.576 8.332 13.600 15.155 15.339 14.222 18.481 1.567 16.414 13.314 15.112 16.703 10.113 
17 11.613 19.989 5.918 6.859 16.690 15.788 8.004 21.572 9.373 3.931 16.278 13.584 19.802 14.917 14.852 2.218 0.000 2.964 5.182 5.730 11.856 2.010 10.347 5.884 16.478 9.561 1.611 15.666 12.447 20.767 15.147 22.865 6.436 7.798 13.187 8.213 20.247 15.476 6.438 6.968 13.383 13.786 11.173 19.082 4.261 9.945 12.770 12.307 20.247 21.893 4.878 20.576 15.790 14.365 9.336 6.824 20.590 15.662 20.772 9.656 3.332 14.485 9.716 14.424 19.534 16.236 15.786 12.321 7.628 12.443 9.450 13.585 11.692 16.874 15.591 3.083 23.429 9.721 19.183 18.841 7.459 6.980 18.562 17.678 0.753 19.094 15.662 16.966 10.026 1.958 16.962 18.416 17.851 13.524 16.503 1.779 13.564 20.421 17.291 11.497 0.237 18.876 10.475 13.909 15.529 17.458 15.287 20.121 3.325 17.268 14.411 15.842 17.802 11.613 
18 8.858 17.647 4.305 6.779 14.152 13.810 5.649 18.832 6.761 0.969 13.462 12.281 16.838 13.499 13.226 2.744 2.964 0.000 5.408 3.791 9.027 4.484 7.436 4.132 13.631 8.060 1.898 12.963 9.521 18.161 14.473 20.229 3.578 7.302 10.597 5.512 17.839 13.748 3.692 4.490 10.939 11.453 8.594 16.380 1.369 9.435 9.924 10.394 17.699 19.148 2.350 18.022 12.880 13.097 6.563 5.017 17.908 13.205 18.404 6.709 1.315 11.900 6.789 12.559 16.604 14.206 12.854 9.871 4.882 9.707 6.721 11.137 10.932 13.925 13.141 0.572 20.735 9.105 16.354 15.967 6.508 6.336 15.640 15.788 2.668 16.150 13.851 15.799 7.119 1.178 15.817 15.927 14.890 11.042 13.636 2.913 10.623 17.494 14.421 8.658 2.861 15.973 8.807 11.080 12.677 15.541 12.334 17.405 4.280 14.306 11.465 12.892 14.851 8.858 
19 10.010 16.572 3.329 1.691 13.907 11.852 10.819 19.260 11.582 5.867 14.542 8.886 19.450 10.282 10.455 3.110 5.182 5.408 0.000 9.190 13.190 7.048 9.754 9.539 17.499 5.434 4.140 17.326 13.137 18.008 10.018 20.140 6.469 2.784 10.815 7.046 16.970 11.183 6.040 5.576 10.580 10.674 9.010 16.715 5.530 4.832 13.963 8.497 17.335 19.589 4.834 17.671 16.434 9.606 11.080 4.047 18.092 18.014 17.389 10.391 4.250 11.986 10.651 10.381 18.419 12.366 14.877 14.779 6.795 14.116 8.092 10.775 6.650 16.110 17.962 5.965 20.884 4.666 17.364 19.626 2.989 2.243 17.413 13.530 4.472 19.257 11.475 12.065 11.077 5.622 12.046 15.415 17.307 10.809 15.032 6.766 14.033 19.246 15.801 10.297 5.367 17.545 6.470 15.130 16.562 13.354 14.689 17.763 1.936 17.138 13.764 16.053 17.037 10.010 
20 9.598 18.992 7.532 10.492 15.186 15.898 2.392 19.114 4.009 3.428 13.631 15.179 15.542 16.253 15.776 6.448 5.730 3.791 9.190 0.000 6.861 6.106 7.569 0.463 11.371 10.993 5.455 10.230 7.919 18.879 17.774 20.809 4.990 10.879 11.699 6.933 19.045 16.162 5.479 6.672 12.363 13.070 9.895 16.863 3.962 12.935 7.790 12.734 18.582 19.407 5.141 18.880 10.984 15.999 4.373 7.981 18.409 9.979 19.676 5.642 4.974 12.928 5.471 14.850 15.972 16.202 12.343 6.660 6.306 7.152 7.829 12.539 14.263 13.183 9.904 3.255 21.130 12.568 16.353 13.787 9.924 9.899 15.103 17.928 5.865 14.462 16.161 18.719 5.585 3.983 18.755 17.009 13.878 12.376 13.550 4.373 9.091 16.861 14.281 9.068 5.517 15.571 11.530 8.817 10.462 17.655 11.595 17.812 8.013 12.976 10.872 11.372 14.035 9.598 
21 6.827 15.379 10.161 13.802 11.475 14.049 4.645 13.841 2.933 8.103 8.744 15.234 8.835 15.814 14.928 11.563 11.856 9.027 13.190 6.861 0.000 12.765 4.892 7.048 4.623 11.918 10.903 4.142 1.627 14.250 18.641 15.845 6.730 13.547 8.832 6.923 15.188 14.963 7.205 8.016 9.909 10.811 8.011 12.054 8.070 15.016 0.933 11.973 14.235 14.084 8.393 14.466 4.126 15.953 2.550 9.929 13.491 5.333 15.877 2.886 9.466 9.619 2.560 13.583 9.793 14.126 6.649 3.207 6.799 1.172 6.677 10.001 15.613 7.085 5.313 8.786 15.894 14.573 10.901 7.006 12.281 12.700 9.082 15.933 11.685 7.616 14.737 18.420 2.121 9.898 18.499 13.144 7.444 9.751 8.289 10.954 2.577 10.635 8.846 5.951 11.696 9.674 11.860 2.055 3.678 15.634 5.701 12.805 12.891 6.325 5.331 4.659 7.785 6.827 
22 13.335 21.917 7.912 8.738 18.545 17.780 8.497 23.310 10.054 5.382 17.946 15.585 21.075 16.923 16.862 4.213 2.010 4.484 7.048 6.106 12.765 0.000 11.893 6.108 17.364 11.571 3.582 16.327 13.558 22.593 17.060 24.675 8.062 9.737 15.013 9.964 22.155 17.485 8.153 8.813 15.270 15.708 12.999 20.848 5.853 11.862 13.696 14.301 22.101 23.627 6.673 22.428 16.823 16.362 10.214 8.808 22.370 16.027 22.694 10.873 5.181 16.315 10.864 16.425 21.019 18.222 17.271 12.741 9.349 13.197 11.187 15.471 13.639 18.304 15.949 4.380 25.202 11.659 20.836 19.765 9.454 8.951 20.067 19.680 2.758 20.221 17.667 18.950 11.120 3.310 18.944 20.294 19.206 15.397 18.109 1.816 14.710 21.912 18.892 13.142 1.924 20.421 12.482 14.788 16.432 19.457 16.701 21.878 5.127 18.514 15.856 17.012 19.219 13.335 
23 2.222 11.600 6.435 9.904 7.706 9.385 6.590 11.628 5.637 6.512 6.155 10.345 9.764 10.932 10.075 9.177 10.347 7.436 9.754 7.569 4.892 11.893 0.000 7.979 8.165 7.232 8.931 8.653 3.974 11.310 13.787 13.251 3.922 9.364 4.411 2.716 11.583 10.161 4.044 4.180 5.335 6.195 3.163 9.310 6.091 10.509 5.250 7.085 11.027 11.931 5.650 11.319 6.894 11.061 4.598 5.883 10.858 10.204 12.236 2.572 7.158 5.510 2.989 8.772 9.192 9.537 5.452 7.853 3.004 6.063 1.938 5.468 10.883 6.588 10.189 7.519 13.614 10.064 8.992 10.050 8.081 8.662 8.217 11.351 9.888 9.506 9.976 13.541 3.310 8.592 13.618 9.520 7.675 5.248 6.228 10.190 4.537 10.077 7.006 1.521 10.274 8.537 7.047 6.232 7.306 11.056 5.050 10.280 10.095 7.390 4.137 6.336 7.526 2.222 
24 10.028 19.431 7.964 10.872 15.615 16.358 2.469 19.494 4.150 3.834 14.015 15.636 15.787 16.714 16.238 6.738 5.884 4.132 9.539 0.463 7.048 6.108 7.979 0.000 11.504 11.445 5.725 10.286 8.172 19.287 18.213 21.206 5.452 11.286 12.137 7.392 19.478 16.625 5.941 7.134 12.811 13.523 10.344 17.260 4.387 13.354 7.971 13.197 19.000 19.785 5.579 19.295 11.174 16.456 4.608 8.427 18.804 9.924 20.111 5.986 5.350 13.361 5.794 15.312 16.285 16.661 12.679 6.634 6.767 7.269 8.278 12.986 14.698 13.494 9.847 3.581 21.515 12.990 16.718 13.921 10.347 10.306 15.426 18.389 6.073 14.663 16.623 19.177 5.881 4.220 19.212 17.438 14.160 12.821 13.916 4.431 9.341 17.171 14.640 9.484 5.664 15.905 11.989 8.967 10.608 18.115 11.913 18.202 8.305 13.227 11.208 11.608 14.337 10.028 
25 9.317 15.666 14.310 17.914 12.157 15.812 9.038 12.568 7.363 12.695 8.779 17.989 5.533 18.263 17.222 16.111 16.478 13.631 17.499 11.371 4.623 17.364 8.165 11.504 0.000 15.356 15.494 2.192 4.368 13.672 21.587 14.755 11.057 17.483 10.709 10.740 15.274 17.046 11.460 12.060 11.852 12.728 10.721 11.547 12.618 18.670 3.710 14.621 13.950 12.725 12.810 14.091 1.511 18.603 7.164 13.915 12.679 4.595 15.952 7.141 13.995 10.983 6.940 15.761 7.671 15.729 6.244 5.662 10.804 4.240 10.101 11.869 18.943 5.790 4.657 13.405 14.483 18.225 9.772 2.417 16.197 16.723 7.394 17.417 16.295 3.734 16.703 20.773 6.557 14.520 20.871 13.449 5.260 11.607 7.974 15.558 3.631 8.295 8.148 8.514 16.319 8.083 15.054 2.577 0.955 17.128 5.385 11.971 17.378 3.818 5.786 2.798 5.949 9.317 
26 6.298 11.154 3.778 4.359 8.755 6.435 11.576 14.219 11.543 7.811 10.089 4.231 15.847 5.446 5.292 7.390 9.561 8.060 5.434 10.993 11.918 11.571 7.232 11.445 15.356 0.000 8.025 15.862 11.200 12.772 6.949 14.890 6.235 3.205 6.181 5.056 11.575 5.928 5.668 4.463 5.607 5.477 4.930 11.708 7.173 3.403 12.417 3.071 12.047 14.545 5.931 12.382 14.011 5.051 10.672 3.066 12.977 17.234 11.973 9.112 6.816 7.126 9.512 4.984 14.228 6.940 11.115 14.466 5.370 13.054 5.306 5.778 3.698 12.371 17.208 8.567 15.701 2.975 12.691 17.076 2.447 3.228 13.250 8.197 8.817 16.134 6.151 7.769 9.948 8.951 7.795 10.122 13.672 5.883 10.763 10.620 11.728 14.969 11.460 6.955 9.659 13.228 1.039 13.449 14.522 7.999 11.240 12.732 7.053 13.897 10.377 13.240 13.226 6.298 
27 10.082 18.378 4.331 5.730 15.093 14.198 7.490 20.018 8.655 2.801 14.765 12.114 18.524 13.423 13.314 1.059 1.611 1.898 4.140 5.455 10.903 3.582 8.931 5.725 15.494 8.025 0.000 14.860 11.331 19.178 13.874 21.281 5.010 6.524 11.602 6.678 18.637 13.921 4.943 5.387 11.779 12.175 9.591 17.517 2.946 8.695 11.792 10.718 18.649 20.340 3.346 18.979 14.703 12.907 8.456 5.226 19.018 15.087 19.162 8.496 1.792 12.898 8.609 12.846 18.120 14.640 14.383 11.748 6.117 11.602 7.917 11.981 10.370 15.502 15.022 2.282 21.858 8.431 17.672 17.814 6.032 5.638 17.139 16.101 0.977 17.919 14.093 15.544 8.958 1.543 15.546 16.813 16.525 11.923 15.023 2.714 12.410 19.003 15.813 10.011 1.660 17.427 8.915 12.954 14.539 15.876 13.932 18.560 2.604 16.018 13.040 14.653 16.437 10.082 
28 10.208 17.435 14.299 17.940 13.772 17.109 7.839 14.642 6.303 12.080 10.508 18.880 7.720 19.299 18.318 15.587 15.666 12.963 17.326 10.230 4.142 16.327 8.653 10.286 2.192 15.862 14.860 0.000 4.684 15.629 22.400 16.815 10.871 17.658 11.887 10.968 17.091 18.229 11.347 12.132 13.027 13.929 11.550 13.465 12.115 19.053 3.466 15.535 15.845 14.814 12.515 16.007 3.302 19.549 6.408 14.040 14.673 2.435 17.778 7.009 13.520 12.355 6.700 16.893 9.815 17.085 7.995 3.896 10.899 3.262 10.558 13.074 19.532 7.744 2.490 12.657 16.589 18.608 11.793 4.150 16.384 16.826 9.472 18.831 15.578 5.880 17.930 21.866 6.263 13.726 21.956 15.191 7.368 12.812 9.772 14.559 4.474 10.465 10.045 9.346 15.486 10.158 15.698 2.424 2.087 18.536 7.054 13.963 16.963 5.927 7.243 4.644 8.019 10.208 
29 5.604 13.807 9.944 13.554 9.924 12.717 5.905 12.225 4.255 8.560 7.122 14.221 7.623 14.694 13.751 11.869 12.447 9.521 13.137 7.919 1.627 13.558 3.974 8.172 4.368 11.200 11.331 4.684 0.000 12.625 17.721 14.220 6.715 13.156 7.467 6.412 13.597 13.723 7.100 7.699 8.579 9.487 6.901 10.427 8.403 14.439 1.418 10.894 12.619 12.471 8.489 12.847 3.377 14.905 3.567 9.568 11.864 6.411 14.288 2.844 9.746 8.152 2.732 12.360 8.294 12.757 5.035 4.779 6.443 2.590 5.895 8.653 14.857 5.542 6.410 9.369 14.279 13.993 9.289 6.536 11.872 12.376 7.537 14.549 12.184 6.666 13.462 17.282 2.439 10.505 17.367 11.563 6.029 8.396 6.661 11.744 1.172 9.155 7.225 4.727 12.311 8.108 11.015 2.260 3.444 14.251 4.101 11.179 13.077 5.057 3.704 3.470 6.295 5.604 
30 9.388 3.174 15.225 17.126 4.124 7.438 17.702 2.222 16.398 17.367 5.515 11.654 9.524 10.793 9.720 19.006 20.767 18.161 18.008 18.879 14.250 22.593 11.310 19.287 13.672 12.772 19.178 15.629 12.625 0.000 14.665 2.134 14.650 15.970 7.582 12.649 2.459 8.968 14.469 13.800 7.485 7.338 9.597 2.205 16.807 15.445 13.849 9.808 0.902 2.431 15.921 0.698 12.332 11.655 15.421 14.299 1.128 18.022 2.890 13.510 17.441 6.282 13.826 8.701 6.580 6.921 7.756 17.358 13.286 15.133 11.456 7.284 14.302 7.893 18.062 18.401 2.959 15.157 3.969 13.484 15.131 15.934 6.426 7.370 20.144 11.259 8.439 12.117 13.940 19.333 12.247 2.689 8.539 7.298 6.002 21.066 11.899 6.501 5.597 9.819 20.763 5.762 11.767 13.946 13.542 7.237 8.742 1.760 19.273 9.919 8.929 10.985 7.789 9.388 
31 12.274 11.857 10.263 8.328 11.753 7.339 18.513 16.708 18.481 14.438 14.521 3.647 20.866 3.941 5.096 12.963 15.147 14.473 10.018 17.774 18.641 17.060 13.787 18.213 21.587 6.949 13.874 22.400 17.721 14.665 0.000 16.442 13.168 7.358 11.114 11.945 12.539 5.746 12.595 11.402 10.052 9.327 10.882 14.638 13.841 5.201 19.035 6.987 13.771 16.988 12.634 14.043 20.140 3.218 17.589 9.810 15.359 23.973 12.563 15.932 13.161 11.372 16.346 6.460 18.594 7.801 16.355 21.345 12.307 19.802 11.967 10.107 3.541 17.508 23.954 15.029 17.486 5.443 16.343 22.979 7.967 8.241 17.750 7.467 14.409 21.622 6.274 3.151 16.770 15.135 3.049 12.165 18.813 10.344 15.390 16.587 18.047 19.130 15.886 13.099 15.312 17.490 6.796 19.978 20.843 7.525 16.784 15.438 11.951 19.417 16.064 19.152 18.199 12.274 
32 11.412 4.613 17.354 19.247 6.255 9.363 19.524 2.200 18.149 19.419 7.248 13.591 10.054 12.643 11.618 21.125 22.865 20.229 20.140 20.809 15.845 24.675 13.251 21.206 14.755 14.890 21.281 16.815 14.220 2.134 16.442 0.000 16.697 18.083 9.679 14.718 3.909 10.835 16.536 15.898 9.616 9.469 11.692 3.947 18.869 17.504 15.363 11.905 2.861 2.104 18.009 2.535 13.519 13.530 17.200 16.429 2.407 19.241 4.007 15.346 19.536 8.385 15.639 10.694 7.227 8.827 9.220 18.872 15.348 16.652 13.511 9.415 16.301 9.111 19.289 20.454 1.101 17.227 5.046 14.238 17.258 18.061 7.361 9.013 22.250 11.939 10.313 13.736 15.720 21.404 13.866 4.775 9.502 9.425 7.565 23.127 13.395 6.883 7.012 11.787 22.857 6.671 13.879 15.334 14.746 8.926 10.197 3.053 21.405 10.938 10.522 12.203 8.807 11.412 
33 5.296 14.336 3.500 7.115 10.703 10.936 5.345 15.261 5.506 2.723 9.884 10.310 13.569 11.318 10.798 5.315 6.436 3.578 6.469 4.990 6.730 8.062 3.922 5.452 11.057 6.235 5.010 10.871 6.715 14.650 13.168 16.697 0.000 7.010 7.138 2.065 14.471 11.173 0.578 1.774 7.615 8.237 5.179 12.824 2.210 8.758 7.494 7.745 14.225 15.577 1.804 14.542 10.062 11.123 4.796 3.499 14.358 11.716 15.065 3.926 3.247 8.432 4.183 9.862 13.114 11.262 9.374 8.627 1.407 7.696 3.197 7.804 9.768 10.495 11.672 3.758 17.178 8.339 12.778 13.244 5.808 6.096 12.136 12.964 5.966 13.093 11.173 13.830 4.612 4.753 13.873 12.504 11.536 7.677 10.073 6.439 7.684 13.998 10.860 5.082 6.373 12.441 6.637 8.661 10.113 12.694 8.931 13.843 6.391 11.102 8.034 9.832 11.430 5.296 
34 8.992 14.241 3.538 1.257 11.960 9.362 12.085 17.422 12.498 7.452 13.147 6.128 18.632 7.532 7.784 5.605 7.798 7.302 2.784 10.879 13.547 9.737 9.364 11.286 17.483 3.205 6.524 17.658 13.156 15.970 7.358 18.083 7.010 0.000 9.260 6.746 14.699 8.545 6.459 5.532 8.780 8.682 7.750 14.905 6.936 2.173 14.200 6.201 15.234 17.748 5.869 15.568 16.256 6.831 11.803 3.619 16.182 18.693 15.062 10.661 5.997 10.283 11.001 7.875 17.224 9.897 13.924 15.636 6.758 14.598 7.474 8.957 3.901 15.184 18.653 7.872 18.903 1.924 15.826 19.413 1.286 0.980 16.231 10.920 7.056 18.720 8.877 9.283 11.447 7.839 9.266 13.310 16.454 9.047 13.764 9.235 13.880 17.997 14.490 9.493 7.958 16.261 4.203 15.320 16.588 10.765 13.918 15.933 4.696 16.515 13.015 15.658 16.075 8.992 
35 2.191 7.294 7.782 10.248 3.565 5.252 10.975 8.512 10.037 9.833 3.908 7.467 9.907 7.578 6.515 11.472 13.187 10.597 10.815 11.699 8.832 15.013 4.411 12.137 10.709 6.181 11.602 11.887 7.467 7.582 11.114 9.679 7.138 9.260 0.000 5.098 7.365 6.353 6.913 6.219 1.145 2.042 2.014 5.972 9.254 9.471 8.884 4.189 7.102 8.839 8.340 7.424 9.213 7.995 8.998 6.886 7.437 13.855 7.983 6.964 9.859 1.303 7.368 5.052 8.064 5.297 5.265 11.990 5.748 9.967 3.954 1.190 9.062 6.463 13.859 10.862 10.276 9.076 6.585 11.898 8.183 8.964 7.099 7.101 12.571 10.518 6.043 10.064 7.643 11.765 10.163 5.369 7.780 0.930 4.610 13.508 7.413 8.790 5.284 2.971 13.181 7.050 5.404 9.563 10.077 6.803 5.675 7.025 11.865 8.304 4.998 8.116 7.235 2.191 
36 3.404 12.270 3.722 7.211 8.662 8.970 6.858 13.362 6.563 4.735 8.091 8.796 12.424 9.665 9.030 6.741 8.213 5.512 7.046 6.933 6.923 9.964 2.716 7.392 10.740 5.056 6.678 10.968 6.412 12.649 11.945 14.718 2.065 6.746 5.098 0.000 12.411 9.330 1.820 1.490 5.549 6.183 3.119 10.885 4.159 8.095 7.502 5.933 12.198 13.682 3.337 12.519 9.542 9.585 5.646 3.190 12.406 12.206 13.001 4.072 4.891 6.398 4.463 7.981 11.610 9.269 7.945 9.413 0.659 8.035 1.240 5.739 8.748 9.146 12.176 5.763 15.239 7.652 10.999 12.720 5.461 5.991 10.611 11.002 7.655 12.221 9.284 12.240 4.902 6.686 12.296 10.455 10.300 5.613 8.388 8.417 7.151 12.474 9.178 3.402 8.183 10.841 5.181 8.597 9.842 10.727 7.673 11.919 7.498 10.093 6.748 9.046 10.082 3.404 
37 9.453 0.729 14.474 15.910 3.877 5.592 18.154 4.679 17.015 17.130 6.604 9.792 11.630 8.776 7.790 18.335 20.247 17.839 16.970 19.045 15.188 22.155 11.583 19.478 15.274 11.575 18.637 17.091 13.597 2.459 12.539 3.909 14.471 14.699 7.365 12.411 0.000 6.988 14.201 13.365 6.901 6.467 9.292 3.884 16.527 13.896 14.921 8.510 1.646 4.875 15.521 1.761 13.850 9.675 15.997 13.538 3.507 19.418 0.692 13.998 16.975 6.118 14.359 7.007 8.701 5.041 9.096 18.376 13.068 16.175 11.311 6.702 12.570 9.516 19.449 18.147 4.975 13.655 5.982 15.374 14.008 14.800 8.366 5.105 19.578 13.238 6.476 9.837 14.545 18.986 9.967 2.073 10.370 6.804 7.322 20.748 13.041 8.754 7.143 10.063 20.271 7.757 10.539 15.192 15.018 5.018 10.047 3.979 18.407 11.660 10.024 12.501 9.602 9.453 
38 8.142 6.361 9.607 9.801 6.088 1.599 16.157 10.972 15.621 13.331 9.132 2.845 15.502 1.826 0.830 13.317 15.476 13.748 11.183 16.162 14.963 17.485 10.161 16.625 17.046 5.928 13.921 18.229 13.723 8.968 5.746 10.835 11.173 8.545 6.353 9.330 6.988 0.000 10.694 9.533 5.208 4.320 6.999 8.903 12.677 7.250 15.129 3.429 8.084 11.256 11.462 8.372 15.543 2.695 14.611 8.770 9.621 20.134 7.135 12.667 12.584 6.170 13.096 1.390 13.044 2.059 11.259 18.012 9.906 16.127 8.776 5.179 5.702 12.302 20.133 14.206 11.846 7.102 10.672 18.092 8.247 8.944 12.263 2.387 14.736 16.483 0.530 3.802 13.454 14.735 3.914 6.423 13.561 5.442 10.037 16.452 13.755 13.517 10.432 9.022 15.567 11.935 5.006 15.880 16.430 2.268 11.859 9.692 12.927 14.361 11.285 14.395 12.887 8.142 
39 5.187 14.040 2.972 6.605 10.474 10.509 5.918 15.161 6.074 2.929 9.841 9.764 13.777 10.791 10.297 5.134 6.438 3.692 6.040 5.479 7.205 8.153 4.044 5.941 11.460 5.668 4.943 11.347 7.100 14.469 12.595 16.536 0.578 6.459 6.913 1.820 14.201 10.694 0.000 1.216 7.314 7.895 4.921 12.695 2.340 8.186 7.943 7.265 14.015 15.479 1.612 14.336 10.420 10.579 5.344 2.926 14.220 12.247 14.781 4.362 3.152 8.215 4.647 9.398 13.201 10.851 9.479 9.182 1.196 8.197 3.035 7.509 9.191 10.631 12.204 3.951 17.050 7.765 12.745 13.609 5.246 5.557 12.214 12.530 5.915 13.375 10.710 13.290 5.084 4.867 13.331 12.261 11.712 7.397 10.081 6.597 8.027 14.079 10.871 5.069 6.396 12.489 6.094 9.103 10.522 12.265 9.092 13.725 6.101 11.343 8.181 10.127 11.570 5.187 
40 4.778 13.160 2.272 5.855 9.734 9.421 7.113 14.644 7.170 3.881 9.473 8.548 13.912 9.585 9.113 5.339 6.968 4.490 5.576 6.672 8.016 8.813 4.180 7.134 12.060 4.463 5.387 12.132 7.699 13.800 11.402 15.898 1.774 5.532 6.219 1.490 13.365 9.533 1.216 0.000 6.467 6.962 4.206 12.135 3.239 7.116 8.682 6.110 13.290 14.967 2.156 13.618 10.918 9.363 6.374 1.914 13.632 13.188 13.921 5.130 3.642 7.518 5.471 8.259 13.078 9.786 9.428 10.215 1.256 9.070 2.657 6.667 8.028 10.634 13.150 4.848 16.472 6.685 12.375 14.107 4.270 4.696 12.077 11.430 6.359 13.681 9.570 12.076 5.917 5.624 12.117 11.482 11.790 6.586 9.817 7.389 8.517 13.937 10.605 4.868 6.964 12.289 4.879 9.815 11.143 11.171 9.162 13.179 6.020 11.568 8.238 10.484 11.570 4.778 
41 3.138 6.726 7.742 9.847 3.362 4.143 11.809 8.692 10.969 10.240 4.663 6.408 10.867 6.453 5.378 11.546 13.383 10.939 10.580 12.363 9.909 15.270 5.335 12.811 11.852 5.607 11.779 13.027 8.579 7.485 10.052 9.616 7.615 8.780 1.145 5.549 6.901 5.208 7.314 6.467 0.000 0.908 2.469 6.153 9.631 8.757 9.994 3.231 6.892 9.020 8.622 7.226 10.354 6.902 9.931 6.814 7.512 14.978 7.469 7.906 10.089 1.534 8.321 3.909 8.850 4.229 6.304 13.044 6.208 11.054 4.534 0.203 8.182 7.465 14.980 11.252 10.315 8.385 7.100 13.009 7.798 8.597 7.919 6.043 12.732 11.572 4.904 8.923 8.623 12.086 9.023 5.034 8.776 0.304 5.457 13.848 8.553 9.521 6.062 3.983 13.398 7.793 4.721 10.695 11.223 5.746 6.773 7.195 11.789 9.376 6.125 9.244 8.191 3.138 
42 4.021 6.210 8.017 9.809 3.279 3.238 12.611 8.747 11.818 10.801 5.232 5.704 11.541 5.636 4.532 11.871 13.786 11.453 10.674 13.070 10.811 15.708 6.195 13.523 12.728 5.477 12.175 13.929 9.487 7.338 9.327 9.469 8.237 8.682 2.042 6.183 6.467 4.320 7.895 6.962 0.908 0.000 3.206 6.252 10.177 8.438 10.902 2.747 6.664 9.072 9.113 7.001 11.227 6.140 10.782 7.081 7.501 15.886 6.987 8.766 10.533 2.052 9.184 3.053 9.385 3.344 7.067 13.939 6.837 11.959 5.255 0.860 7.690 8.190 15.888 11.796 10.242 8.092 7.441 13.833 7.797 8.600 8.490 5.159 13.113 12.334 4.001 8.062 9.495 12.580 8.164 4.752 9.489 1.123 6.078 14.347 9.455 10.008 6.620 4.876 13.814 8.303 4.509 11.601 12.111 4.863 7.591 7.265 11.999 10.159 6.979 10.095 8.873 4.021 
43 1.416 9.163 5.863 8.617 5.558 6.285 9.413 10.476 8.688 7.848 5.533 7.331 10.933 7.810 6.920 9.482 11.173 8.594 9.010 9.895 8.011 12.999 3.163 10.344 10.721 4.930 9.591 11.550 6.901 9.597 10.882 11.692 5.179 7.750 2.014 3.119 9.292 6.999 4.921 4.206 2.469 3.206 0.000 7.950 7.258 8.332 8.268 3.993 9.107 10.801 6.326 9.432 9.299 8.004 7.661 5.001 9.434 13.271 9.886 5.681 7.845 3.316 6.109 5.609 9.497 6.486 6.204 11.016 3.776 9.182 2.066 2.649 8.298 7.463 13.263 8.872 12.274 7.905 8.370 12.261 6.573 7.316 8.497 8.286 10.562 11.215 6.824 10.412 6.458 9.758 10.492 7.340 8.755 2.503 6.057 11.506 7.165 10.293 6.811 2.217 11.167 8.571 4.412 9.138 9.962 7.996 6.312 8.999 9.940 8.976 5.461 8.409 8.338 1.416 
44 7.527 4.433 13.751 15.995 3.036 7.304 15.594 2.547 14.250 15.546 3.340 11.323 7.759 10.698 9.551 17.432 19.082 16.380 16.715 16.863 12.054 20.848 9.310 17.260 11.547 11.708 17.517 13.465 10.427 2.205 14.638 3.947 12.824 14.905 5.972 10.885 3.884 8.903 12.695 12.135 6.153 6.252 7.950 0.000 15.014 14.661 11.645 8.943 2.411 2.875 14.207 2.545 10.177 11.479 13.286 12.848 1.548 15.846 4.516 11.410 15.750 4.736 11.710 8.303 4.851 6.875 5.555 15.155 11.500 12.929 9.661 5.966 13.743 5.757 15.885 16.581 4.355 14.329 2.126 11.511 13.950 14.750 4.483 7.830 18.492 9.356 8.381 12.428 11.805 17.557 12.555 2.675 6.515 5.910 3.797 19.262 9.693 5.008 3.420 7.857 19.062 3.876 10.759 11.746 11.379 7.626 6.540 1.053 17.832 7.846 6.728 8.827 5.750 7.527 
45 7.490 16.351 3.580 6.644 12.814 12.644 5.297 17.463 6.105 0.654 12.094 11.400 15.589 12.557 12.200 3.495 4.261 1.369 5.530 3.962 8.070 5.853 6.091 4.387 12.618 7.173 2.946 12.115 8.403 16.807 13.841 18.869 2.210 6.936 9.254 4.159 16.527 12.677 2.340 3.239 9.631 10.177 7.258 15.014 0.000 8.974 8.933 9.280 16.355 17.779 1.243 16.677 11.779 12.221 5.725 4.112 16.544 12.574 17.100 5.562 1.406 10.555 5.695 11.443 15.274 13.019 11.525 9.292 3.522 8.856 5.359 9.828 10.317 12.615 12.517 1.621 19.369 8.606 14.988 14.910 5.962 5.956 14.304 14.643 3.855 14.975 12.748 14.941 6.062 2.546 14.967 14.597 13.608 9.724 12.276 4.259 9.470 16.162 13.062 7.292 4.183 14.626 7.824 10.105 11.663 14.389 11.032 16.038 4.854 13.076 10.152 11.708 13.546 7.490 
46 9.700 13.362 5.444 3.152 11.635 8.349 13.993 17.101 14.258 9.523 13.363 4.536 19.236 5.927 6.434 7.767 9.945 9.435 4.832 12.935 15.016 11.862 10.509 13.354 18.670 3.403 8.695 19.053 14.439 15.445 5.201 17.504 8.758 2.173 9.471 8.095 13.896 7.250 8.186 7.116 8.757 8.438 8.332 14.661 8.974 0.000 15.589 5.718 14.644 17.420 7.842 14.969 17.356 5.111 13.488 5.260 15.803 20.270 14.174 12.148 8.123 10.291 12.520 6.893 17.534 8.903 14.505 17.330 8.252 16.115 8.571 8.905 1.869 15.758 20.236 10.002 18.403 0.445 15.844 20.447 3.024 3.105 16.569 9.627 9.209 19.536 7.665 7.336 12.965 10.006 7.304 12.755 17.063 9.051 14.079 11.406 15.039 18.247 14.751 10.342 10.111 16.509 4.067 16.663 17.814 9.518 14.643 15.646 6.767 17.300 13.780 16.622 16.602 9.700 
47 6.998 15.154 10.872 14.510 11.294 14.134 5.552 13.313 3.839 8.991 8.385 15.567 7.977 16.073 15.145 12.429 12.770 9.924 13.963 7.790 0.933 13.696 5.250 7.971 3.710 12.417 11.792 3.466 1.418 13.849 19.035 15.363 7.494 14.200 8.884 7.502 14.921 15.129 7.943 8.682 9.994 10.902 8.268 11.645 8.933 15.589 0.000 12.258 13.889 13.544 9.199 14.105 3.204 16.263 3.482 10.585 13.041 5.011 15.613 3.582 10.321 9.562 3.314 13.763 9.089 14.175 6.143 3.513 7.442 1.289 7.124 10.069 16.098 6.445 5.006 9.696 15.356 15.145 10.367 6.079 12.924 13.378 8.430 15.967 12.586 6.703 14.874 18.668 2.901 10.812 18.751 12.904 6.689 9.813 7.851 11.885 1.969 9.910 8.351 6.119 12.613 9.047 12.291 1.175 2.759 15.669 5.168 12.345 13.730 5.503 4.932 3.829 7.085 6.998 
48 5.336 8.083 6.389 7.402 5.918 3.482 12.785 11.391 12.344 9.934 7.888 3.369 14.079 3.851 3.100 10.216 12.307 10.394 8.497 12.734 11.973 14.301 7.085 13.197 14.621 3.071 10.718 15.535 10.894 9.808 6.987 11.905 7.745 6.201 4.189 5.933 8.510 3.429 7.265 6.110 3.231 2.747 3.993 8.943 9.280 5.718 12.258 0.000 9.048 11.712 8.080 9.381 13.163 4.013 11.356 5.499 10.105 17.257 8.902 9.481 9.277 4.716 9.910 2.165 12.070 3.946 9.454 14.899 6.492 13.145 5.496 3.339 4.963 10.649 17.247 10.833 12.758 5.392 10.188 15.995 5.515 6.299 11.147 5.403 11.584 14.698 3.467 6.463 10.295 11.420 6.536 7.131 11.966 3.535 8.688 13.161 11.122 12.721 9.286 6.189 12.377 11.003 2.032 13.127 13.900 5.167 9.823 9.929 10.049 12.475 9.083 12.166 11.403 5.336 
49 9.019 2.331 14.626 16.406 3.557 6.566 17.506 3.092 16.261 16.930 5.504 10.790 10.063 9.907 8.843 18.438 20.247 17.699 17.335 18.582 14.235 22.101 11.027 19.000 13.950 12.047 18.649 15.845 12.619 0.902 13.771 2.861 14.225 15.234 7.102 12.198 1.646 8.084 14.015 13.290 6.892 6.664 9.107 2.411 16.355 14.644 13.889 9.048 0.000 3.320 15.429 0.337 12.567 10.774 15.266 13.695 1.865 18.212 2.182 13.316 16.932 5.800 13.650 7.857 7.122 6.044 7.886 17.383 12.844 15.164 11.029 6.689 13.463 8.161 18.248 17.961 3.789 14.366 4.427 13.907 14.430 15.232 6.857 6.469 19.609 11.727 7.556 11.216 13.792 18.865 11.346 1.925 8.919 6.729 6.106 20.610 11.962 7.133 5.808 9.516 20.252 6.222 11.031 14.061 13.760 6.335 8.863 2.344 18.649 10.256 8.957 11.215 8.156 9.019 
50 10.293 5.597 16.620 18.851 5.802 9.688 17.970 0.328 16.522 18.292 5.783 13.855 7.950 13.080 11.976 20.281 21.893 19.148 19.589 19.407 14.084 23.627 11.931 19.785 12.725 14.545 20.340 14.814 12.471 2.431 16.988 2.104 15.577 17.748 8.839 13.682 4.875 11.256 15.479 14.967 9.020 9.072 10.801 2.875 17.779 17.420 13.544 11.712 3.320 0.000 17.015 3.124 11.532 13.918 15.609 15.720 1.644 17.246 5.235 13.841 18.564 7.611 14.101 10.854 5.139 9.197 7.437 17.034 14.283 14.828 12.448 8.830 16.404 7.178 17.297 19.324 1.813 17.103 3.183 12.143 16.812 17.613 5.342 9.775 21.316 9.840 10.726 14.514 14.140 20.326 14.644 4.841 7.465 8.782 5.910 22.010 11.577 4.779 5.259 10.538 21.865 4.656 13.580 13.435 12.759 9.629 8.389 1.826 20.703 8.907 8.817 10.237 6.795 10.293 
51 6.740 15.314 2.403 5.722 11.874 11.474 6.224 16.694 6.789 1.888 11.419 10.158 15.356 11.316 10.972 3.531 4.878 2.350 4.834 5.141 8.393 6.673 5.650 5.579 12.810 5.931 3.346 12.515 8.489 15.921 12.634 18.009 1.804 5.869 8.340 3.337 15.521 11.462 1.612 2.156 8.622 9.113 6.326 14.207 1.243 7.842 9.199 8.080 15.429 17.015 0.000 15.755 11.849 10.979 6.247 2.873 15.719 13.188 16.077 5.670 1.556 9.643 5.888 10.245 14.814 11.863 11.091 9.981 2.771 9.290 4.576 8.821 9.122 12.238 13.137 2.755 18.556 7.458 14.326 15.025 4.818 4.898 13.826 13.461 4.322 14.897 11.545 13.699 6.299 3.469 13.726 13.631 13.307 8.737 11.681 5.235 9.479 15.691 12.471 6.669 4.855 14.098 6.586 10.372 11.861 13.211 10.691 15.245 4.593 12.900 9.784 11.636 13.176 6.740 
52 9.326 2.476 14.961 16.741 3.886 6.866 17.783 2.920 16.524 17.250 5.726 11.092 10.098 10.192 9.138 18.771 20.576 18.022 17.671 18.880 14.466 22.428 11.319 19.295 14.091 12.382 18.979 16.007 12.847 0.698 14.043 2.535 14.542 15.568 7.424 12.519 1.761 8.372 14.336 13.618 7.226 7.001 9.432 2.545 16.677 14.969 14.105 9.381 0.337 3.124 15.755 0.000 12.721 11.065 15.532 14.030 1.777 18.384 2.215 13.591 17.260 6.122 13.921 8.170 7.153 6.339 8.071 17.605 13.163 15.383 11.346 7.023 13.777 8.301 18.421 18.281 3.483 14.693 4.487 13.993 14.767 15.568 6.934 6.708 19.940 11.794 7.845 11.457 14.057 19.189 11.587 2.261 9.018 7.061 6.295 20.932 12.170 7.121 5.962 9.812 20.580 6.286 11.365 14.255 13.921 6.584 9.051 2.335 18.985 10.373 9.173 11.370 8.259 9.326 
