param n := 64;
param m := 8;
param L := 45;
param Q := 6;
param T := 480;
param t :
    1   2   3   4   5   6   7   8   9  10  11  12  13  14  15  16  17  18  19  20  21  22  23  24  25  26  27  28  29  30  31  32  33  34  35  36  37  38  39  40  41  42  43  44  45  46  47  48  49  50  51  52  53  54  55  56  57  58  59  60  61  62  63  64  65  66  67  68  69  70  71  72  73  74  75  76  77  78  79  80  81  82  83  84  85  86  87  88  89  90  91  92  93  94  95  96  97  98  99 100 101 102 103 104 105 106 107 108 109 110 111 112 113 114 115 116 117 118 119 120 121 122 123 124 125 126 127 128 129 130 :=
1 0.000 8.198 6.709 9.949 4.777 7.277 2.822 11.480 3.753 7.877 8.550 4.562 8.110 12.136 8.546 5.463 12.423 1.489 6.105 9.431 9.615 4.191 6.640 4.013 6.655 5.665 8.125 2.970 5.670 12.767 10.793 6.135 7.775 5.427 4.627 10.460 3.106 8.044 8.752 11.691 5.716 5.966 2.661 10.603 3.135 9.727 8.135 11.591 2.989 7.410 12.434 10.597 8.076 10.093 11.174 5.118 6.113 4.439 4.474 8.259 2.906 3.644 5.634 8.011 6.354 5.366 5.519 4.663 4.218 9.948 9.575 4.177 5.267 10.003 12.611 8.425 6.332 9.696 7.727 11.247 3.364 9.343 6.443 10.080 10.694 6.550 8.824 9.649 7.481 4.497 8.133 10.936 2.325 7.289 4.314 10.613 11.355 5.193 7.516 9.759 4.497 9.230 8.571 2.010 9.455 5.171 6.410 7.485 9.388 7.262 7.969 8.126 4.160 8.058 8.816 9.193 7.234 8.486 2.263 9.771 9.811 11.474 8.959 10.532 8.148 9.279 5.803 11.223 8.461 0.000 
2 8.198 0.000 14.772 6.877 12.752 8.343 10.907 18.184 10.487 13.205 16.332 4.864 13.809 18.972 9.237 2.753 18.825 9.170 14.238 17.237 14.937 10.587 8.752 11.568 10.873 10.811 15.227 10.522 13.629 19.956 10.372 8.490 7.482 10.534 9.987 7.215 6.601 10.756 15.495 7.515 13.860 2.264 7.105 17.912 7.030 7.792 10.676 11.554 7.881 15.358 10.970 4.051 3.778 3.543 7.541 7.122 6.990 11.112 12.188 16.281 9.398 5.301 3.601 7.454 3.197 3.372 10.152 4.224 12.335 15.692 9.046 12.132 12.536 16.633 19.579 14.372 13.182 16.411 2.943 11.413 8.883 1.309 13.437 8.588 16.058 14.563 15.053 16.599 13.741 4.829 16.132 6.832 9.045 7.415 12.047 3.295 8.524 9.667 15.705 15.558 12.499 5.778 12.645 7.199 8.981 13.349 13.185 13.588 17.375 4.304 7.920 7.733 9.668 1.110 14.951 15.183 12.221 16.511 7.900 1.635 18.006 9.509 10.737 10.053 7.224 17.459 3.535 17.654 13.470 8.198 
3 6.709 14.772 0.000 16.193 2.036 12.710 3.895 10.124 6.957 6.705 2.272 11.177 6.245 6.916 13.771 12.020 11.334 6.320 0.787 6.064 7.469 5.218 11.793 3.470 7.754 9.123 3.689 4.358 1.231 6.940 13.655 11.373 11.784 9.080 8.608 16.688 9.453 9.685 8.308 18.022 2.937 12.601 7.927 8.264 8.192 13.868 9.877 13.933 7.397 4.427 15.519 17.293 14.714 16.795 17.423 10.987 12.024 7.048 2.802 1.557 5.778 9.659 11.710 13.874 13.049 11.630 7.170 10.801 2.496 10.584 15.081 2.651 3.252 9.253 7.121 5.982 3.899 8.907 14.420 13.548 8.254 15.822 3.593 15.849 11.570 0.353 5.692 8.428 5.148 10.383 4.481 15.829 7.161 11.302 5.032 17.321 15.517 9.551 2.517 10.389 2.275 15.638 11.570 8.379 12.832 1.804 7.242 8.713 5.284 12.808 11.732 12.023 6.359 14.465 5.845 6.263 9.950 1.782 7.079 16.383 3.641 15.114 10.918 13.520 12.343 3.819 11.860 6.830 7.350 6.709 
4 9.949 6.877 16.193 0.000 14.506 4.172 12.574 15.344 9.655 17.364 18.283 5.586 17.758 22.084 4.040 7.292 15.573 9.897 15.461 16.117 19.169 13.896 5.161 13.956 15.482 8.417 18.073 12.917 15.364 22.679 16.760 5.349 13.551 8.252 8.239 0.513 6.867 16.065 13.128 1.862 14.119 6.615 10.741 15.877 10.973 14.375 16.051 17.905 11.598 14.799 17.628 4.152 3.166 4.215 1.233 5.233 4.223 9.937 14.376 17.728 12.522 9.476 9.096 2.640 4.736 8.538 14.465 9.009 13.781 12.275 2.975 13.962 15.216 13.937 22.554 18.170 16.252 13.847 4.038 17.698 8.050 7.769 16.383 2.042 12.232 16.126 18.662 14.280 17.295 9.631 15.599 13.696 9.043 13.320 11.747 5.260 15.313 7.386 16.045 12.218 14.217 1.111 8.588 7.982 15.281 14.424 11.391 11.001 16.661 10.669 13.967 13.871 13.431 7.935 18.628 18.972 9.072 17.940 11.181 6.804 18.498 16.200 16.428 16.436 13.468 17.547 9.151 21.135 17.831 9.949 
5 4.777 12.752 2.036 14.506 0.000 11.257 1.965 10.627 5.771 5.834 3.794 9.312 5.587 7.864 12.398 10.003 11.798 4.624 1.685 7.039 7.031 3.442 10.402 1.555 6.297 8.085 3.996 2.330 0.894 8.232 12.061 9.948 9.946 7.985 7.391 15.010 7.673 8.225 8.407 16.307 3.055 10.598 5.896 9.007 6.170 12.045 8.403 12.455 5.390 5.063 13.912 15.372 12.843 14.865 15.739 9.374 10.417 6.044 0.955 3.530 3.791 7.623 9.675 12.305 11.130 9.594 5.532 8.765 0.850 10.471 13.639 0.620 1.966 9.515 8.222 5.535 3.092 9.162 12.504 12.071 6.782 13.791 2.932 14.329 11.425 1.811 5.525 8.798 4.547 8.349 5.420 13.915 5.599 9.453 4.223 15.356 13.710 8.294 3.831 10.268 0.289 13.883 10.787 6.571 11.121 1.412 6.818 8.302 6.489 10.802 9.931 10.207 4.528 12.431 5.618 6.056 9.173 3.760 5.048 14.368 5.568 13.394 9.439 11.898 10.488 5.479 9.825 7.346 6.519 4.777 
6 7.277 8.343 12.710 4.172 11.257 0.000 9.457 11.230 5.838 15.143 14.912 4.350 15.387 19.082 1.298 7.247 11.538 6.709 11.941 11.992 16.891 11.468 1.013 11.044 13.688 4.282 15.102 10.114 12.051 19.483 16.409 1.343 13.085 4.145 4.268 4.552 4.369 14.724 8.958 5.972 10.340 6.894 8.971 11.705 9.341 14.447 14.763 17.447 9.715 10.786 17.651 7.465 5.067 7.263 5.248 2.237 1.542 5.986 11.332 14.188 10.154 8.345 8.917 1.541 5.186 8.322 12.573 8.399 10.456 8.233 2.382 10.789 12.340 9.794 19.473 15.690 13.497 9.691 5.623 17.170 4.480 9.576 13.557 3.178 8.311 12.700 16.050 10.112 14.729 8.852 11.572 14.484 5.664 12.726 7.930 8.286 15.732 3.347 12.213 8.157 10.974 4.269 4.661 5.318 14.915 10.907 7.255 6.831 12.584 10.849 13.439 13.444 11.314 9.110 16.056 16.445 4.920 14.387 9.116 9.045 14.639 16.353 15.374 16.098 13.187 13.610 9.039 18.348 15.707 7.277 
7 2.822 10.907 3.895 12.574 1.965 9.457 0.000 10.577 4.332 6.468 5.757 7.347 6.449 9.630 10.642 8.153 11.672 2.753 3.332 7.622 7.979 3.101 8.651 1.708 6.159 6.670 5.645 1.296 2.854 10.116 11.465 8.178 8.946 6.523 5.840 13.080 5.723 7.961 8.066 14.364 3.530 8.716 4.327 9.256 4.685 11.035 8.109 12.030 4.029 5.530 13.263 13.419 10.878 12.915 13.807 7.491 8.531 4.771 1.877 5.440 2.676 5.925 7.996 10.430 9.175 7.851 5.158 7.053 1.428 9.833 11.831 1.390 2.962 9.274 10.042 6.581 4.185 8.930 10.548 11.655 5.030 11.991 4.178 12.474 10.728 3.728 6.780 8.695 5.568 6.709 6.110 12.678 3.808 8.440 3.399 13.427 12.712 6.682 5.031 9.631 1.681 11.931 9.523 4.615 10.346 2.492 6.072 7.472 7.322 9.316 9.010 9.248 3.850 10.656 6.824 7.246 7.960 5.667 3.512 12.508 7.157 12.562 9.096 11.259 9.437 6.797 8.155 8.923 7.138 2.822 
8 11.480 18.184 10.124 15.344 10.627 11.230 10.577 0.000 7.956 16.455 11.906 13.323 16.153 16.507 11.385 15.920 1.215 10.006 9.591 4.363 17.508 13.629 10.324 11.858 16.688 7.442 13.812 11.868 10.662 15.975 21.971 10.312 19.183 7.703 8.197 15.660 11.638 18.531 2.756 17.036 7.579 16.054 14.099 2.105 14.562 21.187 18.683 22.592 14.194 5.706 23.722 18.543 15.904 18.254 16.289 11.291 11.847 7.260 11.491 10.584 13.183 15.005 16.779 12.763 15.179 16.357 15.728 15.853 10.020 3.181 12.730 10.768 12.593 1.552 16.478 15.999 13.659 1.807 16.181 22.220 9.356 19.490 13.435 13.827 3.666 10.416 15.795 1.882 15.072 15.851 5.715 22.374 9.548 18.683 7.330 19.195 22.828 8.617 7.726 3.186 10.547 15.493 6.864 11.323 20.757 9.242 5.144 4.618 5.410 18.609 19.328 19.519 14.423 18.515 15.935 16.363 6.326 10.619 13.506 19.390 8.736 22.880 19.672 21.745 19.594 7.481 16.950 16.809 17.138 11.480 
9 3.753 10.487 6.957 9.655 5.771 5.838 4.332 7.956 0.000 10.747 9.206 5.763 10.772 13.612 6.830 8.045 8.805 2.295 6.174 6.869 12.305 7.166 4.878 6.039 10.052 2.343 9.761 5.416 6.456 13.848 14.543 4.495 11.512 2.218 1.652 10.117 3.902 11.630 5.200 11.516 4.507 8.269 6.407 7.437 6.882 13.425 11.740 15.324 6.710 5.236 16.184 11.702 8.963 11.297 10.851 4.488 5.442 0.706 6.108 8.390 6.198 7.084 8.823 7.143 7.761 8.407 8.942 7.898 4.924 6.198 8.175 5.430 7.267 6.427 13.929 10.912 8.501 6.149 8.979 14.974 1.728 11.768 8.463 9.013 6.945 6.988 11.088 6.220 9.899 7.921 6.045 14.453 1.595 11.031 2.103 12.083 15.027 2.594 6.404 6.011 5.512 9.319 5.204 3.389 13.207 5.161 2.813 3.738 7.201 10.664 11.717 11.866 7.540 10.686 11.142 11.567 3.683 8.581 5.983 11.852 8.851 15.203 12.619 14.284 11.863 7.897 8.994 13.104 11.402 3.753 
10 7.877 13.205 6.705 17.364 5.834 15.143 6.468 16.455 10.747 0.000 6.176 11.780 0.772 6.185 16.419 10.870 17.630 8.770 7.008 12.686 1.808 3.698 14.515 4.821 2.456 13.052 3.788 5.335 5.856 7.499 7.762 14.012 7.187 12.876 12.136 17.872 10.844 3.789 14.217 18.935 8.876 11.628 6.649 14.776 6.490 8.920 3.992 7.714 5.781 10.827 9.566 16.824 14.858 16.274 18.537 12.947 13.898 11.231 5.023 7.185 4.989 8.188 9.605 15.756 12.981 9.879 3.062 9.076 6.511 16.190 17.399 5.776 3.869 15.343 6.878 1.418 2.835 14.990 14.227 7.345 11.086 13.807 3.116 17.813 17.116 6.358 2.221 14.631 1.641 8.426 11.066 11.313 9.884 6.858 9.771 16.395 10.344 12.881 9.198 15.986 5.939 16.473 15.950 9.828 7.435 7.214 12.455 13.897 11.974 9.627 6.922 7.256 3.933 12.444 2.042 2.104 14.412 7.325 6.190 14.779 9.959 9.576 4.907 7.727 7.771 10.460 9.679 4.635 0.687 7.877 
11 8.550 16.332 2.272 18.283 3.794 14.912 5.757 11.906 9.206 6.176 0.000 13.101 5.529 4.729 15.998 13.609 13.121 8.387 3.058 7.628 6.388 6.046 14.013 4.764 7.872 11.393 2.444 5.822 2.920 4.669 13.752 13.581 12.387 11.345 10.858 18.784 11.465 9.697 10.350 20.092 5.155 14.246 9.278 9.921 9.452 14.394 9.901 13.837 8.606 6.348 15.600 19.126 16.626 18.612 19.516 13.116 14.158 9.316 4.160 1.334 6.994 11.077 13.056 16.030 14.892 13.063 7.600 12.209 4.504 12.684 17.290 4.376 3.916 11.199 4.876 5.067 3.836 10.863 16.265 13.460 10.438 17.294 3.484 18.030 13.673 2.219 4.518 10.331 4.540 11.713 6.195 16.554 9.303 11.940 7.303 19.063 15.979 11.796 4.199 12.494 4.082 17.675 13.831 10.365 13.153 4.045 9.467 10.922 6.683 13.896 12.257 12.572 7.176 15.909 4.712 5.057 12.213 1.352 8.452 17.963 3.949 15.408 10.908 13.668 12.972 4.772 13.191 4.911 6.712 8.550 
12 4.562 4.864 11.177 5.586 9.312 4.350 7.347 13.323 5.763 11.780 13.101 0.000 12.173 16.620 5.568 3.000 13.964 4.951 10.514 12.618 13.585 8.326 4.363 8.547 9.959 5.956 12.627 7.478 10.201 17.311 12.089 3.975 8.765 5.676 5.126 6.096 1.896 10.717 10.647 7.223 9.639 2.851 5.182 13.119 5.450 10.098 10.728 13.148 6.028 10.867 13.302 6.167 3.537 5.701 6.773 2.467 2.808 6.339 9.033 12.734 6.953 4.141 4.577 4.275 2.013 3.987 8.913 4.058 8.686 10.855 6.068 8.725 9.763 11.773 17.122 12.592 10.739 11.556 3.318 12.884 4.083 6.172 10.894 6.211 11.267 11.049 13.099 11.762 11.730 4.545 11.666 10.248 4.487 8.426 7.542 6.385 11.407 4.826 11.570 10.715 9.028 4.745 8.001 2.829 10.590 9.516 8.366 8.725 12.875 6.532 9.132 9.120 7.847 5.303 13.060 13.397 7.408 12.958 5.596 6.116 13.988 12.004 11.238 11.774 8.846 13.253 4.706 15.601 12.257 4.562 
13 8.110 13.809 6.245 17.758 5.587 15.387 6.449 16.153 10.772 0.772 5.529 12.173 0.000 5.439 16.652 11.415 17.340 8.893 6.618 12.283 1.536 3.926 14.721 4.755 3.180 13.099 3.105 5.408 5.497 6.734 8.518 14.221 7.941 12.936 12.218 18.268 11.139 4.560 13.994 19.364 8.585 12.167 7.106 14.418 6.987 9.690 4.762 8.440 6.235 10.483 10.313 17.364 15.330 16.815 18.944 13.217 14.189 11.218 4.855 6.599 5.276 8.714 10.214 16.065 13.454 10.463 3.663 9.645 6.322 16.032 17.675 5.610 3.662 15.092 6.126 0.648 2.501 14.738 14.724 8.075 11.228 14.449 2.720 18.130 16.973 5.906 1.451 14.353 1.098 9.004 10.673 12.077 10.010 7.602 9.658 16.970 11.116 12.997 8.759 15.828 5.725 16.893 15.970 10.094 8.207 6.924 12.327 13.788 11.530 10.318 7.683 8.017 4.355 13.077 1.277 1.391 14.408 6.725 6.580 15.397 9.375 10.343 5.668 8.489 8.527 9.940 10.296 3.922 1.183 8.110 
14 12.136 18.972 6.916 22.084 7.864 19.082 9.630 16.507 13.612 6.185 4.729 16.620 5.439 0.000 20.248 16.422 17.715 12.383 7.674 12.163 5.028 8.461 18.252 8.132 8.618 15.889 4.014 9.168 7.159 1.529 13.592 17.789 13.372 15.810 15.246 22.596 15.228 9.865 15.071 23.817 9.849 17.144 11.966 14.466 11.966 15.057 10.057 13.268 11.133 11.056 15.266 22.284 20.019 21.744 23.309 17.107 18.141 13.819 7.763 5.981 9.778 13.719 15.425 20.046 18.178 15.599 8.981 14.751 8.699 17.412 21.459 8.297 6.869 15.887 0.715 4.799 5.906 15.557 19.516 12.943 14.625 19.715 5.728 22.098 18.401 6.769 4.024 15.007 5.248 14.145 10.838 17.479 13.420 13.040 11.860 22.016 16.404 16.156 8.885 17.222 8.138 21.347 18.455 14.115 13.504 8.564 14.158 15.626 11.153 15.708 13.101 13.434 9.305 18.325 4.172 4.090 16.831 5.913 11.270 20.590 7.987 15.523 10.843 13.619 13.955 9.111 15.524 1.671 6.274 12.136 
15 8.546 9.237 13.771 4.040 12.398 1.298 10.642 11.385 6.830 16.419 15.998 5.568 16.652 20.248 0.000 8.387 11.558 7.908 12.993 12.593 18.161 12.738 1.996 12.256 14.984 4.985 16.285 11.349 13.169 20.602 17.653 2.465 14.329 4.910 5.199 4.300 5.667 16.020 9.325 5.654 11.287 7.976 10.269 12.081 10.638 15.641 16.057 18.702 11.012 11.554 18.861 7.824 5.714 7.709 4.906 3.535 2.781 6.880 12.519 15.219 11.433 9.616 10.101 1.836 6.170 9.504 13.868 9.626 11.582 8.272 1.432 11.951 13.552 10.030 20.621 16.944 14.723 9.972 6.388 18.430 5.623 10.419 14.772 2.477 8.195 13.780 17.288 10.452 15.975 10.099 12.319 15.577 6.835 13.979 8.883 8.765 16.886 4.249 13.113 8.227 12.118 4.467 4.565 6.603 16.156 11.968 7.881 7.229 13.263 12.006 14.689 14.685 12.604 10.080 17.298 17.692 5.240 15.411 10.411 9.770 15.507 17.544 16.661 17.340 14.414 14.426 10.217 19.555 16.989 8.546 
16 5.463 2.753 12.020 7.292 10.003 7.247 8.153 15.920 8.045 10.870 13.609 3.000 11.415 16.422 8.387 0.000 16.656 6.513 11.485 14.649 12.650 7.976 7.352 8.846 8.672 8.745 12.598 7.789 10.882 17.343 9.523 6.974 6.269 8.459 7.810 7.747 4.306 8.926 13.185 8.498 11.154 0.766 4.465 15.473 4.465 7.301 8.887 10.647 5.289 12.720 10.554 5.954 4.276 5.404 8.280 5.466 5.721 8.709 9.456 13.533 6.730 2.712 1.816 6.848 2.563 1.247 7.814 1.838 9.582 13.658 8.631 9.383 9.855 14.371 17.007 11.940 10.568 14.122 3.501 10.426 6.567 3.885 10.805 8.509 14.139 11.814 12.579 14.248 11.237 2.501 13.480 7.258 6.521 6.029 9.441 5.594 8.500 7.680 12.978 13.505 9.748 6.224 10.975 4.667 8.029 10.601 10.822 11.404 14.730 3.623 6.679 6.597 7.141 2.661 12.494 12.759 10.276 13.762 5.219 4.366 15.262 9.193 9.177 9.200 6.224 14.738 1.894 15.175 11.211 5.463 
17 12.423 18.825 11.334 15.573 11.798 11.538 11.672 1.215 8.805 17.630 13.121 13.964 17.340 17.715 11.558 16.656 0.000 10.938 10.793 5.561 18.705 14.744 10.685 12.998 17.807 8.018 15.023 12.967 11.855 17.168 23.012 10.729 20.168 8.292 8.862 15.857 12.352 19.633 3.681 17.204 8.758 16.744 15.065 3.275 15.532 22.149 19.781 23.660 15.201 6.912 24.745 18.947 16.361 18.687 16.455 11.821 12.291 8.100 12.649 11.797 14.248 15.887 17.602 13.048 15.759 17.158 16.829 16.692 11.171 3.306 12.847 11.919 13.764 2.430 17.679 17.195 14.843 2.758 16.694 23.290 10.096 20.134 14.624 13.949 3.457 11.623 16.999 3.005 16.262 16.726 6.930 23.258 10.399 19.672 8.370 19.656 23.778 9.177 8.941 3.384 11.709 15.805 6.992 12.124 21.773 10.421 6.022 5.254 6.599 19.467 20.328 20.509 15.507 19.213 17.139 17.567 6.732 11.831 14.503 19.969 9.914 23.869 20.761 22.780 20.563 8.670 17.772 18.024 18.314 12.423 
18 1.489 9.170 6.320 9.897 4.624 6.709 2.753 10.006 2.295 8.770 8.387 4.951 8.893 12.383 7.908 6.513 10.938 0.000 5.617 8.158 10.426 5.095 5.925 4.350 7.848 4.376 8.394 3.494 5.470 12.846 12.255 5.443 9.263 4.167 3.394 10.397 3.146 9.364 7.271 11.713 4.734 6.906 4.147 9.193 4.620 11.215 9.469 13.029 4.416 6.207 13.912 11.118 8.465 10.647 11.130 4.752 5.794 2.966 4.625 7.870 3.993 5.038 6.945 7.687 6.916 6.613 6.723 5.983 3.884 8.475 9.080 4.111 5.646 8.521 12.792 9.120 6.828 8.216 8.260 12.679 2.342 10.382 6.866 9.724 9.238 6.235 9.410 8.186 8.128 5.893 6.969 12.383 1.117 8.775 2.960 11.282 12.840 4.111 6.641 8.284 4.335 9.318 7.306 2.124 10.933 4.597 4.922 6.010 8.217 8.664 9.452 9.612 5.326 9.166 9.433 9.838 5.884 8.088 3.689 10.676 9.042 12.962 10.334 11.999 9.636 8.356 7.117 11.648 9.397 1.489 
19 6.105 14.238 0.787 15.461 1.685 11.941 3.332 9.591 6.174 7.008 3.058 10.514 6.618 7.674 12.993 11.485 10.793 5.617 0.000 5.679 7.924 5.090 11.018 3.233 7.819 8.336 4.292 3.984 1.176 7.726 13.661 10.602 11.624 8.293 7.825 15.954 8.760 9.757 7.657 17.296 2.215 12.042 7.520 7.803 7.817 13.720 9.942 14.004 7.055 3.888 15.519 16.653 14.049 16.162 16.690 10.245 11.280 6.261 2.595 2.267 5.469 9.206 11.271 13.120 12.413 11.158 7.136 10.344 1.904 9.898 14.309 2.243 3.320 8.647 7.895 6.419 4.173 8.298 13.780 13.619 7.494 15.319 3.906 15.087 10.880 0.914 6.208 7.848 5.523 9.959 4.060 15.600 6.420 11.132 4.246 16.714 15.383 8.768 2.245 9.700 1.853 14.926 10.794 7.701 12.765 1.039 6.493 7.971 4.999 12.460 11.601 11.880 6.197 13.976 6.346 6.775 9.173 2.479 6.675 15.838 3.899 15.043 10.984 13.510 12.169 3.811 11.425 7.520 7.674 6.105 
20 9.431 17.237 6.064 16.117 7.039 11.992 7.622 4.363 6.869 12.686 7.628 12.618 12.283 12.163 12.593 14.649 5.561 8.158 5.679 0.000 13.533 10.379 10.981 8.487 13.331 7.710 9.688 8.807 6.837 11.612 18.995 10.768 16.567 7.864 7.949 16.529 10.736 15.251 3.772 17.951 4.125 14.982 11.760 2.303 12.175 18.654 15.424 19.459 11.611 2.092 20.823 18.545 15.805 18.153 17.236 11.213 12.055 6.366 7.982 6.295 10.287 13.067 15.061 13.487 14.624 14.760 12.509 14.091 6.646 6.060 14.025 7.351 8.934 4.060 12.119 12.044 9.851 3.801 15.848 19.076 8.589 18.486 9.581 15.042 6.974 6.390 11.743 3.151 11.185 13.915 1.626 20.209 8.198 16.061 5.209 18.952 20.330 8.740 3.556 5.920 7.044 15.960 8.741 10.038 17.943 5.637 4.737 5.505 1.063 16.660 16.629 16.869 11.352 17.309 11.901 12.314 7.462 6.309 11.018 18.666 4.397 20.175 16.455 18.809 17.053 3.124 15.231 12.539 13.352 9.431 
21 9.615 14.937 7.469 19.169 7.031 16.891 7.979 17.508 12.305 1.808 6.388 13.585 1.536 5.028 18.161 12.650 18.705 10.426 7.924 13.533 0.000 5.424 16.239 6.281 4.078 14.634 3.973 6.943 6.852 6.487 8.563 15.738 8.576 14.472 13.754 19.678 12.618 4.927 15.422 20.743 9.975 13.411 8.457 15.717 8.292 10.118 5.109 8.272 7.589 11.812 10.251 18.603 16.662 18.052 20.344 14.710 15.671 12.745 6.348 7.588 6.753 9.980 11.336 17.538 14.785 11.634 4.836 10.845 7.795 17.499 19.166 7.099 5.148 16.495 5.743 1.510 3.943 16.142 16.025 7.936 12.760 15.490 4.109 19.598 18.448 7.147 1.870 15.734 2.486 10.190 11.944 12.573 11.543 8.307 11.156 18.150 11.405 14.531 9.982 17.296 7.189 18.281 17.502 11.587 8.521 8.326 13.814 15.283 12.726 11.229 8.261 8.590 5.738 14.142 1.680 1.344 15.936 7.682 7.992 16.493 10.328 10.499 5.832 8.592 9.139 11.022 11.403 3.365 1.474 9.615 
22 4.191 10.587 5.218 13.896 3.442 11.468 3.101 13.629 7.166 3.698 6.046 8.326 3.926 8.461 12.738 7.976 14.744 5.095 5.090 10.379 5.424 0.000 10.822 1.905 3.065 9.428 4.641 1.819 4.008 9.374 8.634 10.319 6.566 9.237 8.481 14.408 7.216 4.915 11.159 15.546 6.272 8.689 3.511 12.201 3.558 8.652 5.076 9.083 2.705 8.331 10.479 13.824 11.612 13.283 15.096 9.292 10.264 7.705 2.498 6.414 1.374 5.292 7.136 12.144 9.753 7.229 2.133 6.370 3.735 12.921 13.750 3.035 2.137 12.359 9.034 4.283 2.597 12.013 11.074 8.701 7.395 11.432 2.854 14.210 13.803 4.895 4.774 11.753 3.404 5.807 8.783 10.637 6.202 6.085 6.498 13.565 10.306 9.199 7.273 12.719 3.370 13.069 12.347 6.168 7.680 4.773 9.160 10.534 9.901 7.851 6.521 6.808 1.153 10.035 4.734 5.078 10.849 6.627 2.816 12.218 8.859 9.955 6.092 8.464 7.126 8.900 7.257 7.307 4.307 4.191 
23 6.640 8.752 11.793 5.161 10.402 1.013 8.651 10.324 4.878 14.515 14.013 4.363 14.721 18.252 1.996 7.352 10.685 5.925 11.018 10.981 16.239 10.822 0.000 10.275 13.180 3.271 14.292 9.385 11.175 18.609 16.235 0.507 12.922 3.132 3.280 5.554 3.943 14.321 7.991 6.976 9.368 7.098 8.549 10.730 8.948 14.398 14.372 17.236 9.244 9.776 17.557 8.264 5.738 8.020 6.255 1.949 1.764 4.992 10.528 13.255 9.542 8.118 8.919 2.521 5.556 8.337 12.053 8.309 9.588 7.390 3.297 9.956 11.571 8.864 18.625 14.995 12.749 8.747 6.194 16.945 3.627 10.023 12.791 4.167 7.545 11.796 15.322 9.149 14.019 8.702 10.561 14.608 4.844 12.536 6.957 9.014 15.752 2.346 11.227 7.301 10.122 5.178 3.955 4.761 14.752 9.990 6.246 5.864 11.571 10.887 13.255 13.285 10.752 9.430 15.337 15.735 3.998 13.450 8.607 9.598 13.647 16.302 15.035 15.929 13.068 12.607 9.055 17.569 15.100 6.640 
24 4.013 11.568 3.470 13.956 1.555 11.044 1.708 11.858 6.039 4.821 4.764 8.547 4.755 8.132 12.256 8.846 12.998 4.350 3.233 8.487 6.281 1.905 10.275 0.000 4.869 8.378 4.119 1.081 2.240 8.764 10.539 9.792 8.392 8.229 7.541 14.467 7.096 6.771 9.481 15.704 4.399 9.490 4.545 10.355 4.765 10.490 6.941 10.972 3.947 6.455 12.384 14.439 12.020 13.915 15.183 9.000 10.027 6.465 0.669 4.832 2.319 6.329 8.340 11.933 10.232 8.316 4.025 7.467 1.862 11.382 13.402 1.136 1.297 10.648 8.599 4.874 2.490 10.297 11.598 10.589 6.676 12.543 2.516 13.994 12.302 3.182 5.084 9.995 3.861 7.000 6.884 12.380 5.446 7.900 4.952 14.327 12.155 8.369 5.379 11.179 1.465 13.242 11.225 5.983 9.574 2.868 7.638 9.076 7.996 9.348 8.376 8.652 2.973 11.163 5.123 5.541 9.655 5.057 3.707 13.199 7.082 11.844 7.969 10.369 8.936 7.034 8.482 7.305 5.501 4.013 
25 6.655 10.873 7.754 15.482 6.297 13.688 6.159 16.688 10.052 2.456 7.872 9.959 3.180 8.618 14.984 8.672 17.807 7.848 7.819 13.331 4.078 3.065 13.180 4.869 0.000 12.223 5.730 4.867 6.656 9.885 5.928 12.674 4.787 12.008 11.223 15.983 9.319 1.938 14.223 16.959 9.267 9.438 4.789 15.224 4.514 6.636 2.125 6.187 3.985 11.319 7.790 14.605 12.801 14.054 16.616 11.453 12.327 10.637 5.350 8.627 3.859 6.075 7.278 14.112 10.935 7.604 1.137 6.844 6.731 15.950 15.832 5.998 4.514 15.424 9.303 3.820 4.056 15.077 12.115 5.802 10.014 11.412 4.410 16.131 16.816 7.404 4.607 14.814 3.608 6.181 11.716 8.958 8.901 4.429 9.549 14.107 8.155 11.844 10.061 15.749 6.289 14.532 15.153 8.419 5.290 7.694 12.194 13.540 12.777 7.180 4.559 4.891 2.522 10.065 4.449 4.555 13.716 8.807 4.576 12.419 11.308 7.536 3.167 5.818 5.378 11.564 7.338 7.089 2.605 6.655 
26 5.665 10.811 9.123 8.417 8.085 4.282 6.670 7.442 2.343 13.052 11.393 5.956 13.099 15.889 4.985 8.745 8.018 4.376 8.336 7.710 14.634 9.428 3.271 8.378 12.223 0.000 12.080 7.717 8.731 16.057 16.338 3.080 13.170 0.287 1.061 8.821 4.465 13.701 4.889 10.243 6.433 8.767 8.191 7.567 8.657 14.954 13.796 17.197 8.644 6.569 17.887 11.183 8.498 10.862 9.526 3.854 4.496 2.077 8.450 10.478 8.369 8.469 9.899 5.781 7.749 9.395 11.096 9.066 7.234 4.915 6.407 7.766 9.610 5.910 16.180 13.251 10.843 5.733 8.742 16.863 2.436 12.121 10.806 7.375 5.418 9.191 13.432 6.046 12.238 9.242 7.338 15.682 3.345 12.714 4.097 11.777 16.484 1.176 8.183 4.768 7.832 8.333 2.930 4.539 14.938 7.361 2.976 2.826 8.313 11.850 13.424 13.533 9.701 11.237 13.485 13.910 1.621 10.654 7.923 11.961 10.545 16.800 14.622 16.061 13.454 9.445 10.061 15.428 13.699 5.665 
27 8.125 15.227 3.689 18.073 3.996 15.102 5.645 13.812 9.761 3.788 2.444 12.627 3.105 4.014 16.285 12.598 15.023 8.394 4.292 9.688 3.973 4.641 14.292 4.119 5.730 12.080 0.000 5.159 3.448 4.748 11.487 13.822 10.434 11.977 11.368 18.584 11.214 7.447 11.949 19.811 6.489 13.298 8.137 11.928 8.199 12.357 7.651 11.496 7.346 8.116 13.316 18.382 16.055 17.848 19.298 13.102 14.134 10.039 3.770 3.616 5.879 9.930 11.762 16.039 14.231 11.870 5.688 11.011 4.847 14.173 17.473 4.354 2.864 12.929 4.496 2.623 2.051 12.581 15.582 11.124 10.667 16.064 1.793 18.095 15.151 3.413 2.109 12.114 2.189 10.442 8.141 14.627 9.450 10.024 8.171 18.175 13.885 12.256 6.138 13.974 4.249 17.344 14.768 10.101 11.007 4.964 10.664 12.154 8.829 12.314 10.252 10.578 5.631 14.667 2.292 2.668 13.149 3.710 7.389 16.859 6.361 13.223 8.627 11.427 11.027 7.062 11.878 3.352 4.287 8.125 
28 2.970 10.522 4.358 12.917 2.330 10.114 1.296 11.868 5.416 5.335 5.822 7.478 5.408 9.168 11.349 7.789 12.967 3.494 3.984 8.807 6.943 1.819 9.385 1.081 4.867 7.717 5.159 0.000 3.154 9.835 10.214 8.893 7.808 7.544 6.814 13.429 6.071 6.666 9.360 14.652 4.684 8.424 3.570 10.515 3.840 9.908 6.816 10.753 3.071 6.726 12.027 13.358 10.942 12.835 14.141 8.025 9.041 5.923 1.666 5.801 1.522 5.321 7.359 10.946 9.151 7.303 3.863 6.463 2.252 11.102 12.456 1.741 2.298 10.570 9.651 5.626 3.389 10.225 10.517 10.376 5.836 11.520 3.479 13.012 11.985 4.105 5.939 9.987 4.638 6.027 7.254 11.668 4.611 7.306 4.683 13.252 11.585 7.590 5.971 10.900 2.131 12.186 10.617 4.964 9.136 3.380 7.341 8.718 8.433 8.477 7.842 8.095 2.574 10.148 5.952 6.351 9.090 6.029 2.722 12.149 7.883 11.374 7.807 10.017 8.323 7.697 7.506 8.270 5.986 2.970 
29 5.670 13.629 1.231 15.364 0.894 12.051 2.854 10.662 6.456 5.856 2.920 10.201 5.497 7.159 13.169 10.882 11.855 5.470 1.176 6.837 6.852 4.008 11.175 2.240 6.656 8.731 3.448 3.154 0.000 7.435 12.520 10.730 10.571 8.651 8.098 15.866 8.546 8.593 8.604 17.172 3.132 11.484 6.722 8.926 6.975 12.659 8.780 12.843 6.173 4.986 14.380 16.266 13.733 15.759 16.597 10.210 11.252 6.665 1.572 2.655 4.551 8.471 10.513 13.132 12.024 10.449 6.006 9.614 1.598 10.769 14.432 1.506 2.148 9.650 7.475 5.342 3.024 9.297 13.397 12.458 7.570 14.656 2.777 15.145 11.740 0.952 5.206 8.881 4.411 9.180 5.214 14.603 6.410 10.086 4.742 16.248 14.313 9.018 3.418 10.568 1.174 14.755 11.350 7.448 11.655 1.526 7.218 8.709 6.174 11.582 10.528 10.816 5.141 13.291 5.326 5.762 9.728 2.884 5.875 15.248 4.860 13.936 9.822 12.374 11.126 4.929 10.660 6.780 6.527 5.670 
30 12.767 19.956 6.940 22.679 8.232 19.483 10.116 15.975 13.848 7.499 4.669 17.311 6.734 1.529 20.602 17.343 17.168 12.846 7.726 11.612 6.487 9.374 18.609 8.764 9.885 16.057 4.748 9.835 7.435 0.000 15.040 18.165 14.667 16.005 15.499 23.187 15.814 11.243 14.767 24.450 9.793 18.045 12.879 13.894 12.926 16.415 11.439 14.752 12.077 10.742 16.738 23.126 20.772 22.593 23.910 17.598 18.639 13.980 8.305 5.736 10.627 14.665 16.457 20.533 18.961 16.590 10.140 15.734 9.027 17.144 21.864 8.737 7.573 15.487 0.886 6.086 6.777 15.171 20.317 14.421 15.003 20.760 6.540 22.561 18.130 6.868 5.286 14.587 6.377 15.150 10.419 18.811 13.831 14.314 11.971 22.923 17.801 16.430 8.565 16.962 8.519 21.996 18.487 14.699 14.893 8.700 14.089 15.523 10.569 16.869 14.416 14.750 10.310 19.364 5.458 5.446 16.873 5.614 12.138 21.585 7.280 16.952 12.261 15.056 15.256 8.498 16.566 3.171 7.659 12.767 
31 10.793 10.372 13.655 16.760 12.061 16.409 11.465 21.971 14.543 7.762 13.752 12.089 8.518 13.592 17.653 9.523 23.012 12.255 13.661 18.995 8.563 8.634 16.235 10.539 5.928 16.338 11.487 10.214 12.520 15.040 0.000 15.768 3.325 16.076 15.277 17.190 12.374 4.055 19.341 17.757 14.873 10.154 8.163 20.720 7.691 2.695 3.851 1.185 7.853 16.928 1.864 14.410 13.633 13.913 17.656 14.297 14.878 15.221 11.107 14.552 8.805 8.121 7.708 16.285 12.075 8.293 6.530 8.036 12.353 20.729 18.086 11.668 10.403 20.585 14.306 9.137 9.972 20.254 12.779 1.124 13.913 10.202 10.324 18.027 21.487 13.309 9.921 20.091 9.299 7.558 17.411 4.877 13.080 3.700 14.646 13.519 3.147 15.628 15.883 20.537 12.003 15.665 19.139 11.882 1.501 13.407 17.098 18.264 18.535 6.137 2.980 2.968 7.648 9.277 9.723 9.638 17.948 14.730 8.573 11.439 17.232 2.006 2.861 0.324 3.299 17.447 7.632 11.926 7.438 10.793 
32 6.135 8.490 11.373 5.349 9.948 1.343 8.178 10.312 4.495 14.012 13.581 3.975 14.221 17.789 2.465 6.974 10.729 5.443 10.602 10.768 15.738 10.319 0.507 9.792 12.674 3.080 13.822 8.893 10.730 18.165 15.768 0.000 12.459 2.905 2.944 5.769 3.449 13.821 7.901 7.190 8.999 6.758 8.049 10.619 8.451 13.960 13.873 16.762 8.740 9.491 17.106 8.233 5.636 7.959 6.485 1.520 1.574 4.662 10.054 12.847 9.037 7.647 8.504 2.729 5.296 7.926 11.546 7.869 9.139 7.454 3.709 9.492 11.088 8.826 18.169 14.499 12.262 8.691 6.029 16.468 3.166 9.775 12.308 4.518 7.674 11.367 14.831 9.062 13.525 8.247 10.283 14.221 4.372 12.068 6.590 8.929 15.332 2.047 10.878 7.353 9.666 5.262 4.158 4.255 14.288 9.569 6.047 5.784 11.322 10.478 12.788 12.823 10.246 9.127 14.844 15.241 4.002 13.045 8.102 9.405 13.309 15.863 14.542 15.463 12.615 12.293 8.643 17.090 14.595 6.135 
33 7.775 7.482 11.784 13.551 9.946 13.085 8.946 19.183 11.512 7.187 12.387 8.765 7.941 13.372 14.329 6.269 20.168 9.263 11.624 16.567 8.576 6.566 12.922 8.392 4.787 13.170 10.434 7.808 10.571 14.667 3.325 12.459 0.000 12.900 12.110 13.997 9.089 3.722 16.488 14.650 12.466 6.938 5.115 18.102 4.643 2.102 3.576 4.398 5.008 14.475 4.718 11.523 10.467 10.999 14.497 10.980 11.553 12.207 9.033 12.932 6.296 4.823 4.456 12.974 8.831 5.025 4.790 4.717 10.053 17.708 14.775 9.452 8.624 17.740 14.065 8.587 8.571 17.422 9.632 4.161 10.735 7.587 8.917 14.745 18.421 11.461 9.383 17.321 8.376 4.233 15.046 4.193 9.990 0.506 11.871 10.748 3.776 12.402 13.744 17.522 9.825 12.470 15.917 8.662 1.832 11.169 14.175 15.250 16.238 3.191 0.438 0.366 5.432 6.447 9.217 9.285 14.789 13.136 5.678 8.767 15.426 3.702 3.339 3.013 0.593 15.425 4.401 11.798 7.159 7.775 
34 5.427 10.534 9.080 8.252 7.985 4.145 6.523 7.703 2.218 12.876 11.345 5.676 12.936 15.810 4.910 8.459 8.292 4.167 8.293 7.864 14.472 9.237 3.132 8.229 12.008 0.287 11.977 7.544 8.651 16.005 16.076 2.905 12.900 0.000 0.803 8.666 4.177 13.469 5.127 10.088 6.435 8.483 7.934 7.785 8.399 14.677 13.562 16.941 8.400 6.661 17.618 10.952 8.258 10.625 9.376 3.603 4.279 2.038 8.322 10.457 8.158 8.190 9.613 5.623 7.481 9.109 10.879 8.782 7.136 5.201 6.321 7.649 9.473 6.167 16.113 13.100 10.704 5.983 8.487 16.608 2.166 11.843 10.675 7.268 5.705 9.137 13.295 6.282 12.089 8.961 7.439 15.397 3.115 12.446 4.070 11.531 16.204 0.931 8.218 5.053 7.728 8.139 3.149 4.262 14.671 7.306 3.144 3.085 8.440 11.564 13.157 13.264 9.487 10.953 13.345 13.768 1.898 10.636 7.681 11.693 10.599 16.525 14.380 15.797 13.180 9.519 9.775 15.322 13.518 5.427 
35 4.627 9.987 8.608 8.239 7.391 4.268 5.840 8.197 1.652 12.136 10.858 5.126 12.218 15.246 5.199 7.810 8.862 3.394 7.825 7.949 13.754 8.481 3.280 7.541 11.223 1.061 11.368 6.814 8.098 15.499 15.277 2.944 12.110 0.803 0.000 8.679 3.505 12.670 5.535 10.094 6.094 7.882 7.132 8.096 7.598 13.902 12.762 16.139 7.598 6.562 16.826 10.666 7.940 10.308 9.404 3.287 4.108 1.719 7.670 10.032 7.379 7.421 8.895 5.656 7.010 8.405 10.092 8.045 6.549 5.866 6.565 7.020 8.801 6.647 15.572 12.400 10.025 6.434 8.095 15.806 1.379 11.294 10.011 7.443 6.428 8.640 12.620 6.666 11.393 8.203 7.361 14.665 2.323 11.654 3.686 11.175 15.439 0.949 7.948 5.706 7.125 8.017 3.945 3.492 13.877 6.813 3.346 3.609 8.433 10.834 12.363 12.473 8.702 10.351 12.663 13.082 2.679 10.221 6.878 11.210 10.371 15.744 13.578 15.000 12.397 9.350 9.059 14.701 12.773 4.627 
36 10.460 7.215 16.688 0.513 15.010 4.552 13.080 15.660 10.117 17.872 18.784 6.096 18.268 22.596 4.300 7.747 15.857 10.397 15.954 16.529 19.678 14.408 5.554 14.467 15.983 8.821 18.584 13.429 15.866 23.187 17.190 5.769 13.997 8.666 8.679 0.000 7.376 16.550 13.488 1.422 14.592 7.059 11.247 16.242 11.475 14.782 16.533 18.339 12.105 15.241 18.030 4.245 3.566 4.372 0.737 5.717 4.699 10.384 14.885 18.221 13.034 9.967 9.544 3.042 5.200 8.993 14.969 9.481 14.281 12.567 3.118 14.468 15.727 14.271 23.064 18.682 16.764 14.191 4.433 18.138 8.527 8.053 16.895 2.087 12.490 16.623 19.174 14.636 17.807 10.108 16.039 14.045 9.534 13.774 12.213 5.390 15.688 7.813 16.514 12.517 14.720 1.527 8.865 8.491 15.715 14.916 11.797 11.365 17.090 11.084 14.415 14.314 13.940 8.288 19.141 19.485 9.418 18.432 11.692 7.043 18.965 16.595 16.898 16.866 13.902 18.003 9.596 21.648 18.338 10.460 
37 3.106 6.601 9.453 6.867 7.673 4.369 5.723 11.638 3.902 10.844 11.465 1.896 11.139 15.228 5.667 4.306 12.352 3.146 8.760 10.736 12.618 7.216 3.943 7.096 9.319 4.465 11.214 6.071 8.546 15.814 12.374 3.449 9.089 4.177 3.505 7.376 0.000 10.387 8.920 8.642 7.770 4.420 4.618 11.312 5.008 10.706 10.434 13.344 5.346 8.971 13.779 8.024 5.336 7.574 8.097 2.134 3.054 4.512 7.510 11.007 5.866 4.266 5.458 4.928 3.909 4.939 8.207 4.674 6.987 9.363 6.558 7.113 8.366 10.087 15.689 11.489 9.438 9.848 5.200 13.042 2.289 7.893 9.548 6.996 9.880 9.352 11.916 10.009 10.564 4.945 9.770 11.254 2.593 8.678 5.646 8.280 12.165 3.466 9.708 9.208 7.384 6.210 6.924 1.115 10.910 7.743 6.587 7.099 10.980 7.428 9.399 9.454 6.969 6.877 11.901 12.269 6.036 11.227 4.751 7.951 12.139 12.592 11.093 12.076 9.288 11.375 5.617 14.329 11.387 3.106 
38 8.044 10.756 9.685 16.065 8.225 14.724 7.961 18.531 11.630 3.789 9.697 10.717 4.560 9.865 16.020 8.926 19.633 9.364 9.757 15.251 4.927 4.915 14.321 6.771 1.938 13.701 7.447 6.666 8.593 11.243 4.055 13.821 3.722 13.469 12.670 16.550 10.387 0.000 16.017 17.404 11.169 9.679 5.772 17.113 5.384 5.198 0.205 4.250 5.121 13.226 5.906 14.686 13.187 14.142 17.136 12.495 13.285 12.251 7.274 10.516 5.473 6.609 7.293 14.972 11.377 7.737 2.803 7.108 8.630 17.656 16.741 7.906 6.451 17.233 10.573 5.200 5.931 16.889 12.427 3.865 11.392 11.079 6.281 16.926 18.494 9.335 6.000 16.651 5.263 6.460 13.639 7.646 10.356 3.538 11.314 14.049 6.563 13.209 11.998 17.456 8.208 15.052 16.615 9.609 3.652 9.615 13.918 15.219 14.710 6.668 3.369 3.691 4.153 9.821 5.813 5.797 15.245 10.690 5.815 12.192 13.221 5.794 1.233 3.981 4.257 13.499 7.308 8.239 3.591 8.044 
39 8.752 15.495 8.308 13.128 8.407 8.958 8.066 2.756 5.200 14.217 10.350 10.647 13.994 15.071 9.325 13.185 3.681 7.271 7.657 3.772 15.422 11.159 7.991 9.481 14.223 4.889 11.949 9.360 8.604 14.767 19.341 7.901 16.488 5.127 5.535 13.488 8.920 16.017 0.000 14.897 5.477 13.340 11.387 2.758 11.854 18.474 16.159 20.004 11.522 4.028 21.067 16.072 13.385 15.751 14.158 8.729 9.377 4.505 9.195 9.098 10.598 12.254 14.023 10.498 12.545 13.603 13.217 13.097 7.707 2.393 10.734 8.447 10.354 1.252 15.150 13.915 11.497 0.950 13.603 19.636 6.632 16.797 11.313 11.802 3.370 8.548 13.809 1.161 12.945 13.099 4.406 19.625 6.792 15.992 4.713 16.657 20.107 6.057 6.209 2.224 8.281 13.156 5.110 8.572 18.094 7.101 2.388 2.127 4.741 15.854 16.647 16.829 11.875 15.794 13.930 14.366 4.086 9.186 10.823 16.744 7.888 20.189 17.127 19.106 16.886 6.592 14.194 15.135 14.903 8.752 
40 11.691 7.515 18.022 1.862 16.307 5.972 14.364 17.036 11.516 18.935 20.092 7.223 19.364 23.817 5.654 8.498 17.204 11.713 17.296 17.951 20.743 15.546 6.976 15.704 16.959 10.243 19.811 14.652 17.172 24.450 17.757 7.190 14.650 10.088 10.094 1.422 8.642 17.404 14.897 0.000 15.978 7.766 12.287 17.652 12.480 15.259 17.374 18.924 13.154 16.656 18.471 3.936 4.223 4.233 0.748 7.085 6.083 11.796 16.144 19.561 14.174 10.895 10.243 4.465 6.040 9.726 15.981 10.298 15.595 13.925 4.378 15.754 16.949 15.663 24.301 19.800 17.954 15.589 5.025 18.746 9.906 8.157 18.099 3.286 13.812 17.947 20.320 16.041 18.950 10.945 17.455 14.302 10.884 14.468 13.608 5.114 16.038 9.233 17.905 13.881 16.018 2.478 10.214 9.754 16.309 16.261 13.219 12.775 18.510 11.621 15.078 14.950 15.015 8.621 20.278 20.609 10.820 19.775 12.787 7.028 20.359 17.016 17.672 17.434 14.503 19.408 10.273 22.823 19.374 11.691 
41 5.716 13.860 2.937 14.119 3.055 10.340 3.530 7.579 4.507 8.876 5.155 9.639 8.585 9.849 11.287 11.154 8.758 4.734 2.215 4.125 9.975 6.272 9.368 4.399 9.267 6.433 6.489 4.684 3.132 9.793 14.873 8.999 12.466 6.435 6.094 14.592 7.770 11.169 5.477 15.978 0.000 11.603 7.786 5.967 8.175 14.560 11.338 15.354 7.554 2.059 16.698 15.793 13.098 15.339 15.328 8.899 9.896 4.413 3.952 4.092 6.174 9.245 11.296 11.643 11.630 11.069 8.405 10.329 2.540 7.686 12.659 3.268 5.018 6.520 10.030 8.465 6.086 6.168 12.957 14.973 6.073 15.039 5.876 13.517 8.667 3.127 8.334 5.767 7.514 10.070 2.581 16.196 5.213 11.961 2.411 16.004 16.237 7.040 1.945 7.488 3.000 13.709 8.700 6.836 13.819 1.664 4.313 5.777 3.797 12.757 12.517 12.762 7.227 13.771 8.457 8.892 7.092 4.252 7.003 15.393 4.398 16.056 12.361 14.685 12.964 3.623 11.461 9.735 9.559 5.716 
42 5.966 2.264 12.601 6.615 10.598 6.894 8.716 16.054 8.269 11.628 14.246 2.851 12.167 17.144 7.976 0.766 16.744 6.906 12.042 14.982 13.411 8.689 7.098 9.490 9.438 8.767 13.298 8.424 11.484 18.045 10.154 6.758 6.938 8.483 7.882 7.059 4.420 9.679 13.340 7.766 11.603 0.000 5.179 15.704 5.203 7.850 9.638 11.292 6.016 13.095 11.111 5.197 3.549 4.647 7.571 5.283 5.402 8.910 10.087 14.127 7.421 3.456 2.488 6.358 1.937 1.960 8.575 2.603 10.141 13.679 8.116 9.980 10.531 14.502 17.723 12.688 11.276 14.267 2.752 11.083 6.708 3.507 11.505 7.923 14.112 12.407 13.320 14.427 11.973 3.267 13.868 7.602 6.799 6.722 9.786 4.878 8.962 7.659 13.458 13.535 10.337 5.532 10.841 4.946 8.669 11.133 11.003 11.491 15.111 4.135 7.356 7.256 7.879 2.471 13.237 13.507 10.250 14.356 5.909 3.805 15.776 9.722 9.907 9.830 6.857 15.207 2.537 15.913 11.974 5.966 
43 2.661 7.105 7.927 10.741 5.896 8.971 4.327 14.099 6.407 6.649 9.278 5.182 7.106 11.966 10.269 4.465 15.065 4.147 7.520 11.760 8.457 3.511 8.549 4.545 4.789 8.191 8.137 3.570 6.722 12.879 8.163 8.049 5.115 7.934 7.132 11.247 4.618 5.772 11.387 12.287 7.786 5.179 0.000 13.118 0.475 7.089 5.825 9.007 0.871 9.683 9.778 10.334 8.224 9.790 11.900 6.736 7.566 7.097 5.196 9.362 2.297 1.807 3.796 9.327 6.348 3.787 3.731 2.931 5.679 12.605 11.059 5.292 5.435 12.639 12.545 7.584 6.104 12.326 7.630 8.674 5.785 8.019 6.344 11.341 13.338 7.674 8.177 12.250 6.818 2.458 10.336 8.452 4.917 4.628 6.832 10.054 8.732 7.554 9.357 12.417 5.680 9.830 11.037 3.863 6.802 6.796 9.062 10.143 11.575 4.989 5.310 5.465 2.753 6.631 8.107 8.402 9.793 9.589 0.848 8.740 11.413 8.815 6.531 7.894 5.499 11.121 3.940 10.758 7.093 2.661 
44 10.603 17.912 8.264 15.877 9.007 11.705 9.256 2.105 7.437 14.776 9.921 13.119 14.418 14.466 12.081 15.473 3.275 9.193 7.803 2.303 15.717 12.201 10.730 10.355 15.224 7.567 11.928 10.515 8.926 13.894 20.720 10.619 18.102 7.785 8.096 16.242 11.312 17.113 2.758 17.652 5.967 15.704 13.118 0.000 13.563 20.157 17.277 21.263 13.096 3.951 22.516 18.732 16.022 18.391 16.914 11.357 12.062 6.800 9.918 8.589 11.924 14.227 16.123 13.243 15.071 15.756 14.329 15.168 8.494 4.483 13.488 9.232 10.954 2.321 14.414 14.217 11.949 2.223 16.189 20.884 9.041 19.200 11.700 14.558 5.252 8.575 13.957 1.644 13.325 15.082 3.787 21.532 8.958 17.597 6.296 19.270 21.822 8.714 5.794 4.399 8.967 15.881 7.792 10.807 19.584 7.597 4.763 4.877 3.326 17.854 18.207 18.424 13.089 18.120 14.108 14.527 6.844 8.609 12.447 19.235 6.639 21.770 18.291 20.514 18.553 5.396 16.295 14.832 15.451 10.603 
45 3.135 7.030 8.192 10.973 6.170 9.341 4.685 14.562 6.882 6.490 9.452 5.450 6.987 11.966 10.638 4.465 15.532 4.620 7.817 12.175 8.292 3.558 8.948 4.765 4.514 8.657 8.199 3.840 6.975 12.926 7.691 8.451 4.643 8.399 7.598 11.475 5.008 5.384 11.854 12.480 8.175 5.203 0.475 13.563 0.000 6.626 5.427 8.542 0.857 10.093 9.303 10.390 8.370 9.842 12.115 7.111 7.914 7.572 5.427 9.596 2.462 1.755 3.607 9.645 6.493 3.671 3.501 2.812 6.006 13.080 11.392 5.578 5.570 13.106 12.561 7.492 6.153 12.792 7.741 8.212 6.246 7.884 6.412 11.641 13.813 7.926 8.117 12.710 6.772 2.266 10.735 8.035 5.391 4.155 7.284 10.057 8.274 8.006 9.705 12.891 5.968 10.036 11.495 4.297 6.328 7.130 9.533 10.618 11.969 4.649 4.835 4.992 2.677 6.489 8.035 8.312 10.262 9.822 1.174 8.661 11.716 8.344 6.103 7.421 5.033 11.463 3.740 10.710 6.899 3.135 
46 9.727 7.792 13.868 14.375 12.045 14.447 11.035 21.187 13.425 8.920 14.394 10.098 9.690 15.057 15.641 7.301 22.149 11.215 13.720 18.654 10.118 8.652 14.398 10.490 6.636 14.954 12.357 9.908 12.659 16.415 2.695 13.960 2.102 14.677 13.902 14.782 10.706 5.198 18.474 15.259 14.560 7.850 7.089 20.157 6.626 0.000 5.011 3.867 7.065 16.562 3.262 11.799 11.217 11.315 15.206 12.450 12.905 14.127 11.127 14.987 8.394 6.491 5.540 14.148 9.787 6.138 6.801 6.091 12.154 19.602 15.932 11.554 10.685 19.726 15.763 10.338 10.562 19.414 10.349 3.809 12.523 7.536 10.912 15.773 20.279 13.541 11.141 19.336 10.242 5.761 17.140 2.480 11.870 2.603 13.900 10.873 1.677 14.112 15.846 19.420 11.925 13.268 17.615 10.416 1.695 13.271 16.137 17.156 18.336 3.718 2.144 1.845 7.524 6.685 10.962 10.977 16.575 15.188 7.712 8.778 17.509 1.906 4.378 2.402 1.604 17.524 5.430 13.437 8.784 9.727 
