param n := 96;
param m := 8;
param L := 45;
param Q := 6;
param T := 720;
param t :
    1   2   3   4   5   6   7   8   9  10  11  12  13  14  15  16  17  18  19  20  21  22  23  24  25  26  27  28  29  30  31  32  33  34  35  36  37  38  39  40  41  42  43  44  45  46  47  48  49  50  51  52  53  54  55  56  57  58  59  60  61  62  63  64  65  66  67  68  69  70  71  72  73  74  75  76  77  78  79  80  81  82  83  84  85  86  87  88  89  90  91  92  93  94  95  96  97  98  99 100 101 102 103 104 105 106 107 108 109 110 111 112 113 114 115 116 117 118 119 120 121 122 123 124 125 126 127 128 129 130 131 132 133 134 135 136 137 138 139 140 141 142 143 144 145 146 147 148 149 150 151 152 153 154 155 156 157 158 159 160 161 162 163 164 165 166 167 168 169 170 171 172 173 174 175 176 177 178 179 180 181 182 183 184 185 186 187 188 189 190 191 192 193 194 :=
1 0.000 11.511 5.494 10.067 6.043 9.774 3.437 8.552 9.349 7.455 6.240 0.217 5.726 10.312 9.497 10.658 9.956 10.204 7.716 8.382 9.850 11.137 9.422 8.377 3.418 3.139 10.040 4.624 9.580 9.555 4.713 8.623 8.714 9.670 9.551 4.323 9.444 3.052 6.324 1.844 7.626 4.187 10.537 5.487 10.484 6.144 3.541 6.654 11.557 8.772 9.493 5.746 9.957 5.329 8.282 5.542 9.105 7.093 10.069 8.762 6.117 7.997 7.787 8.745 2.302 4.987 8.314 7.075 4.981 4.223 9.403 6.836 10.158 9.402 5.606 9.402 5.733 9.785 8.972 4.213 3.241 9.826 7.408 9.499 7.665 7.364 9.778 7.857 2.698 1.927 10.737 8.734 11.752 11.307 1.412 12.176 5.677 6.834 4.706 5.013 8.695 6.121 4.365 8.925 10.892 9.730 11.073 7.049 7.676 11.568 1.669 10.807 3.673 2.267 10.038 10.263 10.811 7.234 9.308 9.602 4.863 7.462 5.930 9.192 9.417 9.249 8.771 7.385 8.702 13.811 4.435 8.232 3.824 4.313 6.081 4.622 8.241 7.646 11.373 7.989 3.104 11.176 7.671 9.672 6.340 4.810 9.156 11.528 6.774 2.549 6.844 1.401 5.790 8.558 4.056 6.558 5.847 4.822 3.006 6.718 7.631 8.320 0.832 4.351 3.626 11.873 10.765 8.997 11.353 9.538 8.062 2.797 4.009 11.277 7.311 5.956 8.687 11.479 2.998 13.310 7.448 7.155 12.455 3.239 12.298 0.684 8.086 7.326 7.393 4.874 11.604 3.747 8.905 0.000 
2 11.511 0.000 7.565 13.461 17.293 18.229 13.485 17.020 20.288 17.613 8.657 11.393 14.240 17.606 20.021 14.558 11.218 16.991 10.434 19.271 2.109 18.134 3.310 3.134 12.426 14.169 21.151 16.049 1.932 18.307 7.252 15.014 10.332 15.221 18.776 7.200 14.613 9.605 10.037 13.216 5.884 15.530 21.160 15.749 10.848 12.139 13.796 17.134 3.905 15.547 20.033 10.314 2.348 13.499 15.502 9.403 16.718 7.702 19.923 4.011 9.390 6.782 10.805 18.123 13.300 11.565 11.930 18.570 11.892 10.403 17.470 15.870 12.985 20.625 11.436 17.331 16.765 17.632 13.572 9.276 8.461 14.668 17.606 2.149 10.787 4.527 8.992 11.578 9.641 13.401 1.385 15.910 12.264 22.080 12.276 23.376 15.607 15.700 14.142 14.697 18.686 5.519 14.934 9.704 17.638 13.937 4.785 7.305 6.272 16.490 11.968 22.154 7.845 12.639 21.362 21.773 15.684 15.232 16.053 17.479 9.753 18.921 14.809 20.575 2.722 20.370 3.741 8.170 10.990 25.129 7.308 13.633 15.175 14.711 17.542 7.045 3.373 5.382 22.883 9.938 9.600 0.983 16.716 3.306 17.832 14.882 10.075 19.287 17.908 9.718 7.458 10.120 13.094 17.851 8.659 14.676 12.813 9.736 11.705 15.729 12.419 19.661 11.810 8.592 10.290 15.256 22.236 18.068 4.915 14.488 10.604 14.250 15.087 18.265 13.606 13.467 8.485 5.087 11.206 19.273 11.849 16.019 18.344 13.191 23.684 11.473 17.750 17.665 18.828 14.396 4.534 13.181 9.152 11.511 
3 5.494 7.565 0.000 7.149 10.266 14.824 6.211 9.478 12.964 12.890 1.636 5.499 6.677 14.984 14.989 13.936 5.799 9.729 9.899 11.950 5.510 15.742 4.613 4.865 8.154 7.215 13.898 9.960 5.861 10.760 1.449 7.735 10.547 8.203 11.212 3.298 7.673 2.579 2.870 6.667 2.245 9.605 13.709 8.352 6.001 4.694 8.866 9.737 9.345 8.211 12.580 2.913 5.426 9.946 8.075 7.640 9.273 7.714 15.488 3.845 8.081 7.888 10.157 10.559 7.776 8.675 11.120 12.183 4.330 7.372 9.979 11.942 12.873 13.462 9.016 9.856 9.610 14.630 12.374 6.444 2.566 13.442 10.129 5.428 10.062 3.082 4.725 4.797 2.841 7.321 6.396 13.259 7.522 14.660 5.586 16.142 8.144 11.881 6.667 10.236 11.157 4.170 7.684 10.355 15.390 7.305 9.386 7.390 2.207 15.375 6.785 15.078 2.985 7.522 15.351 15.196 8.951 7.694 8.753 10.016 7.368 12.108 10.918 14.464 6.581 13.141 3.995 2.278 10.891 17.972 1.933 11.917 8.382 7.421 10.786 2.105 5.207 6.505 16.191 9.812 2.544 7.653 9.151 4.794 11.486 10.148 10.720 16.417 10.764 5.386 1.442 4.504 10.048 10.286 5.675 7.119 5.282 2.174 4.384 8.167 5.348 13.646 5.348 5.909 2.857 9.149 15.366 14.207 9.674 7.615 4.227 8.175 8.071 15.886 11.298 5.918 3.591 9.856 3.890 17.636 4.828 12.219 16.709 5.928 16.628 5.097 13.428 10.216 11.969 6.920 9.684 8.753 4.042 5.494 
4 10.067 13.461 7.149 0.000 11.024 19.684 7.829 6.287 11.978 16.849 5.521 10.218 5.826 20.365 18.301 20.374 2.503 4.552 16.675 11.189 11.408 21.196 10.155 11.549 13.473 9.303 13.051 12.805 12.239 7.293 8.489 3.325 17.446 2.536 8.148 10.260 1.968 7.643 4.381 9.885 7.744 12.795 11.890 8.317 3.239 3.958 13.440 9.187 16.145 3.862 10.945 4.673 11.117 15.392 4.337 14.326 5.196 14.769 19.377 9.503 14.839 15.026 16.880 7.971 12.038 14.738 17.711 13.975 5.127 13.618 6.056 16.777 19.545 13.032 15.246 5.835 10.154 19.799 18.717 12.971 8.905 19.683 8.921 11.612 16.772 9.707 4.763 2.417 8.036 11.026 12.086 18.801 3.023 12.886 9.086 15.038 7.777 16.810 6.978 14.929 9.164 11.316 8.626 17.345 20.959 0.874 16.352 14.474 7.308 21.519 11.736 14.672 9.711 12.294 17.261 16.066 2.364 5.199 4.015 5.861 13.886 12.988 15.951 16.339 13.353 12.526 9.809 5.446 17.698 16.933 8.910 18.089 10.384 8.320 12.123 9.154 12.059 13.648 16.666 16.691 7.586 13.898 6.879 10.159 13.510 14.608 17.690 21.504 11.006 11.468 6.365 9.993 15.792 7.713 12.314 5.315 4.517 5.785 7.118 6.540 2.442 15.817 9.374 12.602 6.640 2.004 15.516 18.777 16.629 1.721 2.990 11.580 9.619 21.335 17.263 4.822 4.989 16.819 7.069 23.375 2.658 17.112 22.513 7.762 16.075 9.390 17.699 9.188 12.760 7.078 16.569 13.803 4.341 10.067 
5 6.043 17.293 10.266 11.024 0.000 10.872 4.111 5.930 3.403 7.397 10.145 6.221 5.225 12.259 7.939 14.571 12.228 8.501 12.892 2.552 15.454 13.079 14.784 14.190 7.601 3.126 4.001 3.402 15.382 6.142 10.099 8.052 13.953 9.255 5.589 10.249 9.439 7.801 9.384 4.204 12.498 3.899 4.785 2.706 13.001 7.708 6.287 2.230 17.599 7.770 3.931 8.743 15.479 8.778 7.142 11.102 7.119 12.938 9.419 14.044 11.640 13.933 12.843 4.910 5.417 9.695 12.990 3.083 6.921 9.561 6.807 8.587 14.645 3.366 10.370 6.950 0.869 11.441 13.015 9.968 8.834 13.494 3.016 15.193 12.723 12.888 13.135 9.793 7.691 4.549 16.361 11.301 13.723 5.400 5.030 6.142 3.253 8.764 4.247 7.185 4.048 12.090 2.704 14.336 13.087 10.293 17.109 12.957 12.379 14.743 6.515 4.863 9.520 6.298 6.258 5.191 10.419 5.987 8.053 7.115 10.376 2.010 8.366 5.349 15.389 3.212 14.137 11.297 13.742 7.839 9.991 12.111 2.223 3.017 1.244 10.249 14.149 13.687 6.030 13.318 7.819 17.064 4.853 14.996 2.847 6.634 14.483 12.750 0.819 8.487 11.218 7.406 9.607 4.919 9.996 5.723 6.841 8.506 5.905 4.651 8.975 4.948 5.546 10.265 7.448 12.122 5.112 9.719 17.387 9.654 10.603 4.039 2.216 13.189 11.039 6.319 12.300 17.509 6.386 15.474 9.195 8.919 14.849 4.374 6.402 5.893 8.455 2.731 1.809 4.072 17.646 7.247 12.195 6.043 
6 9.774 18.229 14.824 19.684 10.872 0.000 12.042 16.421 13.461 3.512 15.891 9.671 14.446 1.857 4.501 6.302 19.730 18.750 8.347 13.042 17.374 2.452 17.521 15.538 6.670 10.699 13.337 7.611 16.542 16.906 13.620 17.645 9.019 18.823 16.438 12.203 18.746 12.721 16.096 9.834 16.602 7.322 14.995 12.730 20.249 15.727 6.265 12.980 16.154 17.601 14.494 15.520 17.660 4.963 17.004 8.826 17.419 10.678 2.964 17.087 8.878 11.783 8.011 15.716 7.650 6.720 7.143 8.454 14.562 8.000 17.346 2.938 7.517 12.531 6.792 17.441 11.433 1.036 5.783 9.157 12.262 5.257 13.836 16.835 7.969 15.497 19.421 17.587 12.327 8.672 18.076 2.605 21.525 15.156 10.600 14.377 13.236 2.958 13.188 4.773 14.920 13.149 11.818 9.747 2.714 19.233 15.176 11.029 16.793 5.175 8.180 12.739 12.065 7.510 7.942 10.199 20.026 15.795 18.046 17.630 8.518 10.195 3.910 7.965 15.529 12.835 16.957 16.965 8.368 14.964 13.172 5.173 9.963 12.031 9.735 13.191 15.023 12.880 11.238 8.968 12.778 17.480 15.328 17.803 8.241 5.077 9.566 1.897 11.555 9.531 16.263 10.370 5.167 15.681 9.910 15.247 15.232 14.581 12.583 14.735 17.247 7.362 10.363 9.866 13.400 21.352 11.708 1.186 15.336 18.889 17.837 8.227 10.789 2.519 4.760 15.115 18.299 15.338 12.702 4.746 17.138 2.627 4.338 12.036 13.465 10.409 2.443 13.572 10.380 13.209 15.807 6.106 18.593 9.774 
7 3.437 13.485 6.211 7.829 4.111 12.042 0.000 5.124 6.807 9.044 6.037 3.653 2.464 12.946 10.494 13.933 8.512 6.953 11.153 5.790 11.552 13.794 10.790 10.457 6.523 1.485 7.705 4.988 11.618 6.121 6.234 5.620 12.150 6.784 6.160 6.790 6.711 3.881 5.355 2.275 8.421 4.968 7.714 2.315 9.224 4.014 5.980 3.673 14.291 5.638 6.599 4.701 11.538 8.304 5.080 8.960 5.760 10.378 11.551 10.034 9.537 11.179 11.220 5.364 4.582 8.340 11.711 6.517 3.003 7.658 5.991 9.218 13.541 7.251 8.985 6.003 3.406 12.286 12.254 7.600 5.173 13.026 4.262 11.349 11.098 8.991 9.138 6.102 3.873 3.438 12.459 11.549 10.161 8.607 2.026 9.946 2.340 9.294 1.294 7.406 5.487 8.618 1.474 12.345 13.637 7.274 13.962 10.281 8.284 14.657 4.833 8.871 6.009 5.123 9.843 9.224 7.985 3.934 6.131 6.204 8.293 6.052 8.538 8.915 11.843 6.939 10.153 7.198 12.137 11.763 6.219 11.458 2.655 1.227 4.837 6.505 10.523 10.550 10.127 11.421 3.886 13.362 4.237 10.987 5.931 7.002 12.585 13.910 4.557 5.887 7.109 4.383 8.921 5.160 7.329 3.301 3.314 4.395 1.827 3.284 5.482 8.252 2.619 7.641 3.362 9.354 9.221 11.062 14.253 6.863 6.745 3.821 2.040 13.926 10.470 3.086 8.245 14.399 2.325 16.096 5.543 9.566 15.306 0.295 10.422 2.889 9.932 4.260 5.883 1.440 14.436 6.597 8.195 3.437 
8 8.552 17.020 9.478 6.287 5.930 16.421 5.124 0.000 5.831 13.077 8.436 8.767 3.021 17.581 13.859 18.996 8.317 2.614 16.264 5.186 14.932 18.427 13.890 14.304 11.576 5.990 6.887 8.828 15.337 1.290 10.155 2.968 17.249 3.914 1.945 11.281 4.350 8.045 7.126 7.254 11.256 9.103 5.605 3.693 9.152 4.936 10.811 3.712 18.597 2.431 4.696 6.738 14.790 13.266 1.982 14.036 1.274 15.310 15.283 13.121 14.613 16.003 16.339 1.689 9.493 13.454 16.833 8.996 5.165 12.776 0.927 13.809 18.658 6.997 14.103 1.030 5.162 16.838 17.327 12.652 9.581 18.050 3.079 14.898 16.217 12.559 10.051 6.273 8.237 8.327 15.788 16.345 9.301 6.599 7.146 8.776 3.215 13.931 3.846 12.111 2.929 12.970 4.697 17.414 18.341 5.421 18.440 15.166 10.946 19.598 9.934 8.557 10.510 10.151 11.993 10.350 4.886 1.788 2.433 1.211 13.387 7.587 13.299 11.131 15.933 6.461 13.339 9.225 17.254 10.660 10.333 16.506 6.476 4.559 7.172 10.639 14.554 15.140 10.752 16.513 8.019 17.130 1.099 14.010 8.765 11.629 17.668 18.318 5.569 10.928 9.678 9.358 13.944 1.446 12.302 2.380 4.207 7.307 6.100 1.845 5.242 10.844 7.726 12.619 7.042 6.738 9.539 15.326 18.734 4.600 7.366 8.421 5.668 18.550 15.491 3.561 9.653 18.898 6.485 20.793 5.746 14.159 20.065 5.314 9.882 7.968 14.093 3.387 7.340 3.684 18.842 11.557 9.244 8.552 
9 9.349 20.288 12.964 11.978 3.403 13.461 6.807 5.831 0.000 9.958 12.524 9.538 6.812 15.031 9.777 17.761 13.709 8.322 16.281 1.017 18.358 15.811 17.570 17.238 10.977 6.268 1.073 6.538 18.410 5.300 13.037 8.680 17.343 9.728 4.431 13.420 10.111 10.686 11.512 7.508 15.123 7.113 1.538 4.620 14.534 9.496 9.604 3.254 20.860 8.209 1.340 10.931 18.337 12.042 7.663 14.505 7.088 16.325 11.477 16.807 15.044 17.302 16.223 4.198 8.813 13.071 16.328 5.011 9.042 12.964 6.421 11.541 17.939 1.289 13.743 6.630 3.622 14.169 16.256 13.358 11.900 16.655 3.134 18.154 16.104 15.798 15.054 11.387 10.653 7.947 19.264 14.284 14.932 1.997 8.201 3.233 4.909 11.746 6.357 10.348 2.920 15.269 5.355 17.735 15.894 11.139 20.416 16.332 14.936 17.762 9.916 2.726 12.663 9.696 7.011 4.879 10.715 6.827 8.264 6.720 13.779 3.266 11.485 6.330 18.548 0.760 16.940 13.586 17.116 5.133 12.999 15.342 5.584 5.580 4.028 13.276 17.263 16.984 5.026 16.715 10.692 20.138 5.100 17.757 5.269 9.788 17.877 15.263 2.605 11.842 13.701 10.668 12.892 4.399 13.357 6.913 8.586 10.977 8.614 5.576 10.420 6.444 8.768 13.633 10.110 12.570 3.784 12.276 20.698 10.356 12.369 7.434 5.357 15.906 14.270 7.925 14.389 20.826 9.116 18.185 10.791 11.849 17.650 7.101 4.100 9.113 11.022 2.926 3.089 6.113 20.937 10.583 14.149 9.349 
10 7.455 17.613 12.890 16.849 7.397 3.512 9.044 13.077 9.958 0.000 13.690 7.416 11.340 5.106 2.447 8.624 17.204 15.489 9.057 9.529 16.398 5.862 16.293 14.648 5.201 7.608 9.873 4.262 15.772 13.486 11.897 14.536 9.985 15.740 12.981 10.835 15.728 10.507 13.649 6.999 14.909 4.102 11.494 9.415 17.805 12.938 4.050 9.546 16.259 14.434 10.982 13.027 16.614 4.379 13.820 8.587 14.133 10.686 2.616 15.741 8.860 11.858 8.811 12.278 5.155 6.342 8.320 4.960 11.806 7.278 13.996 2.306 9.367 9.061 6.748 14.105 8.002 4.229 7.503 8.358 10.431 7.470 10.388 15.922 8.726 14.197 17.220 14.922 10.149 5.923 17.199 4.710 18.958 11.686 7.933 11.052 9.944 2.562 10.080 2.916 11.438 12.178 8.594 10.634 5.984 16.317 15.406 10.943 15.018 8.104 6.132 9.393 10.488 5.387 5.102 7.046 16.949 12.603 14.844 14.289 8.041 6.693 3.073 4.853 15.046 9.345 15.674 14.840 9.466 11.827 11.512 6.633 6.713 8.838 6.237 11.607 14.258 12.545 8.180 9.667 10.559 17.004 11.979 16.566 4.728 2.803 10.579 5.363 8.059 8.078 14.277 8.412 5.099 12.258 8.956 12.103 12.336 12.213 9.906 11.462 14.451 4.089 7.850 9.026 10.975 18.393 8.463 2.336 15.617 15.891 15.325 5.276 7.544 5.953 5.731 12.124 16.138 15.664 10.123 8.228 14.420 2.442 7.722 9.091 10.267 7.988 1.069 10.115 6.873 10.066 16.036 4.454 16.332 7.455 
11 6.240 8.657 1.636 5.521 10.145 15.891 6.037 8.436 12.524 13.690 0.000 6.298 5.884 16.190 15.650 15.417 4.229 8.369 11.455 11.529 6.550 16.973 5.460 6.242 9.256 7.277 13.514 10.383 7.116 9.726 3.041 6.378 12.136 6.718 10.272 4.878 6.157 3.195 1.389 7.036 2.821 10.113 13.104 7.924 4.523 3.506 9.757 9.270 10.808 6.898 11.983 1.703 6.376 11.119 6.847 9.161 8.064 9.337 16.306 4.696 9.625 9.524 11.700 9.687 8.535 10.016 12.631 12.393 3.516 8.754 8.830 12.969 14.410 13.163 10.411 8.684 9.404 15.778 13.824 7.905 3.844 14.869 9.531 6.589 11.601 4.391 3.542 3.202 3.575 7.885 7.379 14.496 5.995 14.087 5.960 15.747 7.618 12.933 6.171 11.194 10.434 5.797 7.459 11.966 16.649 5.713 10.918 9.019 2.518 16.784 7.727 14.822 4.462 8.433 15.659 15.245 7.392 6.657 7.414 8.828 8.835 12.085 11.986 14.748 8.016 12.790 4.931 1.193 12.458 17.622 3.502 13.317 8.498 7.162 10.834 3.709 6.669 8.127 16.164 11.395 3.141 8.881 8.270 5.574 11.736 11.037 12.327 17.557 10.536 6.674 1.243 5.531 11.310 9.405 7.164 6.164 4.262 1.653 4.312 7.351 3.856 13.989 5.886 7.419 2.851 7.519 15.246 15.190 11.202 6.079 2.592 8.688 8.040 17.116 12.636 4.948 2.448 11.388 3.893 18.950 3.306 13.266 18.036 5.786 16.368 5.711 14.321 9.663 11.919 6.412 11.183 9.785 2.705 6.240 
12 0.217 11.393 5.499 10.218 6.221 9.671 3.653 8.767 9.538 7.416 6.298 0.000 5.934 10.176 9.492 10.462 10.063 10.407 7.500 8.575 9.755 10.998 9.353 8.260 3.256 3.343 10.220 4.704 9.462 9.771 4.667 8.815 8.498 9.855 9.768 4.196 9.621 3.103 6.426 2.030 7.606 4.246 10.736 5.701 10.580 6.305 3.462 6.863 11.384 8.970 9.696 5.858 9.871 5.174 8.484 5.325 9.314 6.884 10.026 8.702 5.900 7.795 7.572 8.962 2.278 4.786 8.104 7.181 5.146 4.008 9.617 6.733 9.950 9.576 5.401 9.614 5.926 9.662 8.777 3.998 3.185 9.638 7.620 9.395 7.450 7.285 9.839 7.990 2.736 2.016 10.639 8.585 11.863 11.500 1.629 12.348 5.894 6.724 4.921 4.921 8.909 5.980 4.578 8.708 10.746 9.893 10.890 6.845 7.669 11.390 1.524 10.967 3.568 2.161 10.108 10.381 10.991 7.442 9.508 9.815 4.646 7.609 5.811 9.271 9.271 9.430 8.703 7.432 8.487 13.973 4.370 8.043 3.999 4.528 6.229 4.546 8.108 7.466 11.498 7.772 3.157 11.044 7.888 9.606 6.444 4.740 8.939 11.411 6.959 2.341 6.866 1.274 5.615 8.775 3.851 6.765 6.028 4.912 3.182 6.934 7.785 8.391 1.044 4.144 3.733 12.035 10.906 8.912 11.169 9.712 8.171 2.880 4.206 11.138 7.130 6.149 8.741 11.294 3.151 13.157 7.591 7.048 12.297 3.453 12.453 0.865 8.023 7.536 7.545 5.090 11.425 3.616 8.974 0.217 
13 5.726 14.240 6.677 5.826 5.225 14.446 2.464 3.021 6.812 11.340 5.884 5.934 0.000 15.397 12.580 16.343 7.063 4.505 13.377 5.869 12.185 16.245 11.225 11.416 8.957 3.752 7.854 7.145 12.491 4.226 7.209 3.203 14.338 4.400 4.561 8.265 4.417 5.036 4.745 4.738 8.639 7.238 7.244 2.537 7.862 2.685 8.441 3.643 15.625 3.177 6.134 4.211 12.083 10.761 2.617 11.107 3.383 12.309 13.773 10.450 11.682 12.985 13.475 3.884 7.045 10.704 14.038 8.149 2.384 9.918 3.767 11.655 15.883 7.640 11.331 3.732 4.359 14.724 14.659 9.709 6.566 15.459 3.712 12.098 13.354 9.730 8.247 4.657 5.218 5.898 13.064 14.012 8.503 8.239 4.364 10.039 2.039 11.739 1.262 9.856 4.550 9.974 2.834 14.469 16.096 5.144 15.440 12.156 8.384 17.111 7.237 9.324 7.491 7.573 11.439 10.355 5.609 1.508 3.667 3.928 10.480 7.217 10.997 10.515 12.996 7.197 10.637 6.859 14.382 11.944 7.355 13.882 4.673 2.546 6.298 7.661 11.624 12.124 11.061 13.593 5.013 14.281 2.485 11.373 7.695 9.438 14.737 16.325 5.301 7.987 7.113 6.396 11.360 3.613 9.320 0.843 1.774 4.518 3.087 1.491 3.772 9.994 4.895 9.638 4.069 7.114 9.983 13.436 15.733 4.600 5.580 6.222 3.866 16.376 12.908 1.135 7.585 15.895 3.464 18.556 4.053 12.004 17.769 2.559 10.829 5.095 12.272 3.888 6.997 1.289 15.853 9.056 7.337 5.726 
14 10.312 17.606 14.984 20.365 12.259 1.857 12.946 17.581 15.031 5.106 16.190 10.176 15.397 0.000 6.352 4.630 20.190 19.805 7.351 14.543 16.952 0.849 17.232 15.103 6.971 11.700 14.977 8.899 16.025 18.162 13.685 18.564 7.859 19.711 17.756 12.112 19.580 13.096 16.549 10.682 16.588 8.519 16.569 13.893 20.648 16.417 6.984 14.282 15.210 18.573 16.001 16.011 17.271 5.074 17.996 8.294 18.509 9.923 4.808 16.869 8.227 10.955 6.990 17.007 8.399 6.444 5.986 10.056 15.246 7.784 18.508 3.773 6.004 14.164 6.329 18.587 12.745 0.888 4.444 8.900 12.427 3.694 15.154 16.388 6.974 15.284 19.671 18.166 12.691 9.512 17.591 1.759 21.997 16.788 11.316 16.119 14.369 3.664 14.157 5.541 16.294 12.815 12.907 8.596 0.885 19.980 14.191 10.309 16.822 3.330 8.652 14.468 12.094 8.070 9.775 11.990 20.900 16.807 19.046 18.780 8.133 11.773 4.430 9.756 14.885 14.436 16.706 17.200 7.175 16.769 13.213 4.057 11.108 13.089 11.184 13.189 14.534 12.224 13.052 7.944 13.154 16.798 16.504 17.514 9.767 5.975 8.362 1.699 12.985 9.600 16.425 10.676 4.957 16.949 9.693 16.220 16.007 15.008 13.251 15.834 17.923 9.107 10.991 9.590 13.888 22.118 13.477 2.931 14.323 19.704 18.307 9.210 11.913 0.980 4.020 15.964 18.537 14.305 13.304 3.224 17.759 3.423 2.620 12.902 15.252 10.981 4.077 14.905 11.942 14.207 14.811 6.566 18.890 10.312 
15 9.497 20.021 14.989 18.301 7.939 4.501 10.494 13.859 9.777 2.447 15.650 9.492 12.580 6.352 0.000 10.512 18.913 16.399 11.425 9.592 18.754 6.923 18.594 17.027 7.595 9.010 9.430 5.506 18.164 14.051 14.092 15.705 12.319 16.923 13.420 13.148 16.994 12.516 15.461 8.708 17.081 5.608 11.255 10.364 19.566 14.496 6.314 10.169 18.705 15.519 10.974 14.818 18.956 6.816 14.890 11.033 15.017 13.130 1.776 18.016 11.300 14.301 11.162 12.804 7.218 8.786 10.587 4.961 13.417 9.717 14.744 4.617 11.457 8.671 9.178 14.884 8.700 5.489 9.602 10.786 12.610 9.384 10.928 18.291 11.083 16.495 19.137 16.553 12.185 7.766 19.569 6.545 20.618 11.233 9.736 10.137 10.922 4.861 11.356 5.334 11.789 14.557 9.749 12.987 7.215 17.693 17.848 13.389 17.158 9.636 8.346 8.557 12.750 7.607 3.480 5.852 18.123 13.683 15.868 15.051 10.486 6.644 5.494 3.671 17.473 9.070 17.966 16.825 11.767 10.546 13.734 8.788 7.925 10.034 6.696 13.852 16.658 14.987 6.810 12.042 12.564 19.428 12.771 18.864 5.095 5.146 12.909 5.929 8.427 10.411 16.337 10.587 7.507 12.838 11.363 13.270 13.802 14.101 11.633 12.430 15.975 3.334 9.764 11.446 12.853 19.694 7.414 3.482 18.057 17.180 17.068 6.990 8.715 6.972 7.981 13.490 18.089 18.101 11.918 9.067 16.015 4.659 8.791 10.597 9.101 9.954 2.760 10.629 6.873 11.292 18.478 6.840 18.225 9.497 
16 10.658 14.558 13.936 20.374 14.571 6.302 13.933 18.996 17.761 8.624 15.417 10.462 16.343 4.630 10.512 0.000 19.635 20.844 4.300 17.077 14.385 4.626 14.964 12.599 7.420 13.039 17.946 11.231 13.282 19.829 12.500 19.276 4.226 20.295 19.617 10.683 20.023 12.734 16.140 11.741 15.014 10.682 19.263 15.493 19.922 16.624 8.355 16.243 11.551 19.429 18.497 15.732 14.766 5.828 18.930 6.317 19.691 7.073 9.215 14.787 5.944 7.802 3.960 18.817 9.545 5.693 2.866 13.116 15.507 6.757 19.893 6.454 1.649 17.133 5.137 19.921 14.820 5.277 1.686 7.512 11.604 1.155 17.117 13.789 4.024 13.299 18.610 17.999 12.339 10.696 14.852 3.971 21.412 19.680 11.980 19.448 15.861 6.211 15.226 7.414 18.376 10.716 14.375 4.879 4.088 20.179 10.480 7.497 15.344 2.001 9.107 17.784 10.965 8.845 13.700 15.639 21.406 17.845 19.962 20.122 6.582 14.661 6.288 13.472 11.901 17.290 14.556 16.211 3.575 20.391 12.009 2.498 12.865 14.463 13.735 11.880 11.932 9.383 16.793 4.679 12.791 13.647 18.005 15.235 12.629 7.974 4.533 6.113 15.375 8.907 15.295 10.406 5.070 18.694 8.263 17.184 16.458 14.631 13.615 17.155 18.019 12.669 11.476 8.029 13.744 22.296 16.986 7.068 10.551 20.094 17.858 10.775 13.549 4.702 3.551 16.611 17.493 10.491 13.495 4.851 17.720 6.226 3.995 13.793 18.805 11.326 7.838 16.924 14.775 15.349 11.057 7.489 17.977 10.658 
17 9.956 11.218 5.799 2.503 12.228 19.730 8.512 8.317 13.709 17.204 4.229 10.063 7.063 20.190 18.913 19.635 0.000 6.947 15.681 12.833 9.226 20.994 7.951 9.616 13.219 9.981 14.777 13.434 10.164 9.449 7.242 5.406 16.345 4.911 10.248 9.090 4.283 7.103 3.643 10.233 5.767 13.308 13.825 9.588 0.836 4.542 13.481 10.674 14.166 5.998 12.806 4.211 8.899 15.124 6.339 13.390 7.379 13.495 19.799 7.366 13.853 13.580 15.928 9.946 12.145 14.169 16.858 14.981 5.518 12.938 8.256 16.792 18.639 14.649 14.595 8.046 11.377 19.714 18.030 12.124 8.036 19.062 10.580 9.498 15.830 7.841 2.304 2.438 7.510 11.281 9.834 18.536 1.808 14.835 9.271 16.873 9.102 16.787 7.991 14.965 11.046 9.807 9.616 16.148 20.701 3.260 14.482 13.157 5.319 20.963 11.572 16.324 8.691 12.221 18.311 17.400 4.867 6.909 6.277 8.105 13.055 14.237 15.871 17.381 11.409 14.176 7.687 3.668 16.681 18.785 7.716 17.496 11.167 9.295 13.202 7.904 10.195 12.073 18.124 15.609 7.044 11.737 8.698 7.919 14.429 14.726 16.516 21.472 12.361 10.822 4.660 9.534 15.395 9.670 11.391 6.805 5.388 5.182 7.305 8.134 3.305 16.755 9.404 11.647 6.331 4.054 17.039 18.930 14.748 4.063 1.894 11.967 10.495 21.137 16.774 5.935 2.790 14.941 7.086 23.048 3.033 17.110 22.148 8.363 17.794 9.327 17.952 10.811 14.026 8.156 14.635 13.668 2.113 9.956 
18 10.204 16.991 9.729 4.552 8.501 18.750 6.953 2.614 8.322 15.489 8.369 10.407 4.505 19.805 16.399 20.844 6.947 0.000 17.768 7.755 14.883 20.654 13.724 14.573 13.462 8.105 9.349 11.228 15.483 3.090 10.711 1.996 18.696 2.036 3.999 12.140 2.666 8.952 6.980 9.216 11.108 11.439 7.861 6.083 7.742 5.071 12.898 6.305 19.071 1.552 7.096 6.817 14.671 15.257 1.928 15.455 1.383 16.464 17.774 12.988 16.023 17.010 17.887 4.127 11.519 15.190 18.498 11.580 5.821 14.352 1.901 16.040 20.350 9.534 15.808 1.693 7.704 19.099 19.159 14.046 10.489 19.964 5.693 14.953 17.768 12.739 9.027 5.499 9.237 10.360 15.674 18.472 7.506 8.800 8.864 11.081 5.546 16.141 5.683 14.277 5.405 13.646 6.932 18.771 20.529 3.708 19.059 16.261 10.730 21.610 11.741 11.037 11.419 12.074 14.605 12.945 2.558 3.020 0.987 1.607 14.862 10.198 15.440 13.740 16.310 8.990 13.251 8.857 18.784 12.912 10.994 18.386 8.796 6.726 9.738 11.291 14.936 15.935 13.305 17.941 8.912 17.249 3.652 13.794 11.316 13.830 19.061 20.643 8.176 12.344 9.536 10.739 15.865 3.949 13.577 3.663 4.740 7.691 7.372 4.027 4.581 13.436 9.377 13.894 7.851 4.411 12.079 17.689 19.351 2.884 6.575 10.595 7.966 20.782 17.413 4.359 8.918 19.527 7.628 22.990 5.152 16.391 22.223 7.064 12.285 9.554 16.479 6.001 9.952 5.608 19.392 13.549 8.378 10.204 
19 7.716 10.434 9.899 16.675 12.892 8.347 11.153 16.264 16.281 9.057 11.455 7.500 13.377 7.351 11.425 4.300 15.681 17.768 0.000 15.437 10.113 7.782 10.665 8.311 5.312 10.627 16.710 9.956 9.042 17.267 8.450 16.025 1.062 16.931 17.226 6.602 16.579 9.099 12.331 9.239 10.788 9.332 17.671 13.099 15.897 13.144 6.792 14.114 7.861 16.269 16.742 12.004 10.486 4.803 15.842 2.357 16.756 2.794 10.700 10.491 1.838 3.664 0.371 16.417 7.476 3.232 1.502 12.346 12.109 3.500 17.104 6.808 2.995 15.944 2.585 17.092 12.898 7.556 3.138 3.753 7.771 4.241 14.937 9.520 0.380 9.016 14.484 14.263 8.735 8.448 10.620 5.794 17.421 18.275 9.128 18.553 13.351 6.567 12.418 6.635 16.235 6.437 11.953 1.589 7.264 16.587 6.853 3.216 11.137 6.116 6.523 16.956 7.010 6.604 13.946 15.359 17.966 14.875 16.827 17.291 2.905 13.561 6.005 13.449 7.730 15.967 10.257 12.145 1.028 19.833 7.970 3.295 10.836 11.956 12.369 7.801 7.655 5.136 16.567 0.627 9.151 9.568 15.386 10.937 11.701 7.113 1.622 9.051 13.708 5.426 11.196 7.030 3.985 16.244 4.362 14.189 13.140 10.891 10.395 14.434 14.426 12.529 8.539 4.075 10.182 18.650 16.440 8.552 7.000 16.615 13.985 8.854 11.343 7.906 3.609 13.418 13.387 6.996 10.164 8.849 14.059 6.792 7.914 10.951 18.222 8.300 8.718 14.806 13.606 12.590 7.479 5.799 13.910 7.716 
20 8.382 19.271 11.950 11.189 2.552 13.042 5.790 5.186 1.017 9.529 11.529 8.575 5.869 14.543 9.592 17.077 12.833 7.755 15.437 0.000 17.341 15.342 16.555 16.224 10.152 5.280 1.992 5.852 17.394 4.851 12.020 7.926 16.497 9.021 4.052 12.419 9.365 9.669 10.539 6.547 14.114 6.396 2.235 3.614 13.652 8.553 8.832 2.263 19.870 7.489 1.458 9.950 17.320 11.308 6.916 13.607 6.459 15.394 11.236 15.792 14.153 16.356 15.392 3.653 7.961 12.245 15.541 4.678 8.060 12.080 5.870 10.965 17.188 1.844 12.921 6.067 2.649 13.698 15.540 12.434 10.889 15.987 2.271 17.137 15.272 14.781 14.116 10.483 9.638 7.046 18.247 13.703 14.108 2.925 7.208 4.218 3.925 11.158 5.359 9.670 2.414 14.267 4.339 16.868 15.394 10.366 19.438 15.391 13.932 17.169 9.017 3.496 11.659 8.836 7.107 5.210 10.059 6.001 7.598 6.180 12.883 2.949 10.831 6.337 17.543 1.345 15.924 12.602 16.292 6.101 11.984 14.632 4.661 4.563 3.384 12.263 16.253 16.005 5.567 15.855 9.675 19.125 4.344 16.743 4.801 9.112 17.022 14.879 1.733 10.892 12.700 9.686 12.145 3.807 12.408 6.028 7.642 9.973 7.598 4.704 9.533 6.301 7.781 12.688 9.095 11.893 4.364 11.864 19.721 9.606 11.444 6.584 4.378 15.444 13.559 6.993 13.428 19.852 8.100 17.730 9.883 11.285 17.156 6.084 4.967 8.126 10.599 2.022 2.727 5.117 19.955 9.797 13.204 8.382 
21 9.850 2.109 5.510 11.408 15.454 17.374 11.552 14.932 18.358 16.398 6.550 9.755 12.185 16.952 18.754 14.385 9.226 14.883 10.113 17.341 0.000 17.553 1.278 1.849 11.203 12.330 19.249 14.456 1.240 16.220 5.355 12.905 10.228 13.120 16.706 5.651 12.516 7.684 7.928 11.469 3.777 13.973 19.179 13.783 8.914 10.038 12.453 15.171 5.177 13.438 18.050 8.214 0.434 12.495 13.397 8.659 14.613 7.320 18.816 1.914 8.773 6.651 10.473 16.064 11.800 10.655 11.608 16.922 9.824 9.392 15.370 14.832 12.907 18.753 10.644 15.229 14.884 16.876 13.205 8.234 6.680 14.328 15.609 0.598 10.431 2.567 7.058 9.479 7.763 11.770 0.908 15.212 10.382 20.113 10.481 21.484 13.615 14.687 12.142 13.495 16.662 4.252 13.015 9.695 17.086 11.858 5.776 6.897 4.170 16.228 10.510 20.315 6.191 11.219 19.838 20.088 13.605 13.145 13.944 15.376 8.867 17.153 13.756 19.017 2.810 18.475 1.633 6.072 10.829 23.268 5.487 13.124 13.388 12.779 15.783 5.256 2.461 5.007 21.168 9.707 7.674 2.511 14.653 1.367 16.189 13.614 10.087 18.595 16.035 8.345 5.349 8.492 12.208 15.790 7.522 12.598 10.726 7.670 9.748 13.675 10.312 18.124 10.057 7.525 8.291 13.237 20.464 17.089 5.988 12.394 8.520 12.635 13.238 17.689 12.934 11.386 6.459 6.180 9.246 18.919 9.742 15.018 17.974 11.259 21.855 9.732 16.643 15.681 17.046 12.396 5.739 11.945 7.133 9.850 
22 11.137 18.134 15.742 21.196 13.079 2.452 13.794 18.427 15.811 5.862 16.973 10.998 16.245 0.849 6.923 4.626 20.994 20.654 7.782 15.342 17.553 0.000 17.873 15.705 7.779 12.549 15.732 9.729 16.596 19.001 14.426 19.411 8.197 20.557 18.588 12.822 20.423 13.895 17.355 11.529 17.305 9.358 17.349 14.738 21.443 17.251 7.828 15.115 15.608 19.422 16.799 16.823 17.881 5.870 18.845 8.900 19.357 10.433 5.289 17.532 8.792 11.426 7.414 17.843 9.243 7.146 6.356 10.822 16.080 8.486 19.354 4.619 6.128 14.921 6.980 19.433 13.576 1.644 4.746 9.583 13.192 3.846 15.985 16.982 7.410 15.952 20.441 18.987 13.489 10.359 18.168 2.483 22.802 17.547 12.156 16.821 15.215 4.512 15.005 6.389 17.119 13.457 13.754 8.929 0.548 20.817 14.573 10.829 17.549 3.028 9.474 15.178 12.832 8.903 10.384 12.651 21.745 17.656 19.895 19.626 8.787 12.548 5.272 10.417 15.412 15.206 17.361 17.970 7.504 17.416 13.951 4.508 11.953 13.937 11.992 13.917 15.119 12.758 13.687 8.352 13.954 17.305 17.348 18.155 10.555 6.823 8.667 1.494 13.798 10.356 17.181 11.470 5.696 17.787 10.382 17.069 16.848 15.813 14.086 16.682 18.755 9.804 11.824 10.264 14.702 22.956 14.158 3.609 14.691 20.546 19.115 10.058 12.759 0.144 4.635 16.809 19.306 14.662 14.132 2.395 18.585 4.269 1.886 13.748 15.917 11.809 4.812 15.734 12.722 15.055 15.185 7.394 19.669 11.137 
23 9.422 3.310 4.613 10.155 14.784 17.521 10.790 13.890 17.570 16.293 5.460 9.353 11.225 17.232 18.594 14.964 7.951 13.724 10.665 16.555 1.278 17.873 0.000 2.435 11.144 11.681 18.492 14.046 2.373 15.180 4.753 11.759 10.892 11.925 15.702 5.458 11.313 6.984 6.815 10.930 2.641 13.599 18.320 12.963 7.636 8.966 12.281 14.349 6.407 12.304 17.191 7.152 0.963 12.582 12.293 8.990 13.511 7.904 18.777 0.775 9.181 7.386 11.012 15.087 11.500 10.835 12.136 16.443 8.845 9.525 14.288 14.870 13.550 18.034 10.903 14.139 14.169 17.090 13.689 8.373 6.187 14.816 14.737 1.657 10.959 2.100 5.781 8.281 7.121 11.348 1.954 15.477 9.107 19.273 9.899 20.735 12.756 14.744 11.279 13.423 15.744 4.417 12.263 10.415 17.429 10.626 6.939 7.482 2.995 16.744 10.266 19.629 5.862 10.997 19.460 19.562 12.374 12.106 12.798 14.279 9.099 16.554 13.793 18.613 3.876 17.729 0.654 4.876 11.454 22.549 4.988 13.526 12.790 12.010 15.200 4.809 3.144 5.697 20.609 10.314 6.966 3.788 13.670 0.283 15.720 13.491 10.811 18.840 15.324 8.219 4.229 8.123 12.381 14.808 7.611 11.587 9.696 6.713 8.966 12.713 9.145 17.742 9.530 7.668 7.460 11.970 19.848 17.152 7.166 11.184 7.296 12.219 12.571 18.013 13.239 10.370 5.192 7.361 8.466 19.367 8.573 15.080 18.419 10.502 21.176 9.221 16.617 14.828 16.432 11.531 6.949 11.866 5.864 9.422 
24 8.377 3.134 4.865 11.549 14.190 15.538 10.457 14.304 17.238 14.648 6.242 8.260 11.416 15.103 17.027 12.599 9.616 14.573 8.311 16.224 1.849 15.705 2.435 0.000 9.446 11.071 18.078 12.923 1.203 15.577 4.254 12.577 8.484 12.960 15.977 4.069 12.393 6.592 7.618 10.090 3.852 12.410 18.163 12.748 9.459 9.558 10.752 14.125 4.597 13.067 17.042 7.762 2.186 10.677 12.940 6.810 14.137 5.526 17.032 2.529 6.930 4.954 8.666 15.288 10.192 8.818 9.798 15.438 9.139 7.569 14.835 13.025 11.152 17.534 8.797 14.716 13.686 15.030 11.383 6.414 5.359 12.507 14.641 1.297 8.620 1.857 7.665 9.393 6.588 10.269 2.559 13.364 11.000 19.064 9.165 20.294 12.644 12.874 11.198 11.735 15.765 2.470 11.886 7.990 15.240 11.876 4.869 5.102 4.299 14.417 8.872 19.047 4.713 9.558 18.255 18.640 13.593 12.529 13.603 14.878 7.024 15.795 11.951 17.458 1.804 17.293 2.216 6.104 9.062 22.029 4.241 11.283 12.056 11.678 14.414 3.962 0.710 3.269 19.749 7.929 6.594 2.905 13.901 2.685 14.700 11.881 8.385 16.746 14.821 6.649 5.201 6.986 10.371 15.023 5.722 11.930 10.131 7.009 8.716 12.891 10.098 16.549 8.686 5.708 7.378 13.480 19.108 15.272 5.132 12.306 8.568 11.119 11.992 15.842 11.085 10.747 6.841 5.326 8.223 17.090 9.547 13.203 16.144 10.162 20.572 8.347 14.857 14.681 15.705 11.450 5.029 10.195 7.511 8.377 
25 3.418 12.426 8.154 13.473 7.601 6.670 6.523 11.576 10.977 5.201 9.256 3.256 8.957 6.971 7.595 7.420 13.219 13.462 5.312 10.152 11.203 7.779 11.144 9.446 0.000 5.640 11.399 4.684 10.573 12.431 6.973 11.979 6.374 13.057 12.264 5.699 12.850 6.129 9.578 4.322 9.977 4.057 12.386 8.117 13.684 9.560 1.586 8.980 11.348 12.086 11.487 9.045 11.428 1.921 11.563 3.854 12.282 5.941 7.633 10.629 4.300 7.085 5.246 11.457 2.221 2.094 5.432 7.173 8.398 2.312 12.472 3.809 7.176 10.636 2.769 12.501 7.667 6.523 5.751 3.241 5.593 6.503 9.835 10.722 5.126 9.061 12.770 11.223 5.725 3.315 11.998 5.340 15.026 12.969 4.620 13.269 8.459 3.732 7.814 2.292 11.121 6.976 6.984 6.809 7.505 13.147 10.596 6.107 10.147 8.179 1.758 11.694 5.452 1.431 9.276 10.313 14.211 10.450 12.605 12.702 3.170 8.274 2.766 8.623 9.899 10.655 10.540 10.307 6.141 14.614 6.539 4.937 5.624 7.055 7.059 6.585 9.063 7.491 11.517 5.777 6.187 11.845 10.593 11.421 6.488 2.463 6.921 8.301 8.420 2.942 9.593 3.725 2.406 11.318 3.770 9.799 9.252 8.037 6.420 9.735 11.042 7.679 4.178 3.868 6.926 15.290 11.263 6.097 10.836 12.950 11.337 3.575 6.224 7.921 3.952 9.318 11.643 10.912 6.407 9.904 10.839 4.072 9.041 6.398 13.011 4.101 5.474 9.672 8.308 7.931 11.207 0.756 11.960 3.418 
26 3.139 14.169 7.215 9.303 3.126 10.699 1.485 5.990 6.268 7.608 7.277 3.343 3.752 11.700 9.010 13.039 9.981 8.105 10.627 5.280 12.330 12.549 11.681 11.071 5.640 0.000 7.034 3.505 12.260 6.792 6.977 6.955 11.661 8.146 6.638 7.167 8.120 4.700 6.731 1.390 9.459 3.513 7.406 2.487 10.680 5.498 4.828 3.531 14.592 6.904 6.355 6.074 12.361 7.278 6.311 8.582 6.824 10.224 10.089 10.948 9.149 11.136 10.648 5.829 3.507 7.614 11.012 5.132 4.463 7.145 6.905 7.939 12.798 6.464 8.284 6.957 2.650 11.003 11.382 7.309 5.712 12.072 4.321 12.067 10.525 9.766 10.514 7.579 4.571 2.345 13.237 10.386 11.641 8.199 1.936 9.230 2.822 8.036 2.491 6.174 5.618 9.015 1.346 11.938 12.426 8.729 14.160 10.188 9.372 13.609 4.115 7.989 6.422 4.209 8.437 7.999 9.354 5.111 7.357 7.155 7.876 4.894 7.345 7.514 12.306 6.244 11.031 8.462 11.567 10.961 6.865 10.543 1.227 1.431 3.580 7.124 11.046 10.727 8.977 10.965 4.722 13.951 4.971 11.898 4.508 5.726 12.141 12.582 3.760 5.684 8.263 4.408 7.974 5.681 7.194 4.548 4.794 5.625 2.965 4.176 6.966 6.815 2.501 7.487 4.469 10.787 8.169 9.684 14.444 8.283 8.191 2.492 0.923 12.677 9.515 4.523 9.577 14.577 3.401 14.886 7.025 8.289 14.128 1.618 9.526 2.846 8.525 4.214 4.759 2.513 14.675 5.572 9.573 3.139 
27 10.040 21.151 13.898 13.051 4.001 13.337 7.705 6.887 1.073 9.873 13.514 10.220 7.854 14.977 9.430 17.946 14.777 9.349 16.710 1.992 19.249 15.732 18.492 18.078 11.399 7.034 0.000 6.815 19.259 6.299 13.908 9.750 17.772 10.790 5.412 14.200 11.180 11.565 12.531 8.198 16.077 7.421 1.946 5.591 15.601 10.539 9.956 4.255 21.591 9.275 2.271 11.942 19.241 12.321 8.733 15.033 8.137 16.913 11.172 17.734 15.558 17.923 16.630 5.236 9.292 13.483 16.666 4.928 10.051 13.474 7.449 11.615 18.220 0.818 14.146 7.662 4.394 14.102 16.491 13.941 12.723 16.822 4.198 19.026 16.513 16.683 16.101 12.448 11.510 8.517 20.156 14.349 16.005 1.821 8.968 2.244 5.917 11.833 7.343 10.564 3.964 16.047 6.235 18.198 15.851 12.211 21.109 16.943 15.903 17.828 10.468 1.692 13.456 10.182 6.431 4.135 11.766 7.900 9.320 7.743 14.306 3.285 11.658 5.849 19.340 0.792 17.856 14.592 17.508 4.110 13.847 15.571 6.224 6.483 4.343 14.118 18.075 17.686 4.103 17.170 11.575 20.970 6.172 18.686 5.326 10.005 18.320 15.090 3.278 12.485 14.678 11.392 13.185 5.448 13.992 7.978 9.628 11.947 9.526 6.643 11.485 6.112 9.512 14.258 11.041 13.624 2.859 12.152 21.388 11.426 13.422 7.924 6.111 15.820 14.505 8.973 15.420 21.510 10.027 18.081 11.851 11.907 17.594 7.995 3.027 9.859 10.920 3.980 3.175 7.104 21.644 10.948 15.191 10.040 
28 4.624 16.049 9.960 12.805 3.402 7.611 4.988 8.828 6.538 4.262 10.383 4.704 7.145 8.899 5.506 11.231 13.434 11.228 9.956 5.852 14.456 9.729 14.046 12.923 4.684 3.505 6.815 0.000 14.121 9.298 9.322 10.322 11.014 11.534 8.860 8.855 11.559 7.392 10.052 3.347 12.163 0.627 8.032 5.155 14.106 8.992 3.165 5.388 15.651 10.194 7.287 9.400 14.575 5.514 9.576 8.480 9.872 10.500 6.628 13.380 8.962 11.598 9.853 8.121 2.851 6.726 9.852 2.587 7.924 6.906 9.750 5.192 11.416 6.025 7.375 9.854 3.847 8.103 9.719 7.590 7.861 10.136 6.257 14.085 9.738 11.987 13.789 11.057 7.122 2.698 15.336 7.899 15.122 8.484 4.429 8.597 5.682 5.364 5.898 3.819 7.403 10.565 4.353 11.482 9.712 12.215 15.007 10.605 12.167 11.344 4.199 7.010 8.266 3.682 5.419 5.816 12.741 8.358 10.593 10.039 7.767 3.606 4.980 4.568 13.799 6.110 13.394 11.575 10.717 9.936 9.058 8.804 2.476 4.612 2.510 9.246 12.720 11.702 6.989 10.447 7.432 15.643 7.731 14.295 1.858 3.260 11.576 9.506 4.177 6.468 11.205 5.965 6.373 8.076 7.847 7.881 8.299 8.773 6.205 7.201 10.470 3.703 4.613 8.056 7.537 14.247 6.614 6.500 15.266 11.734 11.608 1.827 3.301 9.844 7.733 8.006 12.785 15.362 6.538 12.122 10.513 5.528 11.470 5.094 8.336 4.880 5.265 6.006 3.662 5.860 15.592 4.160 12.861 4.624 
29 9.580 1.932 5.861 12.239 15.382 16.542 11.618 15.337 18.410 15.772 7.116 9.462 12.491 16.025 18.164 13.282 10.164 15.483 9.042 17.394 1.240 16.596 2.373 1.203 10.573 12.260 19.259 14.121 0.000 16.617 5.392 13.491 9.094 13.801 17.047 5.270 13.216 7.742 8.504 11.290 4.499 13.605 19.314 13.899 9.916 10.524 11.910 15.280 4.050 14.000 18.190 8.708 1.674 11.733 13.907 7.746 15.114 6.251 18.124 2.809 7.805 5.502 9.406 16.371 11.380 9.835 10.543 16.639 10.179 8.623 15.835 14.094 11.775 18.721 9.764 15.708 14.869 15.995 12.160 7.478 6.549 13.276 15.777 0.717 9.373 2.779 8.075 10.187 7.757 11.470 1.580 14.302 11.418 20.222 10.359 21.478 13.779 13.934 12.324 12.856 16.884 3.619 13.055 8.536 16.117 12.630 4.571 5.833 4.931 15.155 10.054 20.241 5.916 10.733 19.443 19.842 14.366 13.554 14.524 15.864 8.027 16.995 13.025 18.651 1.570 18.475 2.482 6.816 9.712 23.221 5.413 12.130 13.254 12.841 15.615 5.141 1.525 3.907 20.952 8.605 7.741 1.793 14.975 2.532 15.901 13.019 8.925 17.687 16.007 7.817 5.988 8.188 11.381 16.103 6.821 12.972 11.143 8.031 9.859 13.974 10.955 17.740 9.886 6.780 8.484 14.122 20.309 16.322 4.795 13.112 9.293 12.319 13.180 16.731 12.006 11.776 7.376 4.989 9.362 17.880 10.393 14.259 16.939 11.323 21.767 9.547 15.948 15.825 16.905 12.577 4.580 11.325 8.053 9.580 
30 9.555 18.307 10.760 7.293 6.142 16.906 6.121 1.290 5.300 13.486 9.726 9.771 4.226 18.162 14.051 19.829 9.449 3.090 17.267 4.851 16.220 19.001 15.180 15.577 12.431 6.792 6.299 9.298 16.617 0.000 11.410 4.045 18.269 4.807 0.909 12.486 5.326 9.262 8.412 8.125 12.546 9.643 4.771 4.347 10.281 6.224 11.548 3.941 19.843 3.460 4.032 8.028 16.080 14.044 3.136 15.080 2.097 16.431 15.561 14.411 15.657 17.158 17.324 1.251 10.286 14.371 17.765 9.108 6.440 13.768 1.249 14.405 19.571 6.550 15.031 1.474 5.484 17.388 18.175 13.713 10.787 18.850 3.128 16.183 17.201 13.840 11.264 7.497 9.436 9.133 17.077 17.010 10.315 5.718 8.142 7.991 3.972 14.544 4.893 12.774 2.438 14.200 5.453 18.464 18.949 6.418 19.666 16.302 12.235 20.331 10.847 7.991 11.709 11.000 11.901 10.057 5.607 3.076 3.291 1.498 14.414 7.554 13.973 11.083 17.194 6.003 14.628 10.506 18.242 9.827 11.574 17.331 7.089 5.377 7.373 11.880 15.816 16.343 10.320 17.542 9.239 18.410 1.885 15.300 8.979 12.268 18.706 18.799 5.629 11.993 10.967 10.448 14.761 1.228 13.402 3.647 5.495 8.587 7.266 2.881 6.468 10.904 8.740 13.717 8.283 7.475 9.082 15.780 19.959 5.575 8.598 9.123 6.327 19.120 16.297 4.843 10.904 20.121 7.674 21.385 6.988 14.751 20.691 6.341 9.203 9.005 14.527 3.423 7.308 4.698 20.077 12.349 10.477 9.555 
